0,0,0,0,0,0,0,0,0,0,0,0,0,0,0,0,0,0,0,0,0,0,0,0,0,0,0,0,0,0,0,0,0,0,0,0,0,0,0,0,0,0,0,0,0,0,0,0,0,0,0,0,0,0,0,0,0,0,0,0,0,0,0,0,0,0,0,0,0,0,0,0,0,0,0,0,0,0,0,0,0,0,0,0,0,0,0,0,0,0,0,0,0,0,0,0,0,0,0,0,0,0,0,0,0,0,0,0,0,0,0,0,0,0,0,0,0,0,0,0,0,0,0,0,0,0,136,254,254,160,38,0,0,0,0,0,0,0,0,0,0,0,0,0,0,0,0,0,0,0,0,0,40,158,252,253,253,253,205,0,0,0,0,0,0,0,0,0,0,0,0,0,0,0,0,0,0,0,0,0,142,253,253,253,253,253,207,0,0,0,0,0,0,0,0,0,0,0,0,0,0,0,0,0,0,0,0,206,250,253,170,48,49,224,226,35,0,0,0,0,0,0,0,0,0,0,0,0,0,0,0,0,0,0,38,234,253,223,32,0,0,183,253,237,82,0,0,0,0,0,0,0,0,0,0,0,0,0,0,0,0,0,212,253,223,45,0,0,0,183,253,253,137,0,0,0,0,0,0,0,0,0,0,0,0,0,0,0,0,36,237,253,168,0,0,0,0,183,253,253,220,0,0,0,0,0,0,0,0,0,0,0,0,0,0,0,0,105,253,253,168,0,0,0,0,183,253,253,231,30,0,0,0,0,0,0,0,0,0,0,0,0,0,0,0,105,253,253,65,0,0,0,0,105,88,253,253,97,0,0,0,0,0,0,0,0,0,0,0,0,0,0,0,105,253,253,38,0,0,0,0,0,46,253,253,97,0,0,0,0,0,0,0,0,0,0,0,0,0,0,0,105,253,253,38,0,0,0,0,0,46,253,253,128,0,0,0,0,0,0,0,0,0,0,0,0,0,0,0,105,253,234,31,0,0,0,0,0,46,253,253,227,0,0,0,0,0,0,0,0,0,0,0,0,0,0,0,105,253,178,7,0,0,0,0,0,14,195,253,227,0,0,0,0,0,0,0,0,0,0,0,0,0,0,0,105,253,253,38,0,0,0,0,0,0,169,253,139,0,0,0,0,0,0,0,0,0,0,0,0,0,0,0,105,253,253,38,0,0,0,0,0,30,223,253,97,0,0,0,0,0,0,0,0,0,0,0,0,0,0,0,105,253,253,52,0,0,0,0,0,46,253,233,37,0,0,0,0,0,0,0,0,0,0,0,0,0,0,0,97,251,253,168,0,0,0,0,0,46,253,221,0,0,0,0,0,0,0,0,0,0,0,0,0,0,0,0,0,154,253,216,104,3,0,0,0,120,253,214,0,0,0,0,0,0,0,0,0,0,0,0,0,0,0,0,0,45,236,253,253,160,37,7,34,218,253,91,0,0,0,0,0,0,0,0,0,0,0,0,0,0,0,0,0,0,108,234,253,253,253,253,253,253,233,44,0,0,0,0,0,0,0,0,0,0,0,0,0,0,0,0,0,0,0,0,0,0,0,0,0,0,0,0,0,0,0,0,0,0,0,0,0,0,0,0,0,0,0,0,0,0,0,0,0,0,0,0,0,0,0,0,0,0,0,0,0,0,0,0,0,0,0,0,0,0,0,0,0,0,0,0,0,0,0,0,0,0,0,0,0,0,0,0,0,0,0,0,0,0,0,0,0,0,0,0,0,0,0,0,0,0,0,0,0,0,0,0,0,0,0,0,0,0,0,0
9,0,0,0,0,0,0,0,0,0,0,0,0,0,0,0,0,0,0,0,0,0,0,0,0,0,0,0,0,0,0,0,0,0,0,0,0,0,0,0,0,0,0,0,0,0,0,0,0,0,0,0,0,0,0,0,0,0,0,0,0,0,0,0,0,0,0,0,0,0,0,0,0,0,0,0,0,0,0,0,0,0,0,0,0,0,0,0,0,0,0,0,0,0,0,0,0,0,0,0,0,0,0,0,0,0,0,0,0,0,0,0,0,0,0,0,0,0,0,0,0,0,0,0,0,0,0,0,0,0,0,0,0,0,0,0,0,0,0,0,0,0,0,0,0,0,0,0,0,0,0,0,0,0,0,0,0,0,0,0,0,0,0,0,0,0,0,0,0,0,0,0,0,0,0,0,0,0,0,0,0,0,0,0,0,0,0,0,0,0,0,0,0,0,0,0,0,0,0,0,0,0,0,0,0,0,0,0,47,175,254,179,200,234,53,0,0,0,5,0,0,0,0,0,0,0,0,0,0,0,0,0,0,0,0,117,237,247,151,68,56,253,241,69,0,0,139,0,0,0,0,0,0,0,0,0,0,0,0,0,0,0,144,254,217,68,0,0,8,127,214,189,0,0,158,0,0,0,0,0,0,0,0,0,0,0,0,0,0,126,251,210,48,0,0,0,0,0,58,245,128,0,90,0,0,0,0,0,0,0,0,0,0,0,0,0,0,192,253,30,0,0,0,0,5,115,201,253,173,0,154,0,0,0,0,0,0,0,0,0,0,0,0,0,0,193,254,91,4,0,4,91,205,254,254,250,40,0,159,0,0,0,0,0,0,0,0,0,0,0,0,0,0,101,231,254,206,190,206,253,144,233,253,154,0,0,158,0,0,0,0,0,0,0,0,0,0,0,0,0,0,0,15,184,217,214,141,52,71,253,214,21,0,0,158,0,0,0,0,0,0,0,0,0,0,0,0,0,0,0,0,2,8,6,4,20,244,245,80,0,0,0,138,0,0,0,0,0,0,0,0,0,0,0,0,0,0,0,0,0,0,0,0,129,254,196,0,0,0,0,80,0,0,0,0,0,0,0,0,0,0,0,0,0,0,0,0,0,0,0,0,239,255,88,0,0,0,0,0,0,0,0,0,0,0,0,0,0,0,0,0,0,0,0,0,0,0,0,0,238,242,16,0,0,0,0,0,0,0,0,0,0,0,0,0,0,0,0,0,0,0,0,0,0,0,0,52,250,223,0,0,0,0,0,0,0,0,0,0,0,0,0,0,0,0,0,0,0,0,0,0,0,0,0,128,253,158,0,0,0,0,0,0,0,0,0,0,0,0,0,0,0,0,0,0,0,0,0,0,0,0,30,241,253,35,0,0,0,0,0,0,0,0,0,0,0,0,0,0,0,0,0,0,0,0,0,0,0,0,157,254,194,0,0,0,0,0,0,0,0,0,0,0,0,0,0,0,0,0,0,0,0,0,0,0,0,14,227,253,35,0,0,0,0,0,0,0,0,0,0,0,0,0,0,0,0,0,0,0,0,0,0,0,0,136,253,186,3,0,0,0,0,0,0,0,0,0,0,0,0,0,0,0,0,0,0,0,0,0,0,0,9,226,253,41,0,0,0,0,0,0,0,0,0,0,0,0,0,0,0,0,0,0,0,0,0,0,0,0,11,233,253,56,0,0,0,0,0,0,0,0,0,0,0,0,0,0,0,0,0,0,0,0,0,0,0,0,0,0,0,0,0,0,0,0,0,0,0,0,0,0,0,0,0,0
4,0,0,0,0,0,0,0,0,0,0,0,0,0,0,0,0,0,0,0,0,0,0,0,0,0,0,0,0,0,0,0,0,0,0,0,0,0,0,0,0,0,0,0,0,0,0,0,0,0,0,0,0,0,0,0,0,0,0,0,0,0,0,0,0,0,0,0,0,0,0,0,0,0,0,0,0,0,0,0,0,0,0,0,0,0,0,0,0,0,0,0,0,0,0,0,0,0,0,0,0,0,0,0,0,0,0,0,0,0,0,0,0,0,0,0,0,0,0,0,0,0,0,0,0,0,0,0,0,0,0,0,0,0,0,0,0,0,0,0,0,0,0,0,0,0,0,0,0,0,0,0,0,0,0,0,0,0,0,0,0,0,0,0,0,0,0,0,0,0,0,0,0,0,0,0,0,0,0,0,91,219,255,169,10,0,0,0,0,0,0,88,75,0,0,0,0,0,0,0,0,0,0,0,0,0,0,57,247,253,253,253,51,0,0,0,0,8,164,246,217,17,0,0,0,0,0,0,0,0,0,0,0,0,0,43,241,253,253,253,51,0,0,0,12,224,253,253,222,64,0,0,0,0,0,0,0,0,0,0,0,0,0,149,253,253,253,236,35,0,0,11,178,253,253,212,52,0,0,0,0,0,0,0,0,0,0,0,0,0,0,176,253,253,251,56,0,0,0,96,253,253,247,83,0,0,0,0,0,0,0,0,0,0,0,0,0,0,48,230,253,253,176,0,0,0,62,249,253,253,114,0,0,0,0,0,0,0,0,0,0,0,0,0,3,50,231,253,253,218,34,0,0,20,209,253,253,237,44,0,0,0,0,0,0,0,0,0,0,0,0,24,175,253,253,253,253,128,10,0,0,110,253,253,253,61,0,0,0,0,0,0,0,0,0,0,0,0,23,205,253,253,253,253,253,253,219,192,110,234,253,253,143,4,0,0,0,0,0,0,0,0,0,0,0,0,87,253,253,253,253,253,253,253,253,253,253,253,253,253,151,6,0,0,0,0,0,0,0,0,0,0,0,0,29,232,253,181,155,83,101,179,253,253,253,253,253,253,223,16,0,0,0,0,0,0,0,0,0,0,0,0,0,4,5,2,0,0,0,63,253,253,253,253,239,199,33,0,0,0,0,0,0,0,0,0,0,0,0,0,0,0,0,0,0,0,0,99,253,253,253,143,41,0,0,0,0,0,0,0,0,0,0,0,0,0,0,0,0,0,0,0,0,0,71,248,253,253,229,53,0,0,0,0,0,0,0,0,0,0,0,0,0,0,0,0,0,0,0,0,0,23,203,253,253,237,36,0,0,0,0,0,0,0,0,0,0,0,0,0,0,0,0,0,0,0,0,0,3,173,253,253,251,60,0,0,0,0,0,0,0,0,0,0,0,0,0,0,0,0,0,0,0,0,0,0,166,253,253,237,139,0,0,0,0,0,0,0,0,0,0,0,0,0,0,0,0,0,0,0,0,0,2,122,251,253,249,99,0,0,0,0,0,0,0,0,0,0,0,0,0,0,0,0,0,0,0,0,0,0,37,253,253,253,111,0,0,0,0,0,0,0,0,0,0,0,0,0,0,0,0,0,0,0,0,0,0,0,7,156,253,151,6,0,0,0,0,0,0,0,0,0,0,0,0,0,0,0,0,0,0,0,0,0,0,0,0,0,0,0,0,0,0,0,0,0,0,0,0,0,0,0,0,0,0,0,0,0,0,0,0,0,0,0,0,0,0,0,0,0,0,0,0,0,0,0,0,0,0,0,0,0,0,0,0
2,0,0,0,0,0,0,0,0,0,0,0,0,0,0,0,0,0,0,0,0,0,0,0,0,0,0,0,0,0,0,0,0,0,0,0,0,0,0,0,0,0,0,0,0,0,0,0,0,0,0,0,0,0,0,0,0,0,0,0,0,0,0,0,0,0,0,0,0,0,0,0,0,0,0,0,0,0,0,0,0,0,0,0,0,0,0,0,0,0,0,0,0,0,0,0,0,0,0,0,0,0,0,0,0,0,0,0,0,0,0,0,0,0,0,0,0,0,0,0,0,0,0,0,0,0,0,0,0,0,0,0,0,0,0,0,0,0,0,0,0,0,0,0,0,0,0,0,0,0,0,0,0,0,0,0,0,0,0,0,0,0,0,0,0,0,0,0,0,0,0,0,0,0,0,0,0,0,0,0,0,0,0,0,0,0,0,0,0,0,0,0,0,0,0,0,0,0,0,0,0,0,0,0,0,0,0,8,111,193,240,232,111,0,0,0,0,0,0,0,0,0,0,0,0,0,0,0,0,0,0,0,0,0,0,188,242,120,58,183,253,0,0,0,0,0,0,0,0,0,0,0,0,0,0,0,0,0,0,0,0,0,0,99,60,0,0,100,254,71,0,0,0,0,0,0,0,0,0,0,0,0,0,0,0,0,0,0,0,0,0,0,0,0,0,142,253,28,0,0,0,0,0,0,0,2,74,0,0,0,0,0,0,0,0,0,0,0,0,0,0,0,45,231,186,0,0,0,0,0,0,0,0,134,222,0,0,0,0,0,0,0,0,0,0,0,0,0,0,34,196,234,26,0,0,0,0,0,0,0,82,249,41,0,0,0,0,0,0,0,0,0,0,0,0,0,24,198,253,76,0,0,0,0,0,0,0,28,217,127,0,0,0,0,0,0,0,0,0,0,0,0,5,122,235,236,51,0,0,0,0,0,0,0,19,219,217,8,0,0,0,0,0,0,0,0,0,7,38,101,205,253,177,46,0,0,0,0,0,0,0,8,191,225,65,0,0,0,0,0,0,0,0,0,0,223,253,253,200,119,0,0,0,0,0,0,0,0,46,217,233,65,0,0,0,0,0,0,0,0,0,0,0,108,242,253,100,5,0,0,0,0,0,0,41,169,249,210,31,0,0,0,0,0,0,0,0,0,0,0,0,0,50,183,253,179,40,0,0,0,20,133,237,253,131,7,0,0,0,0,0,0,0,0,0,0,0,0,0,0,0,0,103,247,255,230,183,191,254,247,145,36,0,0,0,0,0,0,0,0,0,0,0,0,0,0,0,0,0,0,0,24,129,212,239,211,129,24,0,0,0,0,0,0,0,0,0,0,0,0,0,0,0,0,0,0,0,0,0,0,0,0,0,0,0,0,0,0,0,0,0,0,0,0,0,0,0,0,0,0,0,0,0,0,0,0,0,0,0,0,0,0,0,0,0,0,0,0,0,0,0,0,0,0,0,0,0,0,0,0,0,0,0,0,0,0,0,0,0,0,0,0,0,0,0,0,0,0,0,0,0,0,0,0,0,0,0,0,0,0,0,0,0,0,0,0,0,0,0,0,0,0,0,0,0,0,0,0,0,0,0,0,0,0,0,0,0,0,0,0,0,0,0,0,0,0,0,0,0,0,0,0,0,0,0,0,0,0,0,0,0,0,0,0,0,0,0,0,0,0,0,0,0,0,0,0,0,0,0,0,0,0,0,0,0,0,0,0,0,0,0,0,0,0,0,0,0,0,0,0,0,0,0,0,0,0,0,0,0,0,0,0,0,0,0
3,0,0,0,0,0,0,0,0,0,0,0,0,0,0,0,0,0,0,0,0,0,0,0,0,0,0,0,0,0,0,0,0,0,0,0,0,0,0,0,0,0,0,0,0,0,0,0,0,0,0,0,0,0,0,0,0,0,0,0,0,0,0,0,0,0,0,0,0,0,0,0,0,0,0,0,0,0,0,0,0,0,0,0,0,0,0,0,0,0,0,0,0,0,0,0,0,0,0,0,0,0,0,0,0,0,0,0,0,0,0,0,0,0,0,0,0,0,0,0,0,0,0,0,0,0,0,0,0,0,0,0,0,0,0,0,0,0,0,0,0,0,0,0,0,0,0,0,0,0,21,72,152,152,193,254,213,193,152,41,0,0,0,0,0,0,0,0,0,0,0,0,0,0,0,0,0,82,223,253,252,253,252,253,252,253,252,243,122,0,0,0,0,0,0,0,0,0,0,0,0,0,0,0,0,92,253,254,253,203,203,203,203,254,253,254,253,102,0,0,0,0,0,0,0,0,0,0,0,0,0,0,0,10,50,91,50,0,0,0,0,213,252,253,252,102,0,0,0,0,0,0,0,0,0,0,0,0,0,0,0,0,0,0,0,0,0,72,193,254,253,254,233,41,0,0,0,0,0,0,0,0,0,0,0,0,0,0,0,0,0,0,0,62,183,253,252,253,252,233,91,0,0,0,0,0,0,0,0,0,0,0,0,0,0,0,0,0,0,0,0,152,253,254,253,254,172,41,0,0,0,0,0,0,0,0,0,0,0,0,0,0,0,0,0,0,0,0,0,152,252,253,252,253,50,0,0,0,0,0,0,0,0,0,0,0,0,0,0,0,0,0,0,0,0,0,0,0,82,214,253,254,172,0,0,0,0,0,0,0,0,0,0,0,0,0,0,0,0,0,0,0,0,0,0,0,0,31,232,253,252,82,0,0,0,0,0,0,0,0,0,0,0,0,0,0,0,0,0,0,0,0,0,0,0,0,82,254,253,102,0,0,0,0,0,0,0,0,0,0,0,0,0,0,0,0,0,0,0,0,0,0,0,0,0,253,252,102,0,0,0,0,0,0,0,0,0,0,0,0,0,0,0,0,0,0,0,0,0,0,0,0,0,254,253,203,0,0,0,0,0,0,0,0,0,0,0,0,0,0,0,0,0,0,0,0,0,0,0,0,82,253,252,122,0,0,0,0,0,0,0,0,0,0,0,0,0,0,0,0,0,0,0,0,0,0,0,31,233,254,253,82,0,0,0,0,0,0,0,0,0,0,0,0,0,0,0,0,0,0,0,0,0,0,41,213,252,253,212,0,0,0,0,0,0,0,0,0,0,0,0,0,0,0,0,0,0,132,213,52,92,214,253,255,253,244,40,0,0,0,0,0,0,0,0,0,0,0,0,0,0,0,0,0,41,253,252,253,252,253,252,253,212,40,0,0,0,0,0,0,0,0,0,0,0,0,0,0,0,0,0,0,0,234,253,255,253,255,253,224,20,0,0,0,0,0,0,0,0,0,0,0,0,0,0,0,0,0,0,0,0,92,192,213,252,91,50,40,0,0,0,0,0,0,0,0,0,0,0,0,0,0,0,0,0,0,0,0,0,0,0,0,0,0,0,0,0,0,0,0,0,0,0,0,0,0,0,0,0,0,0,0,0,0,0,0,0,0,0,0,0,0,0,0,0,0,0,0,0,0,0,0,0,0,0,0,0,0,0,0,0,0,0,0,0,0,0,0,0,0,0,0,0,0,0,0,0,0,0,0,0,0,0,0,0
6,0,0,0,0,0,0,0,0,0,0,0,0,0,0,0,0,0,0,0,0,0,0,0,0,0,0,0,0,0,0,0,0,0,0,0,0,0,0,0,0,0,0,0,0,0,0,0,0,0,0,0,0,0,0,0,0,0,0,0,0,0,0,0,0,0,0,0,0,31,10,0,0,0,0,0,0,0,0,0,0,0,0,0,0,0,0,0,0,0,0,0,0,0,0,21,102,191,130,102,61,0,0,0,0,0,0,0,0,0,0,0,0,0,0,0,0,0,0,0,0,0,123,172,250,250,250,252,149,0,0,0,0,0,0,0,0,0,0,0,0,0,0,0,0,0,0,0,0,123,241,252,250,250,250,252,149,0,0,0,0,0,0,0,0,0,0,0,0,0,0,0,0,0,0,0,21,172,252,254,232,80,163,203,121,0,0,0,0,0,0,0,0,0,0,0,0,0,0,0,0,0,0,21,161,250,250,232,90,0,0,0,0,0,0,0,0,0,0,0,0,0,0,0,0,0,0,0,0,0,0,172,250,250,250,202,0,0,0,0,0,0,0,0,0,0,0,0,0,0,0,0,0,0,0,0,0,0,0,252,250,250,250,40,0,0,0,0,0,0,0,0,0,0,0,0,0,0,0,0,0,0,0,0,0,0,0,254,252,252,212,0,0,0,0,0,0,0,0,0,0,0,0,0,0,0,0,0,0,0,0,0,0,0,0,252,250,250,130,0,0,0,0,0,0,0,0,0,0,0,0,0,0,0,0,0,0,0,0,0,0,0,0,252,250,250,250,0,0,0,0,0,0,0,0,0,0,92,151,152,91,0,0,0,0,0,0,0,0,0,0,90,250,250,250,163,0,0,0,0,0,0,0,203,202,231,250,252,231,202,40,0,0,0,0,0,0,0,0,51,252,252,252,214,51,51,51,254,252,252,252,254,252,252,252,254,252,252,252,0,0,0,0,0,0,0,0,31,190,250,250,252,250,250,250,252,250,250,250,150,149,149,149,171,250,250,250,0,0,0,0,0,0,0,0,0,102,250,250,252,250,250,250,252,250,159,100,0,0,0,0,172,250,250,250,0,0,0,0,0,0,0,0,0,20,170,250,252,250,250,250,252,169,20,0,0,0,0,0,252,250,250,88,0,0,0,0,0,0,0,0,0,0,152,252,254,252,252,252,254,252,252,252,254,252,252,252,255,252,252,49,0,0,0,0,0,0,0,0,0,0,91,231,252,250,250,250,252,250,250,250,252,250,250,250,252,210,149,29,0,0,0,0,0,0,0,0,0,0,0,80,100,100,100,221,252,250,250,250,252,250,250,250,252,149,0,0,0,0,0,0,0,0,0,0,0,0,0,0,0,0,0,40,49,49,49,49,49,49,49,49,49,29,0,0,0,0,0,0,0,0,0,0,0,0,0,0,0,0,0,0,0,0,0,0,0,0,0,0,0,0,0,0,0,0,0,0,0,0,0,0,0,0,0,0,0,0,0,0,0,0,0,0,0,0,0,0,0,0,0,0,0,0,0,0,0,0,0,0,0,0,0,0,0,0,0,0,0,0,0,0,0,0,0,0,0,0,0,0,0,0,0,0,0,0,0,0,0,0,0,0,0,0,0,0,0,0,0,0,0,0,0,0,0,0,0,0,0,0,0,0,0,0,0,0,0,0,0,0,0,0,0,0,0,0,0,0,0,0,0,0,0,0,0,0,0,0,0,0,0,0,0,0,0,0,0,0,0,0,0,0,0,0,0,0,0,0,0,0,0,0,0,0,0,0
5,0,0,0,0,0,0,0,0,0,0,0,0,0,0,0,0,0,0,0,0,0,0,0,0,0,0,0,0,0,0,0,0,0,0,0,0,0,0,0,0,0,0,0,0,0,0,0,0,0,0,0,0,0,0,0,0,0,0,0,0,0,0,0,0,0,0,0,0,0,0,0,0,0,0,0,0,0,0,0,0,0,0,0,0,0,0,0,0,0,0,0,0,0,0,0,0,0,0,0,0,0,0,0,0,0,0,0,0,0,0,0,0,0,0,0,0,0,0,0,0,0,0,0,0,0,0,0,0,0,0,0,0,0,0,0,0,0,0,0,0,0,0,0,0,0,0,0,20,80,80,164,236,80,80,140,255,206,80,63,0,0,0,0,0,0,0,0,0,0,0,0,0,0,0,0,171,253,253,253,253,253,253,253,253,253,253,200,0,0,0,0,0,0,0,0,0,0,0,0,0,0,0,110,248,253,253,253,253,253,253,253,253,253,253,249,145,54,0,0,0,0,0,0,0,0,0,0,0,0,0,0,237,253,253,253,253,253,253,253,253,253,253,253,253,218,0,0,0,0,0,0,0,0,0,0,0,0,0,28,240,253,253,231,69,34,34,34,149,88,209,248,230,180,0,0,0,0,0,0,0,0,0,0,0,0,0,158,253,253,253,130,0,0,0,0,0,0,0,118,63,0,0,0,0,0,0,0,0,0,0,0,0,0,0,158,253,253,253,228,202,202,202,202,87,27,27,21,0,0,0,0,0,0,0,0,0,0,0,0,0,0,0,158,253,253,253,253,253,253,253,253,253,253,253,222,106,18,0,0,0,0,0,0,0,0,0,0,0,0,0,43,69,166,252,253,253,253,253,253,253,253,253,253,253,196,102,0,0,0,0,0,0,0,0,0,0,0,0,0,0,0,143,208,253,253,253,253,253,253,253,253,253,253,178,21,0,0,0,0,0,0,0,0,0,0,0,0,0,0,0,42,87,87,87,87,87,132,253,253,253,253,253,72,104,0,0,0,0,0,0,0,0,0,0,0,0,0,0,0,0,0,0,0,0,2,8,180,253,253,253,231,5,0,0,0,0,0,0,0,0,0,0,0,0,0,0,0,0,0,0,0,0,0,0,53,253,253,253,235,0,0,0,0,0,0,0,0,0,0,0,0,0,0,0,0,0,0,0,0,0,0,0,174,253,253,253,239,33,0,0,0,0,0,0,0,0,0,0,0,0,0,0,0,0,0,0,0,0,0,0,144,253,253,253,244,75,0,0,0,0,0,0,0,0,0,0,0,0,20,66,211,71,36,36,36,36,85,211,249,253,253,237,81,0,0,0,0,0,0,0,0,0,0,0,0,0,140,253,253,253,253,253,253,253,253,253,253,253,237,77,0,0,0,0,0,0,0,0,0,0,0,0,0,0,140,253,253,253,253,253,253,253,253,253,249,235,81,0,0,0,0,0,0,0,0,0,0,0,0,0,0,0,140,253,253,253,253,253,253,253,253,253,133,0,0,0,0,0,0,0,0,0,0,0,0,0,0,0,0,0,43,108,253,253,253,253,253,253,253,149,8,0,0,0,0,0,0,0,0,0,0,0,0,0,0,0,0,0,0,0,0,0,0,0,0,0,0,0,0,0,0,0,0,0,0,0,0,0,0,0,0,0,0,0,0,0,0,0,0,0,0,0,0,0,0,0,0,0,0,0,0,0,0,0,0,0,0,0,0,0,0,0,0,0,0,0,0,0,0,0,0,0,0,0,0,0,0,0,0,0,0,0,0,0
7,0,0,0,0,0,0,0,0,0,0,0,0,0,0,0,0,0,0,0,0,0,0,0,0,0,0,0,0,0,0,0,0,0,0,0,0,0,0,0,0,0,0,0,0,0,0,0,0,0,0,0,0,0,0,0,0,0,0,0,0,0,0,0,0,0,0,0,0,0,0,0,0,0,0,0,0,0,0,0,0,0,0,0,0,0,0,0,0,0,0,0,0,0,0,0,0,0,0,0,0,0,0,0,0,0,0,0,0,0,0,0,0,0,0,0,0,0,0,0,0,0,0,0,0,0,0,0,0,0,0,0,0,0,0,0,0,0,0,0,0,0,0,0,0,0,0,0,0,162,254,254,254,162,99,0,0,0,0,0,0,0,0,0,0,0,0,0,0,0,0,0,0,0,0,0,0,40,165,211,253,254,249,188,138,139,46,0,0,0,0,0,0,0,0,0,0,0,0,0,0,0,0,0,0,0,0,5,46,105,188,232,253,254,244,46,0,0,0,0,0,0,0,0,0,0,0,0,0,0,0,0,0,0,0,0,0,0,0,7,69,220,253,137,0,0,0,0,0,0,0,0,0,0,0,0,0,0,0,0,0,0,0,0,0,0,0,0,0,162,254,138,0,0,0,0,0,0,0,0,0,0,0,0,0,0,0,0,0,0,0,0,0,0,0,0,0,245,244,46,0,0,0,0,0,0,0,0,0,0,0,0,0,0,0,0,0,0,0,0,0,0,0,0,76,254,206,0,0,0,0,0,0,0,0,0,0,0,0,0,0,0,0,0,0,0,0,0,0,0,0,0,127,254,173,0,0,0,0,0,0,0,0,0,0,0,0,0,0,0,0,0,0,0,0,0,0,0,0,7,204,255,90,0,0,0,0,0,0,0,0,0,0,0,0,0,0,0,0,0,0,0,0,0,0,0,0,40,253,216,11,0,0,0,0,0,0,0,0,0,0,0,0,0,0,0,0,0,0,0,81,207,207,183,116,178,253,216,49,105,0,0,0,0,0,0,0,0,0,0,0,0,0,0,0,0,0,0,72,253,253,254,253,253,253,254,253,238,25,0,0,0,0,0,0,0,0,0,0,0,0,0,0,0,0,0,0,85,184,255,254,254,254,255,254,254,161,0,0,0,0,0,0,0,0,0,0,0,0,0,0,0,0,0,0,0,0,23,148,253,236,90,107,115,40,0,0,0,0,0,0,0,0,0,0,0,0,0,0,0,0,0,0,0,0,0,138,253,160,0,0,0,0,0,0,0,0,0,0,0,0,0,0,0,0,0,0,0,0,0,0,0,0,0,172,253,160,0,0,0,0,0,0,0,0,0,0,0,0,0,0,0,0,0,0,0,0,0,0,0,0,0,231,254,136,0,0,0,0,0,0,0,0,0,0,0,0,0,0,0,0,0,0,0,0,0,0,0,0,38,243,253,69,0,0,0,0,0,0,0,0,0,0,0,0,0,0,0,0,0,0,0,0,0,0,0,0,63,251,253,69,0,0,0,0,0,0,0,0,0,0,0,0,0,0,0,0,0,0,0,0,0,0,0,0,0,197,244,44,0,0,0,0,0,0,0,0,0,0,0,0,0,0,0,0,0,0,0,0,0,0,0,0,0,0,0,0,0,0,0,0,0,0,0,0,0,0,0,0,0,0,0,0,0,0,0,0,0,0,0,0,0,0,0,0,0,0,0,0,0,0,0,0,0,0,0,0,0,0,0,0,0,0,0,0,0,0,0,0,0,0,0,0,0,0,0,0,0,0,0,0,0,0,0,0
8,0,0,0,0,0,0,0,0,0,0,0,0,0,0,0,0,0,0,0,0,0,0,0,0,0,0,0,0,0,0,0,0,0,0,0,0,0,0,0,0,0,0,0,0,0,0,0,0,0,0,0,0,0,0,0,0,0,0,0,0,0,0,0,0,0,0,0,0,0,0,0,0,0,0,0,0,0,0,0,0,0,0,0,0,0,0,0,0,0,0,0,0,0,0,0,0,0,0,0,0,0,0,0,0,0,0,0,0,0,0,0,0,0,0,0,0,0,0,0,0,0,0,0,0,0,0,0,0,0,0,0,0,0,0,0,0,0,0,0,0,0,0,0,0,0,0,0,0,0,0,64,128,128,255,255,255,255,255,128,64,0,0,0,0,0,0,0,0,0,0,0,0,0,0,0,0,0,128,255,255,255,255,255,255,255,255,255,255,64,0,0,0,0,0,0,0,0,0,0,0,0,0,0,64,255,255,255,255,255,255,255,255,255,255,255,255,255,0,0,0,0,0,0,0,0,0,0,0,0,0,128,255,255,255,255,255,255,255,255,255,255,255,255,255,255,191,0,0,0,0,0,0,0,0,0,0,0,64,255,255,255,255,255,255,255,255,255,255,255,255,255,255,255,255,128,0,0,0,0,0,0,0,0,0,0,128,255,255,255,255,255,128,255,255,255,255,128,0,128,255,255,255,255,0,0,0,0,0,0,0,0,0,0,128,255,255,255,255,0,0,0,0,0,0,0,0,64,255,255,255,128,0,0,0,0,0,0,0,0,0,0,128,255,255,255,255,0,0,0,0,0,0,0,0,255,255,255,255,128,0,0,0,0,0,0,0,0,0,0,128,255,255,255,255,64,0,0,0,128,64,128,255,255,255,255,255,64,0,0,0,0,0,0,0,0,0,0,0,255,255,255,255,255,255,255,255,255,255,255,255,255,255,255,255,64,0,0,0,0,0,0,0,0,0,0,0,191,255,255,255,255,255,255,255,255,255,255,255,255,255,255,255,255,64,0,0,0,0,0,0,0,0,0,0,0,128,255,255,255,255,255,255,255,255,255,255,255,255,255,255,255,255,0,0,0,0,0,0,0,0,0,0,0,128,255,255,255,255,255,255,255,255,128,128,128,128,191,255,255,255,0,0,0,0,0,0,0,0,0,0,0,128,255,255,255,255,64,0,0,0,0,0,0,64,191,255,255,255,0,0,0,0,0,0,0,0,0,0,0,128,255,255,255,255,0,0,0,0,0,0,128,255,255,255,255,255,0,0,0,0,0,0,0,0,0,0,0,128,255,255,255,255,0,0,0,0,128,255,255,255,255,255,255,191,0,0,0,0,0,0,0,0,0,0,0,64,255,255,255,255,255,191,255,255,255,255,255,255,255,191,64,0,0,0,0,0,0,0,0,0,0,0,0,0,191,255,255,255,255,255,255,255,255,255,255,64,0,0,0,0,0,0,0,0,0,0,0,0,0,0,0,0,0,255,255,255,255,255,255,255,255,191,0,0,0,0,0,0,0,0,0,0,0,0,0,0,0,0,0,0,0,0,64,128,255,255,255,128,64,0,0,0,0,0,0,0,0,0,0,0,0,0,0,0,0,0,0,0,0,0,0,0,0,0,0,0,0,0,0,0,0,0,0,0,0,0,0,0,0,0,0,0,0,0,0,0,0,0,0,0,0,0,0,0,0,0,0,0,0,0,0,0,0,0,0,0,0,0,0,0,0,0,0,0,0,0,0,0,0,0,0,0,0,0,0,0,0,0,0,0,0,0,0,0
8,0,0,0,0,0,0,0,0,0,0,0,0,0,0,0,0,0,0,0,0,0,0,0,0,0,0,0,0,0,0,0,0,0,0,0,0,0,0,0,0,0,0,0,0,0,0,0,0,0,0,0,0,0,0,0,0,0,0,0,0,0,0,0,0,0,0,0,0,0,0,0,0,0,0,0,0,0,0,0,0,0,0,0,0,0,0,0,0,0,0,0,0,0,0,0,0,0,0,0,0,0,0,0,0,0,0,0,0,0,0,0,0,0,0,0,0,0,0,0,0,0,0,0,0,0,0,0,0,0,0,0,0,0,0,0,0,0,0,0,0,0,0,0,0,0,0,0,0,0,0,34,191,222,253,253,191,138,55,15,0,0,0,0,0,0,0,0,0,0,0,0,0,0,0,0,0,0,74,253,252,252,252,252,253,252,252,219,109,22,0,0,0,0,0,0,0,0,0,0,0,0,0,0,0,0,168,253,252,252,227,79,79,183,234,252,252,216,99,0,0,0,0,0,0,0,0,0,0,0,0,0,0,34,218,253,252,252,236,61,0,0,33,139,202,253,244,56,0,0,0,0,0,0,0,0,0,0,0,0,32,218,252,253,178,54,65,128,0,0,0,0,63,201,252,173,0,0,0,0,0,0,0,0,0,0,0,0,185,253,253,53,0,0,0,53,0,0,0,0,0,139,253,184,0,0,0,0,0,0,0,0,0,0,0,0,111,252,252,95,0,0,0,0,0,0,0,0,22,212,252,162,0,0,0,0,0,0,0,0,0,0,0,0,19,188,252,247,111,19,0,0,0,0,0,57,205,253,240,50,0,0,0,0,0,0,0,0,0,0,0,0,0,17,192,253,252,219,113,9,0,0,57,244,252,192,37,0,0,0,0,0,0,0,0,0,0,0,0,0,0,0,11,137,211,252,252,232,116,136,236,252,200,11,0,0,0,0,0,0,0,0,0,0,0,0,0,0,0,0,0,0,0,116,249,253,255,253,253,192,11,0,0,0,0,0,0,0,0,0,0,0,0,0,0,0,0,0,0,0,30,130,236,252,253,252,252,45,0,0,0,0,0,0,0,0,0,0,0,0,0,0,0,0,0,0,0,7,186,252,252,189,137,252,252,154,7,0,0,0,0,0,0,0,0,0,0,0,0,0,0,0,0,0,0,212,252,227,119,4,5,83,252,252,117,0,0,0,0,0,0,0,0,0,0,0,0,0,0,0,0,0,0,253,252,130,0,0,0,5,137,252,242,53,0,0,0,0,0,0,0,0,0,0,0,0,0,0,0,0,106,255,207,0,0,0,0,0,32,229,253,116,0,0,0,0,0,0,0,0,0,0,0,0,0,0,0,0,0,253,236,78,30,0,0,9,78,236,252,116,0,0,0,0,0,0,0,0,0,0,0,0,0,0,0,0,0,222,252,252,227,184,185,197,252,252,221,32,0,0,0,0,0,0,0,0,0,0,0,0,0,0,0,0,0,25,135,252,252,252,253,252,252,252,96,0,0,0,0,0,0,0,0,0,0,0,0,0,0,0,0,0,0,0,5,54,137,189,201,178,137,43,2,0,0,0,0,0,0,0,0,0,0,0,0,0,0,0,0,0,0,0,0,0,0,0,0,0,0,0,0,0,0,0,0,0,0,0,0,0,0,0,0,0,0,0,0,0,0,0,0,0,0,0,0,0,0,0,0,0,0,0,0,0,0,0,0,0,0,0,0,0,0,0,0,0,0,0,0,0,0,0,0,0,0,0,0,0,0,0,0,0,0,0,0
1,0,0,0,0,0,0,0,0,0,0,0,0,0,0,0,0,0,0,0,0,0,0,0,0,0,0,0,0,0,0,0,0,0,0,0,0,0,0,0,0,0,0,0,0,0,0,0,0,0,0,0,0,0,0,0,0,0,0,0,0,0,0,0,0,0,0,0,0,0,0,0,0,0,0,0,0,0,0,0,0,0,0,0,0,0,0,0,0,0,0,0,0,0,0,0,0,0,0,0,0,0,0,0,0,0,0,0,0,0,0,0,0,0,0,0,0,0,0,0,0,0,0,0,0,0,0,0,0,0,0,0,0,0,0,0,0,0,0,0,0,0,0,0,0,0,0,0,0,0,0,0,0,0,0,0,0,0,0,0,0,0,41,255,170,0,0,0,0,0,0,0,0,0,0,0,0,0,0,0,0,0,0,0,0,0,0,35,178,135,243,253,240,0,0,0,0,0,0,0,0,0,0,0,0,0,0,0,0,0,0,0,0,0,0,9,206,253,253,243,81,0,0,0,0,0,0,0,0,0,0,0,0,0,0,0,0,0,0,0,0,0,0,139,245,253,232,65,0,0,0,0,0,0,0,0,0,0,0,0,0,0,0,0,0,0,0,0,0,0,75,217,253,239,95,20,0,0,0,0,0,0,0,0,0,0,0,0,0,0,0,0,0,0,0,0,26,54,198,253,211,87,0,0,0,0,0,0,0,0,0,0,0,0,0,0,0,0,0,0,0,0,0,0,79,247,253,240,45,0,0,0,0,0,0,0,0,0,0,0,0,0,0,0,0,0,0,0,0,0,2,98,254,253,179,64,0,0,0,0,0,0,0,0,0,0,0,0,0,0,0,0,0,0,0,0,0,16,153,253,254,114,11,0,0,0,0,0,0,0,0,0,0,0,0,0,0,0,0,0,0,0,0,0,0,27,253,253,191,6,0,0,0,0,0,0,0,0,0,0,0,0,0,0,0,0,0,0,0,0,0,0,84,206,254,254,0,0,0,0,0,0,0,0,0,0,0,0,0,0,0,0,0,0,0,0,0,0,0,80,207,253,191,76,0,0,0,0,0,0,0,0,0,0,0,0,0,0,0,0,0,0,0,0,0,0,61,247,253,229,11,0,0,0,0,0,0,0,0,0,0,0,0,0,0,0,0,0,0,0,0,0,0,0,180,253,253,184,0,0,0,0,0,0,0,0,0,0,0,0,0,0,0,0,0,0,0,0,0,0,25,180,242,239,95,20,0,0,0,0,0,0,0,0,0,0,0,0,0,0,0,0,0,0,0,0,0,0,164,253,253,101,0,0,0,0,0,0,0,0,0,0,0,0,0,0,0,0,0,0,0,0,0,0,0,39,190,253,186,21,0,0,0,0,0,0,0,0,0,0,0,0,0,0,0,0,0,0,0,0,0,0,0,241,253,188,20,0,0,0,0,0,0,0,0,0,0,0,0,0,0,0,0,0,0,0,0,0,0,0,64,240,253,39,0,0,0,0,0,0,0,0,0,0,0,0,0,0,0,0,0,0,0,0,0,0,0,0,0,108,253,39,0,0,0,0,0,0,0,0,0,0,0,0,0,0,0,0,0,0,0,0,0,0,0,0,0,0,0,0,0,0,0,0,0,0,0,0,0,0,0,0,0,0,0,0,0,0,0,0,0,0,0,0,0,0,0,0,0,0,0,0,0,0,0,0,0,0,0,0,0,0,0,0,0,0,0,0,0,0,0,0,0,0,0,0,0,0,0,0,0,0,0,0,0,0,0,0,0,0,0,0,0,0,0
5,0,0,0,0,0,0,0,0,0,0,0,0,0,0,0,0,0,0,0,0,0,0,0,0,0,0,0,0,0,0,0,0,0,0,0,0,0,0,0,0,0,0,0,0,0,0,0,0,0,0,0,0,0,0,0,0,0,0,0,0,0,0,0,0,0,0,0,0,0,0,0,0,0,0,0,0,0,0,0,0,0,0,0,0,0,0,0,0,0,0,0,0,0,0,0,0,0,0,0,0,0,0,0,0,0,0,0,0,0,0,0,0,0,0,0,0,0,0,0,0,0,0,0,0,0,0,0,0,0,0,0,0,0,0,0,0,0,0,0,0,0,0,0,0,0,0,0,0,0,0,0,0,0,0,0,0,0,4,41,126,210,129,0,0,0,0,0,0,0,0,0,0,0,0,0,0,0,0,0,0,0,3,38,123,160,207,254,237,158,35,0,0,0,0,0,0,0,0,0,0,0,0,0,0,0,0,0,63,174,205,255,254,245,168,83,16,0,0,0,0,0,0,0,0,0,0,0,0,0,0,0,0,0,0,0,201,254,254,218,109,33,0,0,0,0,0,0,0,0,0,0,0,0,0,0,0,0,0,0,0,0,0,0,43,254,230,17,0,0,0,0,0,0,0,0,0,0,0,0,0,0,0,0,0,0,0,0,0,0,0,21,243,250,85,0,0,0,0,0,0,0,0,0,0,0,0,0,0,0,0,0,0,0,0,0,0,0,21,237,254,249,131,20,0,0,0,0,0,0,0,0,0,0,0,0,0,0,0,0,0,0,0,0,0,0,58,253,254,254,254,229,52,0,0,0,0,0,0,0,0,0,0,0,0,0,0,0,0,0,0,0,0,0,0,60,65,65,137,254,224,21,0,0,0,0,0,0,0,0,0,0,0,0,0,0,0,0,0,0,0,0,0,0,0,0,6,136,254,183,3,0,0,0,0,0,0,0,0,0,0,0,0,0,0,0,0,0,0,0,0,0,0,0,0,20,217,254,33,0,0,0,0,0,0,0,0,0,0,0,0,0,0,0,0,0,0,0,0,0,0,0,0,0,133,254,97,0,0,0,0,0,0,0,0,0,0,0,0,0,0,0,0,0,0,0,0,0,0,0,0,0,158,254,97,0,0,0,0,0,0,0,0,0,0,0,0,0,0,0,0,0,0,0,0,0,0,0,0,0,189,254,95,0,0,0,0,0,0,0,0,0,0,0,0,0,0,0,0,0,0,0,0,0,0,0,0,30,231,254,16,0,0,0,0,0,0,0,0,0,0,0,0,0,0,0,0,0,0,0,0,0,0,0,34,226,254,158,4,0,0,0,0,0,0,0,0,0,0,0,0,0,0,0,0,0,0,0,0,0,0,37,222,254,157,6,0,0,0,0,0,0,0,0,0,0,0,0,0,0,0,0,0,0,0,29,8,35,110,219,254,158,6,0,0,0,0,0,0,0,0,0,0,0,0,0,0,0,0,0,0,0,0,181,214,239,254,250,117,5,0,0,0,0,0,0,0,0,0,0,0,0,0,0,0,0,0,0,0,0,0,89,219,205,121,35,0,0,0,0,0,0,0,0,0,0,0,0,0,0,0,0,0,0,0,0,0,0,0,0,0,0,0,0,0,0,0,0,0,0,0,0,0,0,0,0,0,0,0,0,0,0,0,0,0,0,0,0,0,0,0,0,0,0,0,0,0,0,0,0,0,0,0,0,0,0,0,0,0,0,0,0,0,0,0,0,0,0,0,0,0,0,0,0,0,0,0,0,0,0,0,0,0,0,0
2,0,0,0,0,0,0,0,0,0,0,0,0,0,0,0,0,0,0,0,0,0,0,0,0,0,0,0,0,0,0,0,0,0,0,0,0,0,0,0,0,0,0,0,0,0,0,0,0,0,0,0,0,0,0,0,0,0,0,0,0,0,0,0,0,0,0,0,0,0,0,0,0,0,0,0,0,0,0,0,0,0,0,0,0,0,0,0,0,0,0,0,0,0,0,0,0,0,0,0,0,0,0,0,0,0,0,0,0,0,0,0,0,0,0,0,0,0,0,0,0,0,1,86,155,254,254,160,95,2,0,0,0,0,0,0,0,0,0,0,0,0,0,0,0,0,0,0,0,0,105,196,253,253,253,253,253,120,3,0,0,0,0,0,0,0,0,0,0,0,0,0,0,0,0,0,0,0,161,253,250,235,235,240,253,253,119,3,0,0,0,0,0,0,0,0,0,0,0,0,0,0,0,0,0,0,67,203,233,44,0,29,105,213,253,119,3,0,0,0,0,0,0,0,0,0,0,0,0,0,0,0,0,0,0,87,244,74,0,0,0,81,253,253,107,0,0,0,0,0,0,0,0,0,0,0,0,0,0,0,0,0,0,0,64,27,0,0,0,81,253,253,154,0,0,0,0,0,0,0,0,0,0,0,0,0,0,0,0,0,0,0,0,0,0,0,0,81,253,253,154,0,0,0,0,0,0,0,0,0,0,0,0,0,0,0,0,0,0,0,0,0,0,0,0,106,253,253,154,0,0,0,0,0,0,0,0,0,0,0,0,0,0,0,0,0,0,0,0,0,0,0,17,215,253,233,60,0,0,0,0,0,0,0,0,0,0,0,0,0,0,0,0,0,0,0,0,0,0,0,166,253,253,129,0,0,0,0,0,0,0,0,0,0,0,0,0,0,0,0,0,0,0,0,0,0,0,0,199,253,253,37,0,0,0,0,0,0,0,0,0,0,0,0,0,0,0,0,0,0,0,0,0,0,0,91,241,253,228,26,0,0,0,0,0,0,0,0,0,0,0,0,0,0,0,0,0,0,0,0,0,0,51,242,253,227,53,0,0,0,0,0,0,0,0,0,0,0,0,0,0,0,0,0,0,0,0,0,0,62,188,253,253,70,0,0,0,0,0,0,0,0,0,0,0,0,0,0,0,0,0,0,0,0,0,17,118,243,253,253,143,7,0,81,94,94,7,0,0,0,0,0,0,0,0,0,0,0,0,0,0,0,15,186,253,253,253,253,230,223,223,249,165,30,3,0,0,0,0,0,0,0,0,0,0,0,0,0,11,106,188,253,253,253,253,253,253,253,217,103,15,0,0,0,0,0,0,0,0,0,0,0,0,0,0,64,186,253,253,253,253,253,253,253,165,103,12,0,0,0,0,0,0,0,0,0,0,0,0,0,0,0,0,143,253,253,253,253,230,135,106,12,3,0,0,0,0,0,0,0,0,0,0,0,0,0,0,0,0,0,0,3,91,238,129,109,5,0,0,0,0,0,0,0,0,0,0,0,0,0,0,0,0,0,0,0,0,0,0,0,0,0,0,0,0,0,0,0,0,0,0,0,0,0,0,0,0,0,0,0,0,0,0,0,0,0,0,0,0,0,0,0,0,0,0,0,0,0,0,0,0,0,0,0,0,0,0,0,0,0,0,0,0,0,0,0,0,0,0,0,0,0,0,0,0,0,0,0,0,0,0,0,0,0,0,0,0,0,0,0,0,0,0,0,0,0,0,0,0,0,0,0,0,0,0,0,0,0,0,0,0,0,0,0,0
8,0,0,0,0,0,0,0,0,0,0,0,0,0,0,0,0,0,0,0,0,0,0,0,0,0,0,0,0,0,0,0,0,0,0,0,0,0,0,0,0,0,0,0,0,0,0,0,0,0,0,0,0,0,0,0,0,0,0,0,0,0,0,0,0,0,0,0,0,0,0,0,0,0,0,0,0,0,0,0,0,0,0,0,0,0,0,0,0,0,0,0,0,0,0,0,0,0,0,0,0,0,0,0,0,0,0,0,0,0,0,0,0,0,0,0,0,0,0,0,0,0,0,0,0,0,0,0,0,0,0,0,0,0,0,0,0,0,0,0,0,0,0,0,0,0,0,0,0,0,0,0,0,0,0,0,23,132,254,254,124,118,25,0,0,0,0,0,0,0,0,0,0,0,0,0,0,0,0,0,0,0,35,133,237,253,253,253,253,253,107,0,0,0,0,0,0,0,0,0,0,0,0,0,0,0,0,0,0,33,213,253,253,253,253,253,253,253,243,104,0,0,0,0,0,0,0,0,0,0,0,0,0,0,0,0,29,216,253,238,172,61,61,61,139,253,253,221,21,0,0,0,0,0,0,0,0,0,0,0,0,0,0,0,130,253,241,85,0,0,0,0,34,212,253,253,188,0,0,0,0,0,0,0,0,0,0,0,0,0,0,9,204,253,82,0,0,0,0,0,0,34,221,253,234,7,0,0,0,0,0,0,0,0,0,0,0,0,0,14,253,253,27,0,0,0,0,0,0,43,227,253,253,116,0,0,0,0,0,0,0,0,0,0,0,0,0,14,253,253,27,0,0,0,0,0,45,157,253,253,244,66,0,0,0,0,0,0,0,0,0,0,0,0,0,2,143,253,27,0,0,0,3,90,231,253,253,239,150,0,0,0,0,0,0,0,0,0,0,0,0,0,0,0,130,253,64,19,96,206,208,253,253,253,236,154,0,0,0,0,0,0,0,0,0,0,0,0,0,0,0,3,154,253,229,204,253,253,253,253,233,160,52,0,0,0,0,0,0,0,0,0,0,0,0,0,0,0,4,40,253,253,253,253,253,235,222,89,53,0,0,0,0,0,0,0,0,0,0,0,0,0,0,0,3,7,116,253,253,253,253,251,220,38,0,0,0,0,0,0,0,0,0,0,0,0,0,0,0,0,0,48,162,253,253,253,253,253,253,118,0,0,0,0,0,0,0,0,0,0,0,0,0,0,0,0,0,0,0,152,253,253,253,191,203,253,168,3,0,0,0,0,0,0,0,0,0,0,0,0,0,0,0,0,0,0,146,251,253,190,78,14,89,251,120,0,0,0,0,0,0,0,0,0,0,0,0,0,0,0,0,0,0,0,254,253,235,46,0,0,33,249,27,0,0,0,0,0,0,0,0,0,0,0,0,0,0,0,0,0,0,0,254,253,231,179,179,179,217,253,27,0,0,0,0,0,0,0,0,0,0,0,0,0,0,0,0,0,0,0,234,252,253,253,253,253,253,244,25,0,0,0,0,0,0,0,0,0,0,0,0,0,0,0,0,0,0,0,0,107,156,253,253,253,182,66,0,0,0,0,0,0,0,0,0,0,0,0,0,0,0,0,0,0,0,0,0,0,0,0,0,0,0,0,0,0,0,0,0,0,0,0,0,0,0,0,0,0,0,0,0,0,0,0,0,0,0,0,0,0,0,0,0,0,0,0,0,0,0,0,0,0,0,0,0,0,0,0,0,0,0,0,0,0,0,0,0,0,0,0,0,0,0,0,0,0,0,0,0,0,0,0,0,0,0
1,0,0,0,0,0,0,0,0,0,0,0,0,0,0,0,0,0,0,0,0,0,0,0,0,0,0,0,0,0,0,0,0,0,0,0,0,0,0,0,0,0,0,0,0,0,0,0,0,0,0,0,0,0,0,0,0,0,0,0,0,0,0,0,0,0,0,0,0,0,0,0,0,0,0,0,0,0,0,0,0,0,0,0,0,0,0,0,0,0,0,0,0,0,0,0,0,0,0,0,0,0,0,0,0,0,0,0,0,0,0,0,0,0,0,0,0,0,0,0,0,0,0,0,0,0,0,0,0,0,0,0,0,0,0,0,0,0,0,0,0,0,0,0,0,0,0,0,0,0,0,0,0,0,0,0,0,0,0,0,116,255,232,38,0,0,0,0,0,0,0,0,0,0,0,0,0,0,0,0,0,0,0,0,0,0,0,0,189,253,252,69,0,0,0,0,0,0,0,0,0,0,0,0,0,0,0,0,0,0,0,0,0,0,0,100,246,253,240,50,0,0,0,0,0,0,0,0,0,0,0,0,0,0,0,0,0,0,0,0,0,0,26,224,252,245,79,0,0,0,0,0,0,0,0,0,0,0,0,0,0,0,0,0,0,0,0,0,0,22,152,252,252,126,0,0,0,0,0,0,0,0,0,0,0,0,0,0,0,0,0,0,0,0,0,0,3,118,253,253,128,0,0,0,0,0,0,0,0,0,0,0,0,0,0,0,0,0,0,0,0,0,0,0,118,252,252,214,18,0,0,0,0,0,0,0,0,0,0,0,0,0,0,0,0,0,0,0,0,0,0,32,253,252,233,33,0,0,0,0,0,0,0,0,0,0,0,0,0,0,0,0,0,0,0,0,0,0,0,210,253,235,64,0,0,0,0,0,0,0,0,0,0,0,0,0,0,0,0,0,0,0,0,0,0,0,136,250,253,153,0,0,0,0,0,0,0,0,0,0,0,0,0,0,0,0,0,0,0,0,0,0,0,81,253,253,168,0,0,0,0,0,0,0,0,0,0,0,0,0,0,0,0,0,0,0,0,0,0,0,30,197,252,210,42,0,0,0,0,0,0,0,0,0,0,0,0,0,0,0,0,0,0,0,0,0,0,7,186,252,252,22,0,0,0,0,0,0,0,0,0,0,0,0,0,0,0,0,0,0,0,0,0,0,0,160,252,252,134,4,0,0,0,0,0,0,0,0,0,0,0,0,0,0,0,0,0,0,0,0,0,0,0,253,252,189,4,0,0,0,0,0,0,0,0,0,0,0,0,0,0,0,0,0,0,0,0,0,0,62,191,255,218,32,0,0,0,0,0,0,0,0,0,0,0,0,0,0,0,0,0,0,0,0,0,0,0,207,252,249,75,0,0,0,0,0,0,0,0,0,0,0,0,0,0,0,0,0,0,0,0,0,0,0,134,240,252,199,0,0,0,0,0,0,0,0,0,0,0,0,0,0,0,0,0,0,0,0,0,0,0,0,184,252,252,21,0,0,0,0,0,0,0,0,0,0,0,0,0,0,0,0,0,0,0,0,0,0,0,0,131,252,95,0,0,0,0,0,0,0,0,0,0,0,0,0,0,0,0,0,0,0,0,0,0,0,0,0,0,0,0,0,0,0,0,0,0,0,0,0,0,0,0,0,0,0,0,0,0,0,0,0,0,0,0,0,0,0,0,0,0,0,0,0,0,0,0,0,0,0,0,0,0,0,0,0,0,0,0,0,0,0,0,0,0,0,0,0,0,0,0,0,0,0,0,0,0,0,0,0,0,0,0,0,0
5,0,0,0,0,0,0,0,0,0,0,0,0,0,0,0,0,0,0,0,0,0,0,0,0,0,0,0,0,0,0,0,0,0,0,0,0,0,0,0,0,0,0,0,0,0,0,0,0,0,0,0,0,0,0,0,0,0,0,0,0,0,0,0,0,0,0,0,0,0,0,0,0,0,0,0,0,0,0,0,0,0,0,0,0,0,0,0,0,0,0,0,0,0,0,0,0,0,0,0,0,0,0,0,0,0,0,0,0,0,0,0,0,0,0,0,0,0,0,0,0,0,0,0,0,0,0,0,0,0,1,19,129,241,117,0,0,0,0,0,0,0,0,0,0,0,0,0,0,0,0,0,0,0,0,0,12,81,187,253,253,253,190,0,0,0,0,0,0,0,0,0,0,0,0,0,0,0,0,0,0,63,107,133,233,253,253,253,233,143,30,0,0,0,0,0,0,0,0,0,0,0,0,0,0,0,0,0,0,184,253,253,254,230,159,75,11,0,0,0,0,0,0,0,0,0,0,0,0,0,0,0,0,0,0,0,87,248,253,160,102,14,0,0,0,0,0,0,0,0,0,0,0,0,0,0,0,0,0,0,0,0,0,0,181,253,199,4,0,0,0,0,0,0,0,0,0,0,0,0,0,0,0,0,0,0,0,0,0,0,0,89,249,253,79,0,0,0,0,0,0,0,0,0,0,0,0,0,0,0,0,0,0,0,0,0,0,0,11,189,253,236,12,0,0,0,0,0,0,0,0,0,0,0,0,0,0,0,0,0,0,0,0,0,0,0,92,253,253,111,0,0,0,0,0,0,0,0,0,0,0,0,0,0,0,0,0,0,0,0,0,0,0,11,191,253,253,174,114,82,83,24,0,0,0,0,0,0,0,0,0,0,0,0,0,0,0,0,0,0,0,116,254,254,254,254,254,254,255,254,185,23,0,0,0,0,0,0,0,0,0,0,0,0,0,0,0,0,0,44,221,152,73,147,154,154,211,243,253,209,19,0,0,0,0,0,0,0,0,0,0,0,0,0,0,0,0,0,0,0,0,0,0,0,0,38,253,253,49,0,0,0,0,0,0,0,0,0,0,0,0,0,0,0,0,0,0,0,0,0,0,0,0,17,253,253,49,0,0,0,0,0,0,0,0,0,0,0,0,0,0,0,0,0,0,0,0,0,0,0,0,97,253,237,25,0,0,0,0,0,0,0,0,0,0,0,0,0,0,0,0,0,0,0,0,0,0,0,0,180,253,204,0,0,0,0,0,0,0,0,0,0,0,0,0,0,0,0,0,0,0,0,0,0,0,0,26,244,253,94,0,0,0,0,0,0,0,0,0,0,0,0,0,0,0,0,0,0,0,0,0,0,0,22,212,253,239,24,0,0,0,0,0,0,0,0,0,0,0,0,0,0,0,0,0,147,116,74,34,0,46,211,254,253,102,0,0,0,0,0,0,0,0,0,0,0,0,0,0,0,0,0,0,196,253,253,249,245,250,253,254,157,2,0,0,0,0,0,0,0,0,0,0,0,0,0,0,0,0,0,0,0,0,0,0,0,0,0,0,0,0,0,0,0,0,0,0,0,0,0,0,0,0,0,0,0,0,0,0,0,0,0,0,0,0,0,0,0,0,0,0,0,0,0,0,0,0,0,0,0,0,0,0,0,0,0,0,0,0,0,0,0,0,0,0,0,0,0,0,0,0,0,0,0,0,0,0,0,0,0,0,0,0,0,0,0,0,0,0,0,0,0,0,0,0,0,0,0,0,0,0,0,0,0,0
8,0,0,0,0,0,0,0,0,0,0,0,0,0,0,0,0,0,0,0,0,0,0,0,0,0,0,0,0,0,0,0,0,0,0,0,0,0,0,0,0,0,0,0,0,0,0,0,0,0,0,0,0,0,0,0,0,0,0,0,0,0,0,0,0,0,0,0,0,0,0,0,0,0,0,0,0,0,0,0,0,0,0,0,0,0,0,0,0,0,0,0,0,0,0,0,0,0,0,0,0,0,0,0,0,0,0,0,0,0,0,0,0,0,0,0,0,0,0,0,0,0,0,0,0,0,0,0,0,0,0,0,0,0,0,0,0,0,0,0,0,0,0,0,0,0,0,0,0,0,0,0,0,0,0,0,0,0,0,0,0,0,0,0,0,0,0,0,0,0,0,0,0,0,0,0,0,0,0,37,148,225,238,229,255,229,252,174,75,0,0,0,0,0,0,0,0,0,0,0,0,0,0,0,0,6,123,230,237,195,148,148,124,214,254,254,221,0,0,0,0,0,0,0,0,0,0,0,0,0,0,0,0,124,243,137,17,0,0,0,0,60,60,183,221,0,0,0,0,0,0,0,0,0,0,0,0,0,0,0,0,157,115,0,0,0,0,0,0,0,23,202,221,0,0,0,0,0,0,0,0,0,0,0,0,0,0,0,0,203,171,0,0,0,0,0,75,52,206,254,176,0,0,0,0,0,0,0,0,0,0,0,0,0,0,0,0,119,248,82,0,0,59,183,252,216,249,101,30,0,0,0,0,0,0,0,0,0,0,0,0,0,0,0,0,2,181,249,159,145,236,254,252,151,162,0,0,0,0,0,0,0,0,0,0,0,0,0,0,0,0,0,0,0,22,156,254,254,241,169,87,28,1,0,0,0,0,0,0,0,0,0,0,0,0,0,0,0,0,0,0,0,0,2,197,254,126,5,0,0,0,0,0,0,0,0,0,0,0,0,0,0,0,0,0,0,0,0,0,0,0,0,178,236,245,210,35,0,0,0,0,0,0,0,0,0,0,0,0,0,0,0,0,0,0,0,0,0,0,19,214,64,71,216,210,9,0,0,0,0,0,0,0,0,0,0,0,0,0,0,0,0,0,0,0,0,0,85,165,0,0,32,217,178,2,0,0,0,0,0,0,0,0,0,0,0,0,0,0,0,0,0,0,0,0,161,132,0,0,0,30,244,154,0,0,0,0,0,0,0,0,0,0,0,0,0,0,0,0,0,0,0,0,165,77,0,0,0,0,103,248,23,0,0,0,0,0,0,0,0,0,0,0,0,0,0,0,0,0,0,0,165,77,0,0,0,0,0,242,0,0,0,0,0,0,0,0,0,0,0,0,0,0,0,0,0,0,0,0,165,77,0,0,0,0,0,242,0,0,0,0,0,0,0,0,0,0,0,0,0,0,0,0,0,0,0,0,151,220,67,0,0,0,77,245,0,0,0,0,0,0,0,0,0,0,0,0,0,0,0,0,0,0,0,0,41,237,238,141,57,78,235,184,0,0,0,0,0,0,0,0,0,0,0,0,0,0,0,0,0,0,0,0,0,105,236,254,254,254,211,10,0,0,0,0,0,0,0,0,0,0,0,0,0,0,0,0,0,0,0,0,0,0,79,173,189,161,10,0,0,0,0,0,0,0,0,0,0,0,0,0,0,0,0,0,0,0,0,0,0,0,0,0,0,0,0,0,0,0,0,0,0,0,0,0,0,0,0,0,0,0,0,0,0,0,0,0,0,0,0,0,0,0,0,0,0,0,0,0,0,0,0,0,0,0
0,0,0,0,0,0,0,0,0,0,0,0,0,0,0,0,0,0,0,0,0,0,0,0,0,0,0,0,0,0,0,0,0,0,0,0,0,0,0,0,0,0,0,0,0,0,0,0,0,0,0,0,0,0,0,0,0,0,0,0,0,0,0,0,0,0,0,0,0,0,0,0,0,0,0,0,0,0,0,0,0,0,0,0,0,0,0,0,0,0,0,0,0,0,0,0,0,0,0,0,0,0,0,0,0,0,0,0,0,0,0,0,0,0,0,0,0,0,0,0,0,0,0,0,0,0,0,0,0,0,0,0,0,0,0,0,0,0,0,0,0,0,0,0,0,0,0,0,0,0,0,0,0,0,0,9,76,255,253,253,253,148,74,0,0,0,0,0,0,0,0,0,0,0,0,0,0,0,0,95,47,47,130,194,252,249,206,206,223,252,245,80,0,0,0,0,0,0,0,0,0,0,0,0,0,0,100,246,128,211,252,252,136,63,0,0,25,121,253,219,19,0,0,0,0,0,0,0,0,0,0,0,0,57,244,157,66,252,252,134,4,0,0,0,0,0,159,252,162,0,0,0,0,0,0,0,0,0,0,0,22,205,252,85,243,231,54,4,0,0,0,0,0,0,86,252,246,42,0,0,0,0,0,0,0,0,0,0,47,253,98,179,252,135,0,0,0,0,0,0,0,0,11,203,253,56,0,0,0,0,0,0,0,0,0,0,120,252,105,244,209,0,0,0,0,0,0,0,0,0,0,140,252,160,0,0,0,0,0,0,0,0,0,17,228,252,137,252,32,0,0,0,0,0,0,0,0,0,0,47,252,227,17,0,0,0,0,0,0,0,0,24,252,252,137,252,0,0,0,0,0,0,0,0,0,0,0,140,252,218,14,0,0,0,0,0,0,0,0,24,252,252,54,232,0,0,0,0,0,0,0,0,0,0,11,203,252,108,0,0,0,0,0,0,0,0,0,24,253,253,46,221,53,0,0,0,0,0,0,0,0,0,139,253,253,46,0,0,0,0,0,0,0,0,0,24,252,252,45,42,0,0,0,0,0,0,0,0,0,22,212,244,174,17,0,0,0,0,0,0,0,0,0,17,227,252,45,0,0,0,0,0,0,0,0,0,0,199,253,206,0,0,0,0,0,0,0,0,0,0,0,0,161,252,45,0,0,0,0,0,0,0,0,0,119,248,245,79,0,0,0,0,0,0,0,0,0,0,0,0,161,252,150,0,0,0,0,0,0,0,0,116,248,252,73,0,0,0,0,0,0,0,0,0,0,0,0,0,151,253,253,33,0,0,0,0,0,24,159,253,253,75,0,0,0,0,0,0,0,0,0,0,0,0,0,0,47,252,252,158,22,0,0,17,99,212,252,240,112,8,0,0,0,0,0,0,0,0,0,0,0,0,0,0,13,171,252,252,216,184,184,209,252,253,208,81,0,0,0,0,0,0,0,0,0,0,0,0,0,0,0,0,0,13,215,252,253,252,252,252,252,98,17,0,0,0,0,0,0,0,0,0,0,0,0,0,0,0,0,0,0,0,19,75,190,137,137,96,22,0,0,0,0,0,0,0,0,0,0,0,0,0,0,0,0,0,0,0,0,0,0,0,0,0,0,0,0,0,0,0,0,0,0,0,0,0,0,0,0,0,0,0,0,0,0,0,0,0,0,0,0,0,0,0,0,0,0,0,0,0,0,0,0,0,0,0,0,0,0,0,0,0,0,0,0,0,0,0,0,0,0,0,0,0,0,0,0,0,0,0,0,0,0,0,0
1,0,0,0,0,0,0,0,0,0,0,0,0,0,0,0,0,0,0,0,0,0,0,0,0,0,0,0,0,0,0,0,0,0,0,0,0,0,0,0,0,0,0,0,0,0,0,0,0,0,0,0,0,0,0,0,0,0,0,0,0,0,0,0,0,0,0,0,0,0,0,0,0,0,0,0,0,0,0,0,0,0,0,0,0,0,0,0,0,0,0,0,0,0,0,0,0,0,0,0,0,0,0,0,0,0,0,0,0,0,0,0,0,0,0,0,0,0,0,0,0,0,0,0,0,0,0,0,0,0,0,0,0,0,0,0,0,0,0,0,0,0,0,0,0,0,0,0,0,0,0,0,0,9,254,227,6,0,0,0,0,0,0,0,0,0,0,0,0,0,0,0,0,0,0,0,0,0,0,0,0,1,39,254,87,0,0,0,0,0,0,0,0,0,0,0,0,0,0,0,0,0,0,0,0,0,0,0,0,0,0,254,183,0,0,0,0,0,0,0,0,0,0,0,0,0,0,0,0,0,0,0,0,0,0,0,0,0,0,254,183,0,0,0,0,0,0,0,0,0,0,0,0,0,0,0,0,0,0,0,0,0,0,0,0,0,0,254,183,0,0,0,0,0,0,0,0,0,0,0,0,0,0,0,0,0,0,0,0,0,0,0,0,0,0,254,183,0,0,0,0,0,0,0,0,0,0,0,0,0,0,0,0,0,0,0,0,0,0,0,0,0,70,254,143,0,0,0,0,0,0,0,0,0,0,0,0,0,0,0,0,0,0,0,0,0,0,0,0,0,88,254,60,0,0,0,0,0,0,0,0,0,0,0,0,0,0,0,0,0,0,0,0,0,0,0,0,0,151,254,8,0,0,0,0,0,0,0,0,0,0,0,0,0,0,0,0,0,0,0,0,0,0,0,0,0,175,254,8,0,0,0,0,0,0,0,0,0,0,0,0,0,0,0,0,0,0,0,0,0,0,0,0,0,175,255,8,0,0,0,0,0,0,0,0,0,0,0,0,0,0,0,0,0,0,0,0,0,0,0,0,0,175,254,8,0,0,0,0,0,0,0,0,0,0,0,0,0,0,0,0,0,0,0,0,0,0,0,0,9,248,254,8,0,0,0,0,0,0,0,0,0,0,0,0,0,0,0,0,0,0,0,0,0,0,0,0,9,253,210,4,0,0,0,0,0,0,0,0,0,0,0,0,0,0,0,0,0,0,0,0,0,0,0,0,3,199,202,3,0,0,0,0,0,0,0,0,0,0,0,0,0,0,0,0,0,0,0,0,0,0,0,0,9,253,132,0,0,0,0,0,0,0,0,0,0,0,0,0,0,0,0,0,0,0,0,0,0,0,0,0,49,253,88,0,0,0,0,0,0,0,0,0,0,0,0,0,0,0,0,0,0,0,0,0,0,0,0,0,132,253,82,0,0,0,0,0,0,0,0,0,0,0,0,0,0,0,0,0,0,0,0,0,0,0,0,0,184,250,0,0,0,0,0,0,0,0,0,0,0,0,0,0,0,0,0,0,0,0,0,0,0,0,0,0,184,135,0,0,0,0,0,0,0,0,0,0,0,0,0,0,0,0,0,0,0,0,0,0,0,0,0,0,0,0,0,0,0,0,0,0,0,0,0,0,0,0,0,0,0,0,0,0,0,0,0,0,0,0,0,0,0,0,0,0,0,0,0,0,0,0,0,0,0,0,0,0,0,0,0,0,0,0,0,0,0,0,0,0,0,0,0,0,0,0,0,0,0,0,0,0,0,0,0,0
0,0,0,0,0,0,0,0,0,0,0,0,0,0,0,0,0,0,0,0,0,0,0,0,0,0,0,0,0,0,0,0,0,0,0,0,0,0,0,0,0,0,0,0,0,0,0,0,0,0,0,0,0,0,0,0,0,0,0,0,0,0,0,0,0,0,0,0,0,0,0,0,0,0,0,0,0,0,0,0,0,0,0,0,0,0,0,0,0,0,0,0,0,0,0,0,0,0,0,0,0,0,0,0,0,0,0,0,0,0,0,0,0,0,0,0,0,0,0,0,0,0,0,0,0,0,0,0,0,0,0,0,0,0,0,0,0,0,0,0,0,0,0,0,0,0,0,0,0,0,0,0,0,0,0,0,24,168,254,254,254,101,13,0,0,0,0,0,0,0,0,0,0,0,0,0,0,0,0,0,0,0,0,9,197,253,253,253,253,253,99,0,0,0,0,0,0,0,0,0,0,0,0,0,0,0,0,0,0,0,0,77,253,253,253,253,253,253,99,0,0,0,0,0,0,0,0,0,0,0,0,0,0,0,0,0,0,0,0,202,253,253,253,253,253,253,99,0,0,0,0,0,0,0,0,0,0,0,0,0,0,0,0,0,0,0,25,254,253,253,215,88,218,253,99,0,0,0,0,0,0,0,0,0,0,0,0,0,0,0,0,0,0,0,111,254,253,219,31,0,199,250,65,0,0,0,0,0,0,0,0,0,0,0,0,0,0,0,0,0,0,38,227,254,168,32,0,0,199,237,0,0,0,0,0,0,0,0,0,0,0,0,0,0,0,0,0,0,28,156,253,215,30,0,0,0,199,131,0,0,0,0,0,0,0,0,0,0,0,0,0,0,0,0,0,4,185,253,253,77,0,0,0,42,239,131,0,0,0,0,0,0,0,0,0,0,0,0,0,0,0,0,0,156,253,253,253,0,0,0,0,152,253,36,0,0,0,0,0,0,0,0,0,0,0,0,0,0,0,8,111,254,234,246,254,0,0,0,37,255,103,0,0,0,0,0,0,0,0,0,0,0,0,0,0,0,0,85,253,250,73,112,253,0,0,27,213,239,41,0,0,0,0,0,0,0,0,0,0,0,0,0,0,0,9,200,253,108,0,48,106,0,0,143,245,73,0,0,0,0,0,0,0,0,0,0,0,0,0,0,0,0,128,253,207,11,0,0,0,0,170,252,163,0,0,0,0,0,0,0,0,0,0,0,0,0,0,0,0,0,205,217,57,0,0,0,0,119,227,188,4,0,0,0,0,0,0,0,0,0,0,0,0,0,0,0,0,79,251,198,0,0,0,0,126,254,162,33,0,0,0,0,0,0,0,0,0,0,0,0,0,0,0,0,0,105,253,198,0,0,2,128,251,234,40,0,0,0,0,0,0,0,0,0,0,0,0,0,0,0,0,0,0,191,253,208,45,146,172,253,253,44,0,0,0,0,0,0,0,0,0,0,0,0,0,0,0,0,0,0,0,70,250,253,253,253,253,230,128,0,0,0,0,0,0,0,0,0,0,0,0,0,0,0,0,0,0,0,0,0,147,253,253,249,143,51,0,0,0,0,0,0,0,0,0,0,0,0,0,0,0,0,0,0,0,0,0,0,0,0,0,0,0,0,0,0,0,0,0,0,0,0,0,0,0,0,0,0,0,0,0,0,0,0,0,0,0,0,0,0,0,0,0,0,0,0,0,0,0,0,0,0,0,0,0,0,0,0,0,0,0,0,0,0,0,0,0,0,0,0,0,0,0,0,0,0,0,0,0,0,0,0,0,0,0
7,0,0,0,0,0,0,0,0,0,0,0,0,0,0,0,0,0,0,0,0,0,0,0,0,0,0,0,0,0,0,0,0,0,0,0,0,0,0,0,0,0,0,0,0,0,0,0,0,0,0,0,0,0,0,0,0,0,0,0,0,0,0,0,0,0,0,0,0,0,0,0,0,0,0,0,0,0,0,0,0,0,0,0,0,0,0,0,0,0,0,0,0,0,0,0,0,0,0,0,0,0,0,0,0,0,0,0,0,0,0,0,0,0,0,0,0,0,0,0,0,0,0,0,0,0,0,0,0,0,0,0,0,0,0,0,0,0,0,0,0,0,0,0,0,0,0,0,0,0,0,0,0,0,0,0,0,0,0,0,0,0,0,0,0,0,0,0,0,0,0,0,0,0,0,0,0,0,0,0,0,0,0,0,4,39,127,251,181,41,0,0,0,0,0,0,0,0,0,0,0,0,0,0,0,0,0,0,0,0,17,116,191,254,254,254,254,226,4,0,0,0,0,0,0,0,0,0,0,0,0,0,0,0,0,23,151,124,191,254,254,254,254,254,254,254,5,0,0,0,0,0,0,0,0,0,0,0,0,0,0,0,2,130,254,254,254,254,254,226,211,253,254,254,5,0,0,0,0,0,0,0,0,0,0,0,0,0,0,0,128,254,254,254,254,225,118,22,74,252,254,221,3,0,0,0,0,0,0,0,0,0,0,0,0,0,2,128,252,254,254,254,178,40,0,3,197,254,255,101,0,0,0,0,0,0,0,0,0,0,0,0,0,2,130,254,254,254,254,202,35,0,0,81,254,254,214,17,0,0,0,0,0,0,0,0,0,0,0,0,0,6,254,254,254,254,150,5,0,0,17,235,254,254,152,0,0,0,0,0,0,0,0,0,0,0,0,0,0,6,248,254,254,150,5,0,0,46,182,254,254,222,7,0,0,0,0,0,0,0,0,0,0,0,0,0,0,0,74,200,145,0,0,0,0,116,254,254,254,96,0,0,0,0,0,0,0,0,0,0,0,0,0,0,0,0,0,0,0,0,0,0,83,243,254,254,92,3,0,0,0,0,0,0,0,0,0,0,0,0,0,0,0,0,0,0,0,0,0,28,210,254,253,135,3,0,0,0,0,0,0,0,0,0,0,0,0,0,0,0,0,0,0,0,0,0,21,239,254,254,207,0,0,0,0,0,0,0,0,0,0,0,0,0,0,0,0,0,0,0,0,0,0,19,198,254,254,219,30,0,0,0,0,0,0,0,0,0,0,0,0,0,0,0,0,0,0,0,0,0,2,164,254,254,249,99,0,0,0,0,0,0,0,0,0,0,0,0,0,0,0,0,0,0,0,0,0,0,86,254,254,255,127,0,0,0,0,0,0,0,0,0,0,0,0,0,0,0,0,0,0,0,0,0,0,0,164,254,254,241,16,0,0,0,0,0,0,0,0,0,0,0,0,0,0,0,0,0,0,0,0,0,0,95,254,254,254,224,0,0,0,0,0,0,0,0,0,0,0,0,0,0,0,0,0,0,0,0,0,0,0,114,254,254,254,53,0,0,0,0,0,0,0,0,0,0,0,0,0,0,0,0,0,0,0,0,0,0,0,12,186,234,63,4,0,0,0,0,0,0,0,0,0,0,0,0,0,0,0,0,0,0,0,0,0,0,0,0,0,0,0,0,0,0,0,0,0,0,0,0,0,0,0,0,0,0,0,0,0,0,0,0,0,0,0,0,0,0,0,0,0,0,0,0,0,0,0,0,0,0,0,0,0,0,0
0,0,0,0,0,0,0,0,0,0,0,0,0,0,0,0,0,0,0,0,0,0,0,0,0,0,0,0,0,0,0,0,0,0,0,0,0,0,0,0,0,0,0,0,0,0,0,0,0,0,0,0,0,0,0,0,0,0,0,0,0,0,0,0,0,0,0,0,0,0,0,0,0,0,0,0,0,0,0,0,0,0,0,0,0,0,0,0,0,0,0,0,0,0,0,0,0,0,0,0,0,0,0,0,0,0,0,0,0,0,0,0,0,0,0,0,0,0,0,0,0,0,0,0,0,0,0,0,0,0,0,0,0,0,0,0,0,0,0,0,0,0,0,0,0,0,0,0,0,86,85,86,85,86,85,254,139,86,85,0,0,0,0,0,0,0,0,0,0,0,0,0,0,0,0,0,114,253,251,253,251,253,251,253,251,253,251,114,0,0,0,0,0,0,0,0,0,0,0,0,0,0,57,254,253,254,253,254,253,254,253,254,253,254,253,254,253,0,0,0,0,0,0,0,0,0,0,0,0,169,224,253,251,253,251,253,251,253,251,253,251,253,251,253,251,114,0,0,0,0,0,0,0,0,0,0,0,255,253,254,253,254,253,254,253,169,56,0,0,169,168,254,253,254,139,0,0,0,0,0,0,0,0,0,0,253,251,253,251,253,251,253,138,0,0,0,0,0,0,253,251,253,251,0,0,0,0,0,0,0,0,0,0,0,0,85,253,254,253,114,0,0,0,0,0,0,0,57,225,254,253,169,0,0,0,0,0,0,0,0,0,0,0,85,251,253,251,0,0,0,0,0,0,0,0,0,168,253,251,225,56,0,0,0,0,0,0,0,0,0,0,254,253,254,253,0,0,0,0,0,0,0,0,0,0,254,253,254,139,0,0,0,0,0,0,0,0,0,0,253,251,253,251,0,0,0,0,0,0,0,0,0,0,253,251,253,251,0,0,0,0,0,0,0,0,0,0,254,253,254,84,0,0,0,0,0,0,0,0,0,0,254,253,254,253,0,0,0,0,0,0,0,0,0,0,253,251,253,196,0,0,0,0,0,0,0,0,0,0,253,251,253,251,0,0,0,0,0,0,0,0,0,0,254,253,254,253,57,0,0,0,0,0,0,0,0,0,254,253,254,253,0,0,0,0,0,0,0,0,0,0,139,251,253,251,225,56,0,0,0,0,0,0,0,0,253,251,253,251,0,0,0,0,0,0,0,0,0,0,0,114,254,253,254,253,0,0,0,0,0,0,0,0,254,253,254,253,0,0,0,0,0,0,0,0,0,0,0,0,139,251,253,251,169,168,0,0,0,0,0,0,253,251,253,251,0,0,0,0,0,0,0,0,0,0,0,0,0,114,254,253,254,253,254,139,141,139,141,253,254,253,254,253,0,0,0,0,0,0,0,0,0,0,0,0,0,0,139,251,253,251,253,251,253,251,253,251,253,251,253,138,0,0,0,0,0,0,0,0,0,0,0,0,0,0,0,114,198,253,254,253,254,253,254,253,254,253,114,0,0,0,0,0,0,0,0,0,0,0,0,0,0,0,0,0,28,83,139,251,253,251,253,251,253,251,0,0,0,0,0,0,0,0,0,0,0,0,0,0,0,0,0,0,0,0,0,0,0,0,0,0,0,0,0,0,0,0,0,0,0,0,0,0,0,0,0,0,0,0,0,0,0,0,0,0,0,0,0,0,0,0,0,0,0,0,0,0,0,0,0,0,0,0,0,0,0,0,0,0,0,0,0,0,0,0,0,0,0,0,0,0,0,0,0,0
3,0,0,0,0,0,0,0,0,0,0,0,0,0,0,0,0,0,0,0,0,0,0,0,0,0,0,0,0,0,0,0,0,0,0,0,0,0,0,0,0,0,0,0,0,0,0,0,0,0,0,0,0,0,0,0,0,0,0,0,0,0,0,0,0,0,0,0,0,0,0,0,0,0,0,0,0,0,0,0,0,0,0,0,0,0,0,0,0,0,0,0,0,0,0,0,0,0,0,0,0,0,0,0,0,0,0,0,0,0,0,0,0,0,0,0,0,0,0,0,0,0,0,0,0,0,0,0,0,0,0,0,0,0,0,0,0,0,0,0,0,0,0,0,0,0,0,0,0,0,0,0,0,0,0,0,0,0,0,0,0,0,0,0,0,0,0,0,0,0,0,0,0,0,0,0,1,86,151,255,254,254,221,32,0,0,0,0,0,0,0,0,0,0,0,0,0,0,0,0,0,0,0,20,151,253,253,253,253,253,253,182,3,0,0,0,0,0,0,0,0,0,0,0,0,0,0,0,0,0,11,208,253,251,213,111,111,206,253,253,49,0,0,0,0,0,0,0,0,0,0,0,0,0,0,0,0,0,80,251,213,90,0,0,0,75,253,253,49,0,0,0,0,0,0,0,0,0,0,0,0,0,0,0,0,0,8,89,0,0,0,0,23,194,253,208,19,0,0,0,0,0,0,0,0,0,0,0,0,0,0,0,0,0,0,0,0,0,0,8,191,253,253,190,38,7,0,0,0,0,0,0,0,0,0,0,0,0,0,0,0,0,0,0,0,28,65,184,253,253,253,253,253,182,62,6,0,0,0,0,0,0,0,0,0,0,0,0,0,0,0,0,0,161,253,253,253,253,253,253,253,253,253,134,5,0,0,0,0,0,0,0,0,0,0,0,0,0,0,0,0,127,234,215,197,107,74,110,197,244,253,253,135,4,0,0,0,0,0,0,0,0,0,0,0,0,0,0,0,0,45,22,0,0,0,0,0,99,244,253,253,18,0,0,0,0,0,0,0,0,0,0,0,0,0,0,0,0,0,0,0,0,0,0,0,0,99,245,253,112,0,0,0,0,0,0,0,0,0,0,0,0,0,0,0,0,0,0,0,0,0,0,0,0,0,223,253,141,0,0,0,0,0,0,0,0,0,0,0,0,0,0,0,0,0,0,0,0,0,0,0,0,116,248,253,141,0,0,0,0,0,0,0,0,0,0,0,0,0,0,0,0,0,0,0,0,0,0,0,0,217,253,253,39,0,0,0,0,0,0,0,0,0,0,0,0,0,0,0,0,0,0,0,0,0,0,30,135,248,253,214,12,0,0,0,0,0,0,0,0,0,0,0,0,0,0,0,0,0,0,0,0,0,0,129,253,253,214,30,0,0,0,0,0,0,0,0,0,0,0,0,0,0,0,0,0,0,0,0,0,0,180,249,253,214,90,0,0,0,0,0,0,0,0,0,0,0,0,0,0,0,0,0,0,0,0,80,142,236,249,253,215,29,0,0,0,0,0,0,0,0,0,0,0,0,0,0,0,0,0,0,0,0,106,250,253,253,253,216,29,0,0,0,0,0,0,0,0,0,0,0,0,0,0,0,0,0,0,0,0,0,89,217,253,159,32,4,0,0,0,0,0,0,0,0,0,0,0,0,0,0,0,0,0,0,0,0,0,0,0,0,0,0,0,0,0,0,0,0,0,0,0,0,0,0,0,0,0,0,0,0,0,0,0,0,0,0,0,0,0,0,0,0,0,0,0,0,0,0,0,0,0,0,0,0
1,0,0,0,0,0,0,0,0,0,0,0,0,0,0,0,0,0,0,0,0,0,0,0,0,0,0,0,0,0,0,0,0,0,0,0,0,0,0,0,0,0,0,0,0,0,0,0,0,0,0,0,0,0,0,0,0,0,0,0,0,0,0,0,0,0,0,0,0,0,0,0,0,0,0,0,0,0,0,0,0,0,0,0,0,0,0,0,0,0,0,0,0,0,0,0,0,0,0,0,0,0,0,0,0,0,0,0,0,0,0,0,0,0,0,0,0,0,0,0,0,0,0,0,0,0,0,0,113,253,0,0,0,0,0,0,0,0,0,0,0,0,0,0,0,0,0,0,0,0,0,0,0,0,0,0,193,252,82,0,0,0,0,0,0,0,0,0,0,0,0,0,0,0,0,0,0,0,0,0,0,0,0,0,193,253,102,0,0,0,0,0,0,0,0,0,0,0,0,0,0,0,0,0,0,0,0,0,0,0,0,0,193,252,20,0,0,0,0,0,0,0,0,0,0,0,0,0,0,0,0,0,0,0,0,0,0,0,0,21,254,253,0,0,0,0,0,0,0,0,0,0,0,0,0,0,0,0,0,0,0,0,0,0,0,0,0,102,253,252,0,0,0,0,0,0,0,0,0,0,0,0,0,0,0,0,0,0,0,0,0,0,0,0,0,102,254,233,0,0,0,0,0,0,0,0,0,0,0,0,0,0,0,0,0,0,0,0,0,0,0,0,0,183,253,151,0,0,0,0,0,0,0,0,0,0,0,0,0,0,0,0,0,0,0,0,0,0,0,0,31,233,254,131,0,0,0,0,0,0,0,0,0,0,0,0,0,0,0,0,0,0,0,0,0,0,0,0,92,252,233,30,0,0,0,0,0,0,0,0,0,0,0,0,0,0,0,0,0,0,0,0,0,0,0,0,152,253,203,0,0,0,0,0,0,0,0,0,0,0,0,0,0,0,0,0,0,0,0,0,0,0,0,0,152,252,203,0,0,0,0,0,0,0,0,0,0,0,0,0,0,0,0,0,0,0,0,0,0,0,0,21,254,253,183,0,0,0,0,0,0,0,0,0,0,0,0,0,0,0,0,0,0,0,0,0,0,0,0,61,253,252,142,0,0,0,0,0,0,0,0,0,0,0,0,0,0,0,0,0,0,0,0,0,0,0,0,62,254,253,142,0,0,0,0,0,0,0,0,0,0,0,0,0,0,0,0,0,0,0,0,0,0,0,0,102,253,252,102,0,0,0,0,0,0,0,0,0,0,0,0,0,0,0,0,0,0,0,0,0,0,0,0,103,255,253,0,0,0,0,0,0,0,0,0,0,0,0,0,0,0,0,0,0,0,0,0,0,0,0,0,183,253,252,0,0,0,0,0,0,0,0,0,0,0,0,0,0,0,0,0,0,0,0,0,0,0,0,0,204,255,253,0,0,0,0,0,0,0,0,0,0,0,0,0,0,0,0,0,0,0,0,0,0,0,0,0,162,253,212,0,0,0,0,0,0,0,0,0,0,0,0,0,0,0,0,0,0,0,0,0,0,0,0,0,0,0,0,0,0,0,0,0,0,0,0,0,0,0,0,0,0,0,0,0,0,0,0,0,0,0,0,0,0,0,0,0,0,0,0,0,0,0,0,0,0,0,0,0,0,0,0,0,0,0,0,0,0,0,0,0,0,0,0,0,0,0,0,0,0,0,0,0,0,0,0,0,0,0,0,0,0,0,0,0,0,0,0,0,0,0,0,0,0,0,0,0,0,0,0,0,0,0,0,0
3,0,0,0,0,0,0,0,0,0,0,0,0,0,0,0,0,0,0,0,0,0,0,0,0,0,0,0,0,0,0,0,0,0,0,0,0,0,0,0,0,0,0,0,0,0,0,0,0,0,0,0,0,0,0,0,0,0,0,0,0,0,0,0,0,0,0,0,0,0,0,0,0,0,0,0,0,0,0,0,0,0,0,0,0,0,0,0,0,0,0,0,0,0,0,0,0,0,0,0,0,0,0,0,0,0,0,0,0,0,0,0,0,0,0,0,0,0,0,0,0,0,22,155,238,254,255,254,189,36,0,0,0,0,0,0,0,0,0,0,0,0,0,0,0,0,0,0,0,0,159,254,254,254,254,254,254,198,0,0,0,0,0,0,0,0,0,0,0,0,0,0,0,0,0,0,0,0,56,250,212,162,127,202,254,210,0,0,0,0,0,0,0,0,0,0,0,0,0,0,0,0,0,0,0,0,0,4,3,0,0,168,254,210,0,0,0,0,0,0,0,0,0,0,0,0,0,0,0,0,0,0,0,0,0,0,0,0,42,247,254,120,0,0,0,0,0,0,0,0,0,0,0,0,0,0,0,0,0,0,0,0,0,0,0,0,81,254,254,19,0,0,0,0,0,0,0,0,0,0,0,0,0,0,0,0,0,0,0,0,0,0,0,18,240,254,254,39,0,0,0,0,0,0,0,0,0,0,0,0,0,0,0,0,0,0,0,0,0,0,0,82,254,254,254,214,112,14,0,0,0,0,0,0,0,0,0,0,0,0,0,0,0,0,0,0,0,0,0,82,254,254,254,254,254,232,48,0,0,0,0,0,0,0,0,0,0,0,0,0,0,0,0,0,0,0,0,82,254,251,140,127,244,254,232,33,0,0,0,0,0,0,0,0,0,0,0,0,0,0,0,0,0,0,0,16,48,45,0,0,38,184,254,135,0,0,0,0,0,0,0,0,0,0,0,0,0,0,0,0,0,0,0,0,0,0,0,0,3,194,254,152,0,0,0,0,0,0,0,0,0,0,0,0,0,0,0,0,0,0,0,0,0,0,0,0,151,254,254,152,0,0,0,0,0,0,0,0,0,0,0,0,0,0,0,0,0,0,0,0,0,0,3,116,243,254,252,111,0,0,0,0,0,0,0,0,0,0,0,0,0,0,0,0,0,0,0,0,0,5,163,254,254,254,151,0,0,0,0,0,0,0,0,0,0,0,0,0,0,0,53,35,0,0,0,13,94,177,254,254,254,201,57,0,0,0,0,0,0,0,0,0,0,0,0,0,0,0,95,196,69,5,56,215,254,254,254,254,210,52,0,0,0,0,0,0,0,0,0,0,0,0,0,0,0,0,21,229,254,254,254,254,254,254,254,175,19,0,0,0,0,0,0,0,0,0,0,0,0,0,0,0,0,0,0,79,244,254,254,254,254,221,59,3,0,0,0,0,0,0,0,0,0,0,0,0,0,0,0,0,0,0,0,0,45,211,254,186,67,12,0,0,0,0,0,0,0,0,0,0,0,0,0,0,0,0,0,0,0,0,0,0,0,0,0,0,0,0,0,0,0,0,0,0,0,0,0,0,0,0,0,0,0,0,0,0,0,0,0,0,0,0,0,0,0,0,0,0,0,0,0,0,0,0,0,0,0,0,0,0,0,0,0,0,0,0,0,0,0,0,0,0,0,0,0,0,0,0,0,0,0,0,0,0,0,0,0,0,0,0,0,0,0,0,0,0,0,0,0,0,0,0,0,0,0,0,0,0,0,0,0,0,0,0,0
0,0,0,0,0,0,0,0,0,0,0,0,0,0,0,0,0,0,0,0,0,0,0,0,0,0,0,0,0,0,0,0,0,0,0,0,0,0,0,0,0,0,0,0,0,0,0,0,0,0,0,0,0,0,0,0,0,0,0,0,0,0,0,0,0,0,0,0,0,0,0,0,0,0,0,0,0,0,0,0,0,0,0,0,0,0,0,0,0,0,0,0,0,0,0,0,0,0,0,0,0,0,0,0,0,0,0,0,0,0,0,0,0,0,0,0,0,0,0,0,0,0,0,0,0,0,0,10,130,211,219,132,0,0,0,0,0,0,0,0,0,0,0,0,0,0,0,0,0,0,0,0,0,0,43,210,254,254,254,223,0,0,0,0,0,0,0,0,0,0,0,0,0,0,0,0,0,0,0,0,3,88,249,254,240,239,254,253,213,44,0,0,0,0,0,0,0,0,0,0,0,0,0,0,0,0,0,0,93,254,253,149,41,146,254,220,254,249,61,0,0,0,0,0,0,0,0,0,0,0,0,0,0,0,0,92,232,254,185,0,0,72,88,25,207,254,213,29,0,0,0,0,0,0,0,0,0,0,0,0,0,0,49,231,255,181,13,0,0,0,0,0,24,207,254,140,0,0,0,0,0,0,0,0,0,0,0,0,0,6,223,255,191,11,0,0,0,0,0,0,0,77,254,189,0,0,0,0,0,0,0,0,0,0,0,0,0,110,254,237,59,0,0,0,0,0,0,0,0,21,254,244,0,0,0,0,0,0,0,0,0,0,0,0,33,244,254,95,0,0,0,0,0,0,0,0,0,21,254,244,0,0,0,0,0,0,0,0,0,0,0,0,162,254,238,30,0,0,0,0,0,0,0,0,0,21,254,244,0,0,0,0,0,0,0,0,0,0,0,37,249,254,145,0,0,0,0,0,0,0,0,0,0,105,254,203,0,0,0,0,0,0,0,0,0,0,0,95,254,254,22,0,0,0,0,0,0,0,0,0,0,228,254,140,0,0,0,0,0,0,0,0,0,0,0,95,254,225,13,0,0,0,0,0,0,0,0,0,96,248,231,49,0,0,0,0,0,0,0,0,0,0,0,95,254,171,0,0,0,0,0,0,0,0,0,43,250,252,79,0,0,0,0,0,0,0,0,0,0,0,0,95,254,171,0,0,0,0,0,0,0,0,64,221,254,128,0,0,0,0,0,0,0,0,0,0,0,0,0,95,254,171,0,0,0,0,0,0,0,30,213,254,207,13,0,0,0,0,0,0,0,0,0,0,0,0,0,95,254,227,14,0,0,0,0,0,55,175,254,205,24,0,0,0,0,0,0,0,0,0,0,0,0,0,0,52,250,254,222,146,66,11,56,179,247,254,210,23,0,0,0,0,0,0,0,0,0,0,0,0,0,0,0,0,113,254,254,254,254,254,254,254,254,138,23,0,0,0,0,0,0,0,0,0,0,0,0,0,0,0,0,0,7,46,153,255,254,254,210,150,67,1,0,0,0,0,0,0,0,0,0,0,0,0,0,0,0,0,0,0,0,0,0,0,0,0,0,0,0,0,0,0,0,0,0,0,0,0,0,0,0,0,0,0,0,0,0,0,0,0,0,0,0,0,0,0,0,0,0,0,0,0,0,0,0,0,0,0,0,0,0,0,0,0,0,0,0,0,0,0,0,0,0,0,0,0,0,0,0,0,0,0,0,0,0,0,0,0,0,0,0,0,0,0,0,0,0,0,0,0,0,0,0,0,0,0,0,0,0,0,0,0,0,0,0
1,0,0,0,0,0,0,0,0,0,0,0,0,0,0,0,0,0,0,0,0,0,0,0,0,0,0,0,0,0,0,0,0,0,0,0,0,0,0,0,0,0,0,0,0,0,0,0,0,0,0,0,0,0,0,0,0,0,0,0,0,0,0,0,0,0,0,0,0,0,0,0,0,0,0,0,0,0,0,0,0,0,0,0,0,0,0,0,0,0,0,0,0,0,0,0,0,0,0,0,0,0,0,0,0,0,0,0,0,0,0,0,0,0,0,0,0,0,0,0,0,0,0,0,0,0,0,0,0,0,0,0,0,0,0,0,0,0,0,0,0,0,0,0,0,0,0,0,0,0,0,0,0,11,73,202,53,0,0,0,0,0,0,0,0,0,0,0,0,0,0,0,0,0,0,0,0,0,0,0,0,37,251,251,222,62,0,0,0,0,0,0,0,0,0,0,0,0,0,0,0,0,0,0,0,0,0,0,0,37,251,251,253,107,0,0,0,0,0,0,0,0,0,0,0,0,0,0,0,0,0,0,0,0,0,0,0,37,251,251,253,107,0,0,0,0,0,0,0,0,0,0,0,0,0,0,0,0,0,0,0,0,0,0,0,37,251,251,253,107,0,0,0,0,0,0,0,0,0,0,0,0,0,0,0,0,0,0,0,0,0,0,0,37,253,253,255,108,0,0,0,0,0,0,0,0,0,0,0,0,0,0,0,0,0,0,0,0,0,0,0,37,251,251,253,107,0,0,0,0,0,0,0,0,0,0,0,0,0,0,0,0,0,0,0,0,0,0,0,37,251,251,253,107,0,0,0,0,0,0,0,0,0,0,0,0,0,0,0,0,0,0,0,0,0,0,0,37,251,251,253,107,0,0,0,0,0,0,0,0,0,0,0,0,0,0,0,0,0,0,0,0,0,0,0,37,251,251,253,210,25,0,0,0,0,0,0,0,0,0,0,0,0,0,0,0,0,0,0,0,0,0,0,37,253,253,255,253,35,0,0,0,0,0,0,0,0,0,0,0,0,0,0,0,0,0,0,0,0,0,0,37,251,251,253,251,35,0,0,0,0,0,0,0,0,0,0,0,0,0,0,0,0,0,0,0,0,0,0,63,251,251,253,127,5,0,0,0,0,0,0,0,0,0,0,0,0,0,0,0,0,0,0,0,0,0,0,217,251,251,221,61,0,0,0,0,0,0,0,0,0,0,0,0,0,0,0,0,0,0,0,0,0,0,0,217,251,251,180,0,0,0,0,0,0,0,0,0,0,0,0,0,0,0,0,0,0,0,0,0,0,0,0,37,253,253,53,0,0,0,0,0,0,0,0,0,0,0,0,0,0,0,0,0,0,0,0,0,0,0,0,37,251,251,180,0,0,0,0,0,0,0,0,0,0,0,0,0,0,0,0,0,0,0,0,0,0,0,0,37,251,251,180,0,0,0,0,0,0,0,0,0,0,0,0,0,0,0,0,0,0,0,0,0,0,0,0,37,251,251,180,0,0,0,0,0,0,0,0,0,0,0,0,0,0,0,0,0,0,0,0,0,0,0,0,11,71,200,51,0,0,0,0,0,0,0,0,0,0,0,0,0,0,0,0,0,0,0,0,0,0,0,0,0,0,0,0,0,0,0,0,0,0,0,0,0,0,0,0,0,0,0,0,0,0,0,0,0,0,0,0,0,0,0,0,0,0,0,0,0,0,0,0,0,0,0,0,0,0,0,0,0,0,0,0,0,0,0,0,0,0,0,0,0,0,0,0,0,0,0,0,0,0,0,0
7,0,0,0,0,0,0,0,0,0,0,0,0,0,0,0,0,0,0,0,0,0,0,0,0,0,0,0,0,0,0,0,0,0,0,0,0,0,0,0,0,0,0,0,0,0,0,0,0,0,0,0,0,0,0,0,0,0,0,0,0,0,0,0,0,0,0,0,0,0,0,0,0,0,0,0,0,0,0,0,0,0,0,0,0,0,0,0,0,0,0,0,0,0,0,0,0,0,0,0,0,0,0,0,0,0,0,0,0,0,0,0,0,0,0,0,0,0,0,0,0,0,0,0,0,0,0,0,0,0,0,0,0,0,0,0,0,0,0,0,0,0,0,0,0,0,0,0,0,0,0,0,0,0,0,0,0,0,0,0,0,0,0,0,0,0,0,0,0,0,0,0,0,0,0,0,0,0,0,14,222,255,111,0,0,0,0,0,0,0,0,0,0,0,0,0,0,0,0,0,0,0,0,0,0,0,0,184,254,254,162,17,0,44,126,90,0,0,0,0,0,0,0,0,0,0,0,0,0,0,0,0,0,0,64,251,254,219,202,128,30,242,250,117,0,0,0,0,0,0,0,0,0,0,0,0,0,0,0,0,0,0,104,240,109,3,2,0,0,131,116,0,0,0,0,0,0,0,0,0,0,0,0,0,0,0,0,0,0,0,0,29,0,0,0,0,0,178,0,0,0,0,0,0,0,0,0,0,0,0,0,0,0,0,0,0,0,0,0,0,0,0,0,0,92,205,0,0,0,0,0,0,0,0,0,0,0,0,0,0,0,0,0,0,0,0,0,0,0,0,0,29,217,98,0,0,0,0,0,0,0,0,0,0,0,0,0,0,0,0,0,0,0,0,0,0,0,0,0,111,248,17,0,0,0,0,0,0,0,0,0,0,0,0,0,0,0,0,0,0,0,0,0,0,0,0,0,178,177,0,0,0,0,0,0,0,0,0,0,0,0,0,0,0,0,0,0,0,0,0,0,0,0,0,0,206,177,0,0,0,0,0,0,0,0,0,0,0,0,0,0,0,0,0,0,0,0,0,0,0,0,0,40,245,177,0,0,0,0,0,0,0,0,0,0,0,0,0,0,0,0,0,0,0,0,0,0,0,0,0,114,249,87,0,0,0,0,0,0,0,0,0,0,0,0,0,0,0,0,0,0,0,0,0,0,0,0,0,144,245,31,0,0,0,0,0,0,0,0,0,0,0,0,0,0,0,0,0,0,0,0,0,0,0,0,0,147,199,0,0,0,0,0,0,0,0,0,0,0,0,0,0,0,0,0,0,0,0,0,0,0,0,0,0,240,143,0,0,0,0,0,0,0,0,0,0,0,0,0,0,0,0,0,0,0,0,0,0,0,0,0,0,240,143,0,0,0,0,0,0,0,0,0,0,0,0,0,0,0,0,0,0,0,0,0,0,0,0,0,0,240,106,0,0,0,0,0,0,0,0,0,0,0,0,0,0,0,0,0,0,0,0,0,0,0,0,0,0,240,73,0,0,0,0,0,0,0,0,0,0,0,0,0,0,0,0,0,0,0,0,0,0,0,0,0,0,240,229,0,0,0,0,0,0,0,0,0,0,0,0,0,0,0,0,0,0,0,0,0,0,0,0,0,0,240,166,0,0,0,0,0,0,0,0,0,0,0,0,0,0,0,0,0,0,0,0,0,0,0,0,0,0,0,0,0,0,0,0,0,0,0,0,0,0,0,0,0,0,0,0,0,0,0,0,0,0,0,0,0,0,0,0,0,0,0,0,0,0,0,0,0,0,0,0,0
8,0,0,0,0,0,0,0,0,0,0,0,0,0,0,0,0,0,0,0,0,0,0,0,0,0,0,0,0,0,0,0,0,0,0,0,0,0,0,0,0,0,0,0,0,0,0,0,0,0,0,0,0,0,0,0,0,0,0,0,0,0,0,0,0,0,0,0,0,0,0,0,0,0,0,0,0,0,0,0,0,0,0,0,0,0,0,0,0,0,0,0,0,0,0,0,0,0,0,0,0,0,0,0,0,0,0,0,0,0,0,0,0,0,0,0,0,0,0,0,0,0,0,0,0,0,0,0,0,0,0,0,0,0,0,0,0,0,0,0,0,0,0,0,0,0,0,0,0,0,0,0,0,0,0,0,140,209,254,255,218,43,0,0,0,0,0,0,0,0,0,0,0,0,0,0,0,0,0,0,0,0,114,237,253,217,229,237,254,117,0,0,0,0,0,0,0,0,0,0,0,0,0,0,0,0,0,0,61,206,253,241,138,20,6,54,236,247,43,0,0,0,0,0,0,0,0,0,0,0,0,0,0,0,0,0,195,254,177,23,0,0,0,0,141,254,122,0,0,0,0,0,0,0,0,0,0,0,0,0,0,0,0,137,252,154,3,0,0,0,0,7,204,254,104,0,0,0,0,0,0,0,0,0,0,0,0,0,0,0,0,146,240,30,0,0,0,0,8,168,254,188,6,0,0,0,0,0,0,0,0,0,0,0,0,0,0,0,0,224,229,17,0,0,0,27,167,254,186,15,0,0,0,0,0,0,0,0,0,0,0,0,0,0,0,0,0,233,223,14,0,0,69,222,254,231,58,0,0,0,0,0,0,0,0,0,0,0,0,0,0,0,0,0,0,158,246,72,0,39,222,254,192,68,0,0,0,0,0,0,0,0,0,0,0,0,0,0,0,0,0,0,0,93,249,215,26,209,254,221,38,0,0,0,0,0,0,0,0,0,0,0,0,0,0,0,0,0,0,0,0,0,186,254,195,254,254,163,135,211,122,0,0,0,0,0,0,0,0,0,0,0,0,0,0,0,0,0,0,0,102,254,254,254,254,254,238,143,27,0,0,0,0,0,0,0,0,0,0,0,0,0,0,0,0,0,0,8,138,254,254,254,156,97,28,0,0,0,0,0,0,0,0,0,0,0,0,0,0,0,0,0,0,0,7,168,254,254,245,254,110,0,0,0,0,0,0,0,0,0,0,0,0,0,0,0,0,0,0,0,0,0,130,254,249,110,56,237,211,20,0,0,0,0,0,0,0,0,0,0,0,0,0,0,0,0,0,0,0,5,217,254,128,0,0,145,254,53,0,0,0,0,0,0,0,0,0,0,0,0,0,0,0,0,0,0,0,132,254,205,7,0,0,82,254,70,0,0,0,0,0,0,0,0,0,0,0,0,0,0,0,0,0,0,0,155,254,162,96,96,140,243,194,14,0,0,0,0,0,0,0,0,0,0,0,0,0,0,0,0,0,0,0,154,254,254,254,254,254,237,83,0,0,0,0,0,0,0,0,0,0,0,0,0,0,0,0,0,0,0,0,23,132,247,254,177,151,40,0,0,0,0,0,0,0,0,0,0,0,0,0,0,0,0,0,0,0,0,0,0,0,0,0,0,0,0,0,0,0,0,0,0,0,0,0,0,0,0,0,0,0,0,0,0,0,0,0,0,0,0,0,0,0,0,0,0,0,0,0,0,0,0,0,0,0,0,0,0,0,0,0,0,0,0,0,0,0,0,0,0,0,0,0,0,0,0,0,0,0,0,0,0,0,0,0
4,0,0,0,0,0,0,0,0,0,0,0,0,0,0,0,0,0,0,0,0,0,0,0,0,0,0,0,0,0,0,0,0,0,0,0,0,0,0,0,0,0,0,0,0,0,0,0,0,0,0,0,0,0,0,0,0,0,0,0,0,0,0,0,0,0,0,0,0,0,0,0,0,0,0,0,0,0,0,0,0,0,0,0,0,0,0,0,0,0,0,0,0,0,0,0,0,0,0,0,0,0,0,0,0,0,0,0,0,0,0,0,0,0,0,0,0,0,0,0,0,0,0,0,0,0,0,0,0,0,0,0,0,0,0,0,0,0,0,0,0,0,0,0,0,0,0,0,0,0,0,0,0,0,0,0,0,0,0,90,225,17,0,0,0,0,0,0,0,0,0,0,0,0,0,0,0,0,0,0,0,0,0,0,0,0,0,163,254,24,0,0,0,0,0,0,0,0,0,0,0,0,0,0,26,149,59,0,0,0,0,0,0,0,0,213,254,24,0,0,0,0,0,0,0,0,0,0,0,0,0,0,124,254,125,0,0,0,0,0,0,0,30,232,228,14,0,0,0,0,0,0,0,0,0,0,0,0,0,0,124,254,183,0,0,0,0,0,0,0,124,254,183,0,0,0,0,0,0,0,0,0,0,0,0,0,0,0,165,254,115,0,0,0,0,0,0,0,192,254,115,0,0,0,0,0,0,0,0,0,0,0,0,0,0,19,232,254,120,92,4,0,0,0,0,0,205,254,43,0,0,0,0,0,0,0,0,0,0,0,0,0,0,155,254,254,246,254,157,24,0,0,0,20,233,254,33,0,0,0,0,0,0,0,0,0,0,0,0,0,48,250,254,133,61,215,254,217,99,0,0,57,254,183,2,0,0,0,0,0,0,0,0,0,0,0,0,0,107,254,174,15,0,74,222,254,254,182,83,160,254,123,0,0,0,0,0,0,0,0,0,0,0,0,0,0,8,45,0,0,0,0,0,133,253,254,254,254,255,68,0,0,0,0,0,0,0,0,0,0,0,0,0,0,0,0,0,0,0,0,0,0,50,74,118,254,238,25,0,0,0,0,0,0,0,0,0,0,0,0,0,0,0,0,0,0,0,0,0,0,0,0,33,254,178,0,0,0,0,0,0,0,0,0,0,0,0,0,0,0,0,0,0,0,0,0,0,0,0,0,81,254,130,0,0,0,0,0,0,0,0,0,0,0,0,0,0,0,0,0,0,0,0,0,0,0,0,0,107,254,118,0,0,0,0,0,0,0,0,0,0,0,0,0,0,0,0,0,0,0,0,0,0,0,0,4,188,254,49,0,0,0,0,0,0,0,0,0,0,0,0,0,0,0,0,0,0,0,0,0,0,0,0,62,254,246,38,0,0,0,0,0,0,0,0,0,0,0,0,0,0,0,0,0,0,0,0,0,0,0,0,121,254,199,0,0,0,0,0,0,0,0,0,0,0,0,0,0,0,0,0,0,0,0,0,0,0,0,0,180,254,216,0,0,0,0,0,0,0,0,0,0,0,0,0,0,0,0,0,0,0,0,0,0,0,0,0,48,254,115,0,0,0,0,0,0,0,0,0,0,0,0,0,0,0,0,0,0,0,0,0,0,0,0,0,0,0,0,0,0,0,0,0,0,0,0,0,0,0,0,0,0,0,0,0,0,0,0,0,0,0,0,0,0,0,0,0,0,0,0,0,0,0,0,0,0,0,0,0,0,0,0,0,0,0,0,0,0,0,0,0,0,0,0,0,0,0,0,0,0,0,0,0,0,0
7,0,0,0,0,0,0,0,0,0,0,0,0,0,0,0,0,0,0,0,0,0,0,0,0,0,0,0,0,0,0,0,0,0,0,0,0,0,0,0,0,0,0,0,0,0,0,0,0,0,0,0,0,0,0,0,0,0,0,0,0,0,0,0,0,0,0,0,0,0,0,0,0,0,0,0,0,0,0,0,0,0,0,0,0,0,0,0,0,0,0,0,0,0,0,0,0,0,0,0,0,0,0,0,0,0,0,0,0,0,0,0,0,0,0,0,0,0,0,0,0,0,0,0,0,0,0,0,0,0,0,0,0,0,0,0,0,0,0,0,0,0,0,0,0,0,0,0,0,0,0,0,0,0,0,0,0,0,0,0,0,0,0,0,0,0,0,0,0,0,0,0,0,0,0,0,0,0,0,0,0,0,0,0,0,0,0,0,0,0,0,0,0,0,0,0,0,0,0,0,0,0,0,0,0,0,0,0,0,0,0,0,0,65,128,227,199,14,0,0,0,0,0,0,0,0,0,0,0,0,0,0,0,0,0,0,0,25,98,125,205,254,253,253,217,71,237,32,0,0,0,0,0,0,0,0,0,0,0,0,0,0,3,40,122,227,253,247,200,150,253,220,29,34,97,5,0,0,0,0,0,0,0,0,0,0,19,0,0,82,205,253,253,204,123,43,0,141,253,150,0,0,0,0,0,0,0,0,0,0,0,0,0,0,18,0,0,172,196,113,32,0,0,0,14,218,237,18,0,0,0,0,0,0,0,0,0,0,0,0,0,0,0,0,0,8,2,0,0,0,0,0,158,254,165,0,0,0,0,0,0,0,0,0,0,0,0,0,0,0,0,0,0,0,0,0,0,0,0,56,247,250,43,0,0,0,0,0,0,0,0,0,0,0,0,0,0,0,0,0,0,0,0,0,0,0,0,157,253,130,0,0,0,0,0,0,0,0,0,0,0,0,0,0,0,0,0,0,0,0,0,0,0,0,66,254,222,19,0,0,0,11,150,34,0,0,0,0,0,0,0,0,0,0,0,0,0,0,0,0,0,0,210,253,96,0,0,0,0,51,253,34,0,0,0,0,0,0,0,0,0,0,0,0,0,0,0,0,0,72,251,198,7,0,0,0,0,48,119,5,0,0,0,0,0,0,0,0,0,0,0,0,0,0,0,0,0,204,244,106,0,0,0,0,0,0,0,0,0,0,0,0,0,0,0,0,0,0,0,0,0,0,0,0,118,255,188,0,0,0,0,0,0,0,0,0,0,0,0,0,0,0,0,0,0,0,0,0,0,0,0,12,187,247,23,0,0,0,0,0,0,0,0,0,0,0,0,0,0,0,0,0,0,0,0,0,0,0,0,108,253,122,0,0,0,0,0,0,0,0,0,0,0,0,0,0,0,0,0,0,0,0,0,0,0,0,19,224,235,32,0,0,0,0,0,0,0,0,0,0,0,0,0,0,0,0,0,0,0,0,0,0,0,0,129,254,123,0,0,0,0,0,0,0,0,0,0,0,0,0,0,0,0,0,0,0,0,0,0,0,0,30,243,228,4,0,0,0,0,0,0,0,0,0,0,0,0,0,0,0,0,0,0,0,0,0,0,0,46,200,251,104,0,0,0,0,0,0,0,0,0,0,0,0,0,0,0,0,0,0,0,0,0,0,0,0,64,253,219,0,0,0,0,0,0,0,0,0,0,0,0,0,0,0,0,0,0,0,0,0,0,0,0,0,0,0,0,0,0,0,0,0,0,0,0,0,0,0,0,0,0,0,0,0,0
8,0,0,0,0,0,0,0,0,0,0,0,0,0,0,0,0,0,0,0,0,0,0,0,0,0,0,0,0,0,0,0,0,0,0,0,0,0,0,0,0,0,0,0,0,0,0,0,0,0,0,0,0,0,0,0,0,0,0,0,0,0,0,0,0,0,0,0,0,0,0,0,0,0,0,0,0,0,0,0,0,0,0,0,0,0,0,0,0,0,0,0,0,0,0,0,0,0,0,0,0,0,0,0,0,0,0,0,0,0,0,0,0,0,0,0,0,0,0,0,0,0,0,0,0,0,0,0,0,0,0,0,0,0,0,0,0,0,0,0,0,0,0,0,0,0,0,0,0,0,0,0,48,150,195,254,255,254,81,0,0,0,0,0,0,0,0,0,0,0,0,0,0,0,0,0,0,0,59,197,247,253,253,253,253,253,234,50,0,0,0,0,0,0,0,0,0,0,0,0,0,0,0,0,0,61,241,253,236,191,69,10,10,128,217,102,0,0,0,0,0,0,0,0,0,0,0,0,0,0,0,0,61,236,253,195,48,0,0,0,0,0,0,0,0,0,0,0,0,0,0,0,0,0,0,0,0,0,0,0,140,253,219,6,0,0,0,0,0,0,0,14,101,181,199,15,0,0,0,0,0,0,0,0,0,0,0,0,140,253,124,0,0,0,0,0,0,0,56,212,231,129,57,0,0,0,0,0,0,0,0,0,0,0,0,0,140,253,174,12,0,0,0,0,0,134,246,190,51,0,0,0,0,0,0,0,0,0,0,0,0,0,0,0,115,253,253,228,166,140,63,63,103,252,206,47,0,0,0,0,0,0,0,0,0,0,0,0,0,0,0,0,6,118,241,253,253,253,253,253,253,253,62,0,0,0,0,0,0,0,0,0,0,0,0,0,0,0,0,0,0,0,11,98,146,201,224,253,253,253,179,31,0,0,0,0,0,0,0,0,0,0,0,0,0,0,0,0,0,0,0,0,0,0,149,253,253,253,253,159,0,0,0,0,0,0,0,0,0,0,0,0,0,0,0,0,0,0,0,0,0,53,236,185,5,81,243,253,71,0,0,0,0,0,0,0,0,0,0,0,0,0,0,0,0,0,0,0,0,166,252,64,0,0,192,253,150,0,0,0,0,0,0,0,0,0,0,0,0,0,0,0,0,0,0,0,28,248,150,0,0,0,192,253,175,0,0,0,0,0,0,0,0,0,0,0,0,0,0,0,0,0,0,0,151,253,144,0,0,0,192,253,175,0,0,0,0,0,0,0,0,0,0,0,0,0,0,0,0,0,0,0,223,253,144,0,0,47,247,251,77,0,0,0,0,0,0,0,0,0,0,0,0,0,0,0,0,0,0,0,223,253,144,0,0,216,253,152,0,0,0,0,0,0,0,0,0,0,0,0,0,0,0,0,0,0,0,0,219,253,149,11,134,253,250,72,0,0,0,0,0,0,0,0,0,0,0,0,0,0,0,0,0,0,0,0,97,253,253,253,253,253,100,0,0,0,0,0,0,0,0,0,0,0,0,0,0,0,0,0,0,0,0,0,3,139,253,253,253,134,12,0,0,0,0,0,0,0,0,0,0,0,0,0,0,0,0,0,0,0,0,0,0,0,0,0,0,0,0,0,0,0,0,0,0,0,0,0,0,0,0,0,0,0,0,0,0,0,0,0,0,0,0,0,0,0,0,0,0,0,0,0,0,0,0,0,0,0,0,0,0,0,0,0,0,0,0,0,0,0,0,0,0,0,0,0,0,0,0,0,0,0,0,0,0
5,0,0,0,0,0,0,0,0,0,0,0,0,0,0,0,0,0,0,0,0,0,0,0,0,0,0,0,0,0,0,0,0,0,0,0,0,0,0,0,0,0,0,0,0,0,0,0,0,0,0,0,0,0,0,0,0,0,0,0,0,0,0,0,0,0,0,0,0,0,0,0,0,0,0,0,0,0,0,0,0,0,0,0,0,0,0,0,0,0,0,0,0,0,0,0,0,0,0,0,0,0,0,0,0,0,0,0,0,0,0,0,0,0,0,0,0,0,0,0,0,0,0,0,0,0,0,0,0,0,0,0,0,0,0,0,0,0,0,0,0,0,0,0,0,0,0,0,0,0,0,0,9,86,104,80,167,191,254,255,254,242,120,0,0,0,0,0,0,0,0,0,0,0,0,0,0,15,86,158,229,254,254,254,254,254,254,254,229,195,104,0,0,0,0,0,0,0,0,0,0,0,0,0,0,217,254,254,254,254,251,192,135,105,53,17,11,3,0,0,0,0,0,0,0,0,0,0,0,0,0,0,0,181,201,128,225,254,88,0,0,0,0,0,0,0,0,0,0,0,0,0,0,0,0,0,0,0,0,0,0,0,0,0,202,248,46,0,0,0,0,0,0,0,0,0,0,0,0,0,0,0,0,0,0,0,0,0,0,0,0,0,202,239,12,0,0,0,0,0,0,0,0,0,0,0,0,0,0,0,0,0,0,0,0,0,0,0,0,28,243,136,0,0,0,0,0,0,0,0,0,0,0,0,0,0,0,0,0,0,0,0,0,0,0,0,0,72,254,161,106,106,49,1,0,0,0,0,0,0,0,0,0,0,0,0,0,0,0,0,0,0,0,0,0,156,254,254,254,254,254,108,1,0,0,0,0,0,0,0,0,0,0,0,0,0,0,0,0,0,0,0,0,211,254,181,79,79,136,251,78,0,0,0,0,0,0,0,0,0,0,0,0,0,0,0,0,0,0,0,0,184,237,21,0,0,0,80,228,45,0,0,0,0,0,0,0,0,0,0,0,0,0,0,0,0,0,0,0,4,8,0,0,0,0,0,182,198,0,0,0,0,0,0,0,0,0,0,0,0,0,0,0,0,0,0,0,0,0,0,0,0,0,0,149,232,21,0,0,0,0,0,0,0,0,0,0,0,0,0,0,0,0,0,0,0,0,0,0,0,0,0,149,254,114,0,0,0,0,0,0,0,0,0,0,0,0,0,0,0,0,0,0,0,0,0,0,0,0,0,149,254,123,0,0,0,0,0,0,0,0,0,0,0,0,0,0,0,0,44,211,168,38,0,0,0,0,10,224,254,111,0,0,0,0,0,0,0,0,0,0,0,0,0,0,0,0,11,217,254,212,7,0,0,9,150,254,212,8,0,0,0,0,0,0,0,0,0,0,0,0,0,0,0,0,0,32,178,254,207,129,106,213,254,254,128,0,0,0,0,0,0,0,0,0,0,0,0,0,0,0,0,0,0,0,10,148,252,254,254,254,254,175,7,0,0,0,0,0,0,0,0,0,0,0,0,0,0,0,0,0,0,0,0,0,66,230,254,254,175,33,0,0,0,0,0,0,0,0,0,0,0,0,0,0,0,0,0,0,0,0,0,0,0,0,0,0,0,0,0,0,0,0,0,0,0,0,0,0,0,0,0,0,0,0,0,0,0,0,0,0,0,0,0,0,0,0,0,0,0,0,0,0,0,0,0,0,0,0,0,0,0,0,0,0,0,0,0,0,0,0,0,0,0,0,0,0,0,0,0,0,0,0,0,0
1,0,0,0,0,0,0,0,0,0,0,0,0,0,0,0,0,0,0,0,0,0,0,0,0,0,0,0,0,0,0,0,0,0,0,0,0,0,0,0,0,0,0,0,0,0,0,0,0,0,0,0,0,0,0,0,0,0,0,0,0,0,0,0,0,0,0,0,0,0,0,0,0,0,0,0,0,0,0,0,0,0,0,0,0,0,0,0,0,0,0,0,0,0,0,0,0,0,0,0,0,0,0,0,0,0,0,0,0,0,0,0,0,0,0,0,0,0,0,0,0,0,0,0,0,0,0,0,0,233,245,8,0,0,0,0,0,0,0,0,0,0,0,0,0,0,0,0,0,0,0,0,0,0,0,0,75,246,254,123,0,0,0,0,0,0,0,0,0,0,0,0,0,0,0,0,0,0,0,0,0,0,0,0,214,254,254,225,0,0,0,0,0,0,0,0,0,0,0,0,0,0,0,0,0,0,0,0,0,0,0,0,214,254,254,225,0,0,0,0,0,0,0,0,0,0,0,0,0,0,0,0,0,0,0,0,0,0,0,28,228,254,254,183,0,0,0,0,0,0,0,0,0,0,0,0,0,0,0,0,0,0,0,0,0,0,26,207,254,254,249,62,0,0,0,0,0,0,0,0,0,0,0,0,0,0,0,0,0,0,0,0,0,0,60,254,254,254,243,0,0,0,0,0,0,0,0,0,0,0,0,0,0,0,0,0,0,0,0,0,0,20,162,254,254,254,121,0,0,0,0,0,0,0,0,0,0,0,0,0,0,0,0,0,0,0,0,0,0,27,226,254,254,183,46,0,0,0,0,0,0,0,0,0,0,0,0,0,0,0,0,0,0,0,0,0,12,169,255,254,255,87,0,0,0,0,0,0,0,0,0,0,0,0,0,0,0,0,0,0,0,0,0,0,19,233,254,254,210,40,0,0,0,0,0,0,0,0,0,0,0,0,0,0,0,0,0,0,0,0,0,3,165,254,255,254,174,4,0,0,0,0,0,0,0,0,0,0,0,0,0,0,0,0,0,0,0,0,0,6,254,254,254,254,52,0,0,0,0,0,0,0,0,0,0,0,0,0,0,0,0,0,0,0,0,0,0,9,202,254,254,251,39,0,0,0,0,0,0,0,0,0,0,0,0,0,0,0,0,0,0,0,0,0,13,140,254,254,255,108,0,0,0,0,0,0,0,0,0,0,0,0,0,0,0,0,0,0,0,0,0,0,108,254,254,254,216,21,0,0,0,0,0,0,0,0,0,0,0,0,0,0,0,0,0,0,0,0,0,0,137,254,254,254,164,0,0,0,0,0,0,0,0,0,0,0,0,0,0,0,0,0,0,0,0,0,0,0,226,254,254,182,16,0,0,0,0,0,0,0,0,0,0,0,0,0,0,0,0,0,0,0,0,0,0,0,226,254,254,95,0,0,0,0,0,0,0,0,0,0,0,0,0,0,0,0,0,0,0,0,0,0,0,0,116,254,188,51,0,0,0,0,0,0,0,0,0,0,0,0,0,0,0,0,0,0,0,0,0,0,0,0,0,0,0,0,0,0,0,0,0,0,0,0,0,0,0,0,0,0,0,0,0,0,0,0,0,0,0,0,0,0,0,0,0,0,0,0,0,0,0,0,0,0,0,0,0,0,0,0,0,0,0,0,0,0,0,0,0,0,0,0,0,0,0,0,0,0,0,0,0,0,0,0,0,0,0,0,0,0,0,0,0,0,0,0,0,0,0,0,0,0,0,0,0,0,0,0,0,0,0,0,0,0,0
8,0,0,0,0,0,0,0,0,0,0,0,0,0,0,0,0,0,0,0,0,0,0,0,0,0,0,0,0,0,0,0,0,0,0,0,0,0,0,0,0,0,0,0,0,0,0,0,0,0,0,0,0,0,0,0,0,0,0,0,0,0,0,0,0,0,0,0,0,0,0,0,0,0,0,0,0,0,0,0,0,0,0,0,0,0,0,0,0,0,0,0,0,0,0,0,0,0,0,0,0,0,0,0,0,0,0,0,0,0,0,0,0,0,0,0,0,0,0,0,0,0,0,0,0,0,7,121,121,176,253,253,253,154,102,0,0,0,0,0,0,0,0,0,0,0,0,0,0,0,0,0,39,240,240,252,253,252,252,252,252,252,86,0,0,0,0,0,0,0,0,0,0,0,0,0,0,0,0,0,41,252,252,252,253,252,252,252,252,252,213,84,0,0,0,0,0,0,0,0,0,0,0,0,0,0,0,0,153,252,205,102,39,39,39,39,165,252,106,35,0,0,0,0,0,0,0,0,0,0,0,0,0,0,0,0,138,252,140,0,0,0,0,0,50,171,38,0,0,0,0,0,0,0,0,0,0,0,0,0,0,0,0,0,138,252,168,0,0,0,0,0,0,82,108,0,0,0,0,0,0,0,0,0,0,0,0,0,0,0,0,0,146,237,248,103,22,0,0,13,76,231,212,0,0,0,0,0,0,0,0,0,0,0,0,0,0,0,0,0,22,208,252,252,63,12,27,168,252,246,120,0,0,0,0,0,0,0,0,0,0,0,0,0,0,0,0,0,0,82,246,252,203,191,252,252,252,122,0,0,0,0,0,0,0,0,0,0,0,0,0,0,0,0,0,0,0,0,146,252,253,252,252,252,146,31,0,0,0,0,0,0,0,0,0,0,0,0,0,0,0,0,0,0,0,13,197,253,255,253,253,110,0,0,0,0,0,0,0,0,0,0,0,0,0,0,0,0,0,0,0,0,74,192,252,252,253,252,252,110,0,0,0,0,0,0,0,0,0,0,0,0,0,0,0,0,0,0,25,192,244,252,252,202,159,247,252,39,0,0,0,0,0,0,0,0,0,0,0,0,0,0,0,0,0,26,196,252,252,252,198,19,0,71,238,194,28,0,0,0,0,0,0,0,0,0,0,0,0,0,0,0,25,196,252,252,220,53,22,0,0,79,245,235,42,0,0,0,0,0,0,0,0,0,0,0,0,0,0,0,122,252,252,212,97,0,0,0,0,23,161,252,123,0,0,0,0,0,0,0,0,0,0,0,0,0,0,0,226,252,252,66,0,0,24,19,41,200,252,252,53,0,0,0,0,0,0,0,0,0,0,0,0,0,0,0,156,252,252,184,160,160,213,203,253,252,252,229,47,0,0,0,0,0,0,0,0,0,0,0,0,0,0,0,95,222,252,252,252,252,252,252,253,246,189,17,0,0,0,0,0,0,0,0,0,0,0,0,0,0,0,0,0,38,119,217,252,252,245,119,120,69,0,0,0,0,0,0,0,0,0,0,0,0,0,0,0,0,0,0,0,0,0,0,0,0,0,0,0,0,0,0,0,0,0,0,0,0,0,0,0,0,0,0,0,0,0,0,0,0,0,0,0,0,0,0,0,0,0,0,0,0,0,0,0,0,0,0,0,0,0,0,0,0,0,0,0,0,0,0,0,0,0,0,0,0,0,0,0,0,0,0,0,0,0,0,0,0,0,0,0,0,0,0,0,0,0,0,0,0,0,0,0,0,0,0,0,0,0,0,0,0,0,0,0
3,0,0,0,0,0,0,0,0,0,0,0,0,0,0,0,0,0,0,0,0,0,0,0,0,0,0,0,0,0,0,0,0,0,0,0,0,0,0,0,0,0,0,0,0,0,0,0,0,0,0,0,0,0,0,0,0,0,0,0,0,0,0,0,0,0,0,0,0,0,0,0,0,0,0,0,0,0,0,0,0,0,0,0,0,0,0,0,0,0,0,0,0,0,0,0,0,0,0,0,0,0,0,0,0,0,0,0,0,0,0,0,0,0,0,0,0,0,0,0,0,0,0,0,0,2,37,130,228,255,151,22,0,0,0,0,0,0,0,0,0,0,0,0,0,0,0,0,0,0,0,0,0,63,253,253,253,253,253,165,2,0,0,0,0,0,0,0,0,0,0,0,0,0,0,0,0,0,0,0,0,180,253,253,253,253,253,253,100,0,0,0,0,0,0,0,0,0,0,0,0,0,0,0,0,0,0,0,0,102,234,234,248,253,253,253,142,0,0,0,0,0,0,0,0,0,0,0,0,0,0,0,0,0,0,0,0,0,25,48,205,253,253,242,27,0,0,0,0,0,0,0,0,0,0,0,0,0,0,0,0,0,0,0,0,9,68,231,253,253,253,142,0,0,0,0,0,0,0,0,0,0,0,0,0,0,0,0,0,0,0,0,55,186,253,253,253,253,114,13,0,0,0,0,0,0,0,0,0,0,0,0,0,0,0,0,0,0,26,174,228,253,253,253,253,253,67,0,0,0,0,0,0,0,0,0,0,0,0,0,0,0,0,0,0,0,126,253,253,253,253,253,253,253,228,134,7,0,0,0,0,0,0,0,0,0,0,0,0,0,0,0,0,0,161,253,253,253,253,253,253,253,253,253,145,6,0,0,0,0,0,0,0,0,0,0,0,0,0,0,0,0,58,185,185,185,94,61,98,207,253,253,253,58,0,0,0,0,0,0,0,0,0,0,0,0,0,0,0,0,0,0,0,0,0,0,0,18,183,253,253,179,6,0,0,0,0,0,0,0,0,0,0,0,0,0,0,0,0,0,0,0,0,0,0,0,17,224,253,253,18,0,0,0,0,0,0,0,0,0,0,0,0,0,0,0,0,0,0,0,0,0,0,0,0,217,253,253,18,0,0,0,0,0,0,0,0,0,0,0,0,0,10,37,0,0,0,0,0,0,0,0,75,248,253,163,3,0,0,0,0,0,0,0,0,0,0,0,0,17,226,235,144,34,0,0,0,0,0,32,213,253,253,39,0,0,0,0,0,0,0,0,0,0,0,0,0,19,253,253,253,238,230,169,230,135,203,237,253,253,163,3,0,0,0,0,0,0,0,0,0,0,0,0,0,2,102,253,253,253,253,253,253,253,253,253,253,212,26,0,0,0,0,0,0,0,0,0,0,0,0,0,0,0,2,88,210,253,253,253,253,253,253,253,155,25,0,0,0,0,0,0,0,0,0,0,0,0,0,0,0,0,0,0,22,129,129,156,253,159,129,90,1,0,0,0,0,0,0,0,0,0,0,0,0,0,0,0,0,0,0,0,0,0,0,0,0,0,0,0,0,0,0,0,0,0,0,0,0,0,0,0,0,0,0,0,0,0,0,0,0,0,0,0,0,0,0,0,0,0,0,0,0,0,0,0,0,0,0,0,0,0,0,0,0,0,0,0,0,0,0,0,0,0,0,0,0,0,0,0,0,0,0,0,0,0,0,0,0,0,0,0,0,0,0,0,0,0,0,0,0,0,0,0,0,0,0,0,0,0,0,0,0,0,0
0,0,0,0,0,0,0,0,0,0,0,0,0,0,0,0,0,0,0,0,0,0,0,0,0,0,0,0,0,0,0,0,0,0,0,0,0,0,0,0,0,0,0,0,0,0,0,0,0,0,0,0,0,0,0,0,0,0,0,0,0,0,0,0,0,0,0,0,0,0,0,0,0,0,0,0,0,0,0,0,0,0,0,0,0,0,0,0,0,0,0,0,0,0,0,0,0,0,0,0,0,0,0,0,0,0,0,0,0,0,0,0,0,0,0,0,0,0,0,0,0,0,0,0,0,0,0,0,0,0,0,0,0,0,0,0,0,0,0,0,0,0,0,0,0,0,0,0,0,0,0,0,0,0,0,0,0,0,0,0,73,118,51,0,0,0,0,0,0,0,0,0,0,0,0,0,0,0,0,0,0,0,0,0,0,0,18,128,249,253,247,111,0,0,0,0,0,0,0,0,0,0,0,0,0,0,0,0,0,0,0,0,0,73,195,253,253,253,253,240,51,0,0,0,0,0,0,0,0,0,0,0,0,0,0,0,0,0,0,23,126,246,253,253,253,253,253,253,123,0,0,0,0,0,0,0,0,0,0,0,0,0,0,0,0,0,71,196,253,253,253,241,82,163,253,253,170,0,0,0,0,0,0,0,0,0,0,0,0,0,0,0,27,123,245,253,253,253,176,34,0,150,253,253,253,0,0,0,0,0,0,0,0,0,0,0,0,0,0,27,132,253,253,253,237,85,15,0,9,182,253,253,145,0,0,0,0,0,0,0,0,0,0,0,0,0,26,200,253,253,253,169,41,0,0,0,130,253,253,248,25,0,0,0,0,0,0,0,0,0,0,0,0,110,216,253,253,253,103,15,0,0,0,59,231,253,253,146,0,0,0,0,0,0,0,0,0,0,0,0,175,247,253,253,235,91,15,0,0,11,80,230,253,249,121,30,0,0,0,0,0,0,0,0,0,0,0,108,248,253,253,209,72,0,0,0,38,156,253,253,248,119,0,0,0,0,0,0,0,0,0,0,0,0,82,250,253,253,213,32,0,0,12,77,232,253,253,247,120,0,0,0,0,0,0,0,0,0,0,0,0,40,206,253,253,167,11,0,13,40,161,253,253,253,207,73,0,0,0,0,0,0,0,0,0,0,0,0,0,254,253,253,169,9,12,77,191,253,253,253,246,130,30,0,0,0,0,0,0,0,0,0,0,0,0,0,0,255,253,253,43,77,191,253,253,253,246,129,77,0,0,0,0,0,0,0,0,0,0,0,0,0,0,0,0,255,253,253,253,253,253,253,247,234,107,0,0,0,0,0,0,0,0,0,0,0,0,0,0,0,0,0,0,241,253,253,253,253,242,196,76,0,0,0,0,0,0,0,0,0,0,0,0,0,0,0,0,0,0,0,0,0,114,117,117,117,15,0,0,0,0,0,0,0,0,0,0,0,0,0,0,0,0,0,0,0,0,0,0,0,0,0,0,0,0,0,0,0,0,0,0,0,0,0,0,0,0,0,0,0,0,0,0,0,0,0,0,0,0,0,0,0,0,0,0,0,0,0,0,0,0,0,0,0,0,0,0,0,0,0,0,0,0,0,0,0,0,0,0,0,0,0,0,0,0,0,0,0,0,0,0,0,0,0,0,0,0,0,0,0,0,0,0,0,0,0,0,0,0,0,0,0,0,0,0,0,0,0,0,0,0,0,0,0,0,0,0,0,0,0,0,0,0,0,0,0,0,0,0,0,0,0,0,0,0,0,0,0,0,0,0,0,0,0,0
1,0,0,0,0,0,0,0,0,0,0,0,0,0,0,0,0,0,0,0,0,0,0,0,0,0,0,0,0,0,0,0,0,0,0,0,0,0,0,0,0,0,0,0,0,0,0,0,0,0,0,0,0,0,0,0,0,0,0,0,0,0,0,0,0,0,0,0,0,0,0,0,0,0,0,0,0,0,0,0,0,0,0,0,0,0,0,0,0,0,0,0,0,0,0,0,0,0,0,0,0,0,0,0,0,0,0,0,0,0,0,0,0,0,0,0,0,0,0,0,0,0,0,0,0,0,0,0,0,0,0,0,0,0,0,0,0,0,0,0,0,0,0,0,0,0,0,0,0,0,0,0,0,182,253,63,0,0,0,0,0,0,0,0,0,0,0,0,0,0,0,0,0,0,0,0,0,0,0,0,0,181,252,144,0,0,0,0,0,0,0,0,0,0,0,0,0,0,0,0,0,0,0,0,0,0,0,0,0,181,252,144,0,0,0,0,0,0,0,0,0,0,0,0,0,0,0,0,0,0,0,0,0,0,0,0,0,181,252,207,20,0,0,0,0,0,0,0,0,0,0,0,0,0,0,0,0,0,0,0,0,0,0,0,0,37,252,253,35,0,0,0,0,0,0,0,0,0,0,0,0,0,0,0,0,0,0,0,0,0,0,0,0,37,252,253,35,0,0,0,0,0,0,0,0,0,0,0,0,0,0,0,0,0,0,0,0,0,0,0,0,37,252,253,35,0,0,0,0,0,0,0,0,0,0,0,0,0,0,0,0,0,0,0,0,0,0,0,0,37,252,253,35,0,0,0,0,0,0,0,0,0,0,0,0,0,0,0,0,0,0,0,0,0,0,0,0,37,253,255,98,0,0,0,0,0,0,0,0,0,0,0,0,0,0,0,0,0,0,0,0,0,0,0,0,5,159,253,179,0,0,0,0,0,0,0,0,0,0,0,0,0,0,0,0,0,0,0,0,0,0,0,0,0,41,253,190,11,0,0,0,0,0,0,0,0,0,0,0,0,0,0,0,0,0,0,0,0,0,0,0,0,0,253,252,71,0,0,0,0,0,0,0,0,0,0,0,0,0,0,0,0,0,0,0,0,0,0,0,0,0,192,253,217,0,0,0,0,0,0,0,0,0,0,0,0,0,0,0,0,0,0,0,0,0,0,0,0,0,109,252,215,0,0,0,0,0,0,0,0,0,0,0,0,0,0,0,0,0,0,0,0,0,0,0,0,0,94,247,241,78,0,0,0,0,0,0,0,0,0,0,0,0,0,0,0,0,0,0,0,0,0,0,0,0,0,134,252,190,0,0,0,0,0,0,0,0,0,0,0,0,0,0,0,0,0,0,0,0,0,0,0,0,0,0,182,253,0,0,0,0,0,0,0,0,0,0,0,0,0,0,0,0,0,0,0,0,0,0,0,0,0,0,181,252,0,0,0,0,0,0,0,0,0,0,0,0,0,0,0,0,0,0,0,0,0,0,0,0,0,0,72,215,120,5,0,0,0,0,0,0,0,0,0,0,0,0,0,0,0,0,0,0,0,0,0,0,0,0,0,0,253,35,0,0,0,0,0,0,0,0,0,0,0,0,0,0,0,0,0,0,0,0,0,0,0,0,0,0,0,0,0,0,0,0,0,0,0,0,0,0,0,0,0,0,0,0,0,0,0,0,0,0,0,0,0,0,0,0,0,0,0,0,0,0,0,0,0,0,0,0,0,0,0,0,0,0,0,0,0,0,0,0,0,0,0,0,0,0,0,0,0,0,0,0
3,0,0,0,0,0,0,0,0,0,0,0,0,0,0,0,0,0,0,0,0,0,0,0,0,0,0,0,0,0,0,0,0,0,0,0,0,0,0,0,0,0,0,0,0,0,0,0,0,0,0,0,0,0,0,0,0,0,0,0,0,0,0,0,0,0,0,0,0,0,0,0,0,0,0,0,0,0,0,0,0,0,0,0,0,0,0,0,0,0,0,0,0,0,0,0,0,0,0,0,0,0,0,0,0,0,0,0,0,0,0,0,0,0,0,0,0,0,0,0,0,0,0,0,0,0,0,0,0,0,0,0,0,0,0,0,0,0,0,0,0,0,0,0,0,0,0,0,0,17,107,154,249,254,195,91,0,0,0,0,0,0,0,0,0,0,0,0,0,0,0,0,0,0,0,0,13,191,253,250,243,243,253,233,41,0,0,0,0,0,0,0,0,0,0,0,0,0,0,0,0,0,0,0,120,253,208,60,0,0,185,253,158,0,0,0,0,0,0,0,0,0,0,0,0,0,0,0,0,0,0,0,159,189,17,0,0,0,103,253,245,82,0,0,0,0,0,0,0,0,0,0,0,0,0,0,0,0,0,0,120,201,8,0,0,0,50,253,253,138,0,0,0,0,0,0,0,0,0,0,0,0,0,0,0,0,0,0,67,164,3,0,0,0,62,253,246,44,0,0,0,0,0,0,0,0,0,0,0,0,0,0,0,0,0,0,0,0,0,0,0,0,149,253,193,0,0,0,0,0,0,0,0,0,0,0,0,0,0,0,0,0,0,0,0,0,0,0,0,53,246,253,85,0,0,0,0,0,0,0,0,0,0,0,0,0,0,0,0,0,0,0,0,0,0,0,0,171,253,211,0,0,0,0,0,0,0,0,0,0,0,0,0,0,0,0,0,0,0,0,0,0,0,0,0,135,253,250,127,28,0,0,0,0,0,0,0,0,0,0,0,0,0,0,0,0,0,0,0,0,0,0,0,19,206,253,253,231,177,17,2,0,0,0,0,0,0,0,0,0,0,0,0,0,0,0,0,0,0,0,0,0,0,76,156,197,253,254,155,5,0,0,0,0,0,0,0,0,0,0,0,0,0,0,0,0,0,0,0,0,0,0,0,3,71,242,253,104,0,0,0,0,0,0,0,0,0,0,0,0,0,0,0,0,0,0,0,0,0,0,0,5,121,253,253,120,0,0,0,0,0,0,0,0,0,0,0,0,0,0,0,0,0,0,0,0,0,0,0,75,253,254,204,22,0,0,0,0,0,0,0,0,0,0,0,0,0,0,0,0,0,0,0,0,0,0,114,242,253,173,22,0,0,0,0,0,0,0,0,0,0,0,0,0,0,0,0,0,0,0,0,0,41,176,246,251,191,14,0,0,0,0,0,0,0,0,0,0,0,0,0,0,0,0,0,0,0,0,0,70,226,253,232,154,0,0,0,0,0,0,0,0,0,0,0,0,0,0,0,0,0,0,0,0,0,0,98,228,245,165,7,0,0,0,0,0,0,0,0,0,0,0,0,0,0,0,0,0,0,0,0,0,0,0,239,216,45,0,0,0,0,0,0,0,0,0,0,0,0,0,0,0,0,0,0,0,0,0,0,0,0,0,0,0,0,0,0,0,0,0,0,0,0,0,0,0,0,0,0,0,0,0,0,0,0,0,0,0,0,0,0,0,0,0,0,0,0,0,0,0,0,0,0,0,0,0,0,0,0,0,0,0,0,0,0,0,0,0,0,0,0,0,0,0,0,0,0,0,0,0,0,0,0,0,0
5,0,0,0,0,0,0,0,0,0,0,0,0,0,0,0,0,0,0,0,0,0,0,0,0,0,0,0,0,0,0,0,0,0,0,0,0,0,0,0,0,0,0,0,0,0,0,0,0,0,0,0,0,0,0,0,0,0,0,0,0,0,0,0,0,0,0,0,0,0,0,0,0,0,0,0,0,0,0,0,0,0,0,0,0,0,0,0,0,0,0,0,0,0,0,0,0,0,0,0,0,0,0,0,0,0,0,0,0,0,0,0,0,0,0,0,0,0,0,0,0,0,0,0,0,0,0,0,0,0,0,0,0,0,0,0,0,0,0,0,0,0,0,0,0,0,0,0,0,39,112,174,73,0,0,0,0,0,0,0,0,0,0,0,0,0,0,0,0,0,0,0,0,0,0,0,2,117,253,253,204,0,0,0,0,0,0,0,0,0,0,0,0,0,0,0,0,0,0,0,0,0,0,0,17,253,253,253,224,107,80,0,105,107,66,11,59,0,0,0,0,0,0,0,0,0,0,0,0,0,0,0,144,253,253,253,253,253,238,197,251,253,231,202,227,197,197,197,197,149,12,0,0,0,0,0,0,0,0,0,180,253,253,253,253,253,253,253,253,253,253,253,253,253,253,253,253,253,168,0,0,0,0,0,0,0,0,0,43,253,253,253,243,204,203,204,203,204,204,204,204,204,203,204,204,203,98,0,0,0,0,0,0,0,0,0,17,253,253,253,204,0,0,0,0,0,0,0,0,0,0,0,0,0,0,0,0,0,0,0,0,0,0,0,17,253,253,253,203,0,0,0,0,0,0,0,0,0,0,0,0,0,0,0,0,0,0,0,0,0,0,0,17,253,253,253,103,0,0,0,0,0,0,0,0,0,0,0,0,0,0,0,0,0,0,0,0,0,0,0,70,253,253,253,40,0,0,0,81,83,51,0,0,0,0,0,0,0,0,0,0,0,0,0,0,0,0,0,180,253,253,253,153,100,172,172,251,253,221,172,95,0,0,0,0,0,0,0,0,0,0,0,0,0,0,36,209,253,253,253,253,253,253,253,253,253,253,253,183,99,48,0,0,0,0,0,0,0,0,0,0,0,0,213,253,253,253,253,253,253,246,228,69,65,128,231,253,253,220,40,0,0,0,0,0,0,0,0,0,0,0,255,253,253,253,197,138,138,103,0,0,0,0,14,190,253,253,221,48,0,0,0,0,0,0,0,0,0,0,49,154,118,85,25,0,0,0,0,0,0,0,0,116,253,253,253,106,0,0,0,0,0,0,0,0,0,0,0,0,0,0,0,0,0,0,0,0,0,0,0,56,228,253,253,106,0,0,0,0,0,0,0,0,0,0,0,0,0,0,0,0,0,0,0,0,0,0,0,0,205,253,253,106,0,0,0,0,0,0,0,0,0,0,0,0,0,0,0,0,0,0,0,0,0,0,0,68,233,253,253,106,0,0,0,0,0,0,0,0,0,0,0,0,0,0,0,0,0,0,0,0,0,0,8,155,253,253,199,7,0,0,0,0,0,0,0,0,0,0,0,0,0,0,0,0,0,0,0,0,0,0,25,253,253,253,89,0,0,0,0,0,0,0,0,0,0,0,0,0,0,0,0,0,0,0,0,0,0,0,0,0,0,0,0,0,0,0,0,0,0,0,0,0,0,0,0,0,0,0,0,0,0,0,0,0,0,0,0,0,0,0,0,0,0,0,0,0,0,0,0,0,0,0,0,0,0,0,0,0,0,0,0,0,0,0,0,0,0,0,0,0,0,0,0,0
5,0,0,0,0,0,0,0,0,0,0,0,0,0,0,0,0,0,0,0,0,0,0,0,0,0,0,0,0,0,0,0,0,0,0,0,0,0,0,0,0,0,0,0,0,0,0,0,0,0,0,0,0,0,0,0,0,0,0,0,0,0,0,0,0,0,0,0,0,0,0,0,0,0,0,0,0,0,0,0,0,0,0,0,0,0,0,0,0,0,0,0,0,0,0,0,0,0,0,0,0,0,0,0,0,0,0,0,0,0,0,0,0,0,0,0,0,0,0,0,0,0,0,0,0,0,0,0,0,0,0,0,0,0,0,0,0,0,0,0,0,0,0,0,0,0,0,0,0,0,0,0,0,0,0,1,47,47,107,150,150,225,255,254,254,165,47,0,0,0,0,0,0,0,0,0,0,0,31,94,94,142,197,198,253,253,253,253,253,253,253,253,253,253,215,0,0,0,0,0,0,0,0,0,39,239,247,253,253,253,253,253,253,253,253,253,253,253,253,244,217,151,25,0,0,0,0,0,0,0,0,0,145,251,253,253,253,253,253,253,253,253,253,253,209,138,67,49,0,0,0,0,0,0,0,0,0,0,0,5,203,253,253,240,227,227,227,225,124,124,65,20,10,0,0,0,0,0,0,0,0,0,0,0,0,0,0,47,253,253,253,82,0,0,0,0,0,0,0,0,0,0,0,0,0,0,0,0,0,0,0,0,0,0,0,96,253,253,253,90,5,0,0,0,0,0,0,0,0,0,0,0,0,0,0,0,0,0,0,0,0,0,0,109,253,253,253,253,193,160,63,36,0,0,0,0,0,0,0,0,0,0,0,0,0,0,0,0,0,0,0,191,253,253,253,253,253,253,253,234,88,4,0,0,0,0,0,0,0,0,0,0,0,0,0,0,0,0,0,47,253,253,253,253,217,247,253,253,253,215,67,0,0,0,0,0,0,0,0,0,0,0,0,0,0,0,0,10,132,155,155,60,16,45,120,197,253,253,164,99,6,0,0,0,0,0,0,0,0,0,0,0,0,0,0,0,0,0,0,0,0,0,0,2,140,253,253,253,75,0,0,0,0,0,0,0,0,0,0,0,0,0,0,0,0,0,0,0,0,0,0,0,13,102,252,253,221,55,0,0,0,0,0,0,0,0,0,0,0,0,0,0,0,0,0,0,0,0,0,0,0,0,181,253,253,85,0,0,0,0,0,0,0,0,0,0,0,0,0,66,182,39,0,0,0,0,0,0,0,0,74,253,253,231,18,0,0,0,0,0,0,0,0,0,0,0,0,100,253,225,91,11,0,0,0,0,5,62,198,253,253,253,77,0,0,0,0,0,0,0,0,0,0,0,0,35,238,253,253,211,100,68,94,171,188,253,253,253,253,253,59,0,0,0,0,0,0,0,0,0,0,0,0,0,28,241,253,253,253,253,253,253,253,253,253,253,252,243,24,0,0,0,0,0,0,0,0,0,0,0,0,0,0,67,196,249,253,253,253,253,253,253,244,196,88,0,0,0,0,0,0,0,0,0,0,0,0,0,0,0,0,0,0,53,149,149,192,194,189,149,83,0,0,0,0,0,0,0,0,0,0,0,0,0,0,0,0,0,0,0,0,0,0,0,0,0,0,0,0,0,0,0,0,0,0,0,0,0,0,0,0,0,0,0,0,0,0,0,0,0,0,0,0,0,0,0,0,0,0,0,0,0,0,0,0,0,0,0,0,0,0,0,0,0,0,0,0,0,0,0,0,0,0,0,0,0,0,0,0,0,0,0,0,0,0
6,0,0,0,0,0,0,0,0,0,0,0,0,0,0,0,0,0,0,0,0,0,0,0,0,0,0,0,0,0,0,0,0,0,0,0,0,0,0,0,0,0,0,0,0,0,0,0,0,0,0,0,0,0,0,0,0,0,0,0,0,0,0,0,0,0,0,0,0,0,0,0,0,0,0,0,0,0,0,0,0,0,0,0,0,0,0,0,0,0,0,0,0,0,0,0,0,0,0,0,0,0,204,203,7,0,0,0,0,0,0,0,0,0,0,0,0,0,0,0,0,0,0,0,0,0,0,0,19,107,253,252,56,0,0,0,0,0,0,0,0,0,0,0,0,0,0,0,0,0,0,0,0,0,0,0,123,252,253,196,37,0,0,0,0,0,0,0,0,0,0,0,0,0,0,0,0,0,0,0,0,0,0,26,222,252,241,47,0,0,0,0,0,0,0,0,0,0,0,0,0,0,0,0,0,0,0,0,0,0,0,170,253,253,51,0,0,0,0,0,0,0,0,0,0,0,0,0,0,0,0,0,0,0,0,0,0,0,45,225,252,202,0,0,0,0,0,0,0,0,0,0,0,0,0,0,0,0,0,0,0,0,0,0,0,38,229,252,186,6,0,0,0,0,0,0,0,0,0,0,0,0,0,0,0,0,0,0,0,0,0,0,38,225,253,227,43,0,0,0,0,0,0,0,0,0,0,0,0,0,0,0,0,0,0,0,0,0,0,0,147,253,254,103,29,29,129,22,0,0,0,0,0,0,0,0,0,0,0,0,0,0,0,0,0,0,0,63,234,252,253,252,252,252,253,234,131,7,0,0,0,0,0,0,0,0,0,0,0,0,0,0,0,0,10,197,252,252,253,252,252,252,253,252,252,116,0,0,0,0,0,0,0,0,0,0,0,0,0,0,0,0,79,252,252,252,253,177,139,139,140,139,228,240,0,0,0,0,0,0,0,0,0,0,0,0,0,0,0,0,255,253,253,203,13,0,0,0,0,0,86,253,0,0,0,0,0,0,0,0,0,0,0,0,0,0,0,26,253,252,252,202,88,0,0,0,0,0,85,252,76,0,0,0,0,0,0,0,0,0,0,0,0,0,0,150,253,170,56,6,0,0,0,0,0,0,85,252,113,0,0,0,0,0,0,0,0,0,0,0,0,0,0,175,253,84,0,0,0,0,0,0,0,0,134,252,13,0,0,0,0,0,0,0,0,0,0,0,0,0,0,114,255,178,44,0,0,0,0,0,41,216,253,128,0,0,0,0,0,0,0,0,0,0,0,0,0,0,0,88,253,252,224,69,108,57,57,157,253,240,158,9,0,0,0,0,0,0,0,0,0,0,0,0,0,0,0,0,178,252,252,252,253,252,252,252,168,81,0,0,0,0,0,0,0,0,0,0,0,0,0,0,0,0,0,0,4,103,228,202,190,139,103,28,0,0,0,0,0,0,0,0,0,0,0,0,0,0,0,0,0,0,0,0,0,0,0,0,0,0,0,0,0,0,0,0,0,0,0,0,0,0,0,0,0,0,0,0,0,0,0,0,0,0,0,0,0,0,0,0,0,0,0,0,0,0,0,0,0,0,0,0,0,0,0,0,0,0,0,0,0,0,0,0,0,0,0,0,0,0,0,0,0,0,0,0,0,0,0,0,0,0,0,0,0,0,0,0,0,0,0,0,0,0,0,0,0,0,0,0,0,0,0,0,0,0,0,0,0,0,0,0,0,0,0,0,0,0,0,0,0,0,0,0,0,0,0,0,0,0,0,0,0,0,0
4,0,0,0,0,0,0,0,0,0,0,0,0,0,0,0,0,0,0,0,0,0,0,0,0,0,0,0,0,0,0,0,0,0,0,0,0,0,0,0,0,0,0,0,0,0,0,0,0,0,0,0,0,0,0,0,0,0,0,0,0,0,0,0,0,0,0,0,0,0,0,0,0,0,0,0,0,0,0,0,0,0,0,0,0,0,0,0,0,0,0,0,0,0,0,0,0,0,0,0,0,0,0,0,0,0,0,0,0,0,0,0,0,0,0,0,0,0,0,0,0,0,0,0,0,0,0,0,0,0,0,0,0,0,7,131,169,119,0,0,0,0,0,0,0,0,0,0,0,0,0,0,0,0,0,0,0,0,0,0,0,0,154,252,252,252,0,0,0,0,0,0,0,0,0,0,0,0,0,0,0,0,0,0,0,0,0,0,0,101,253,252,252,102,0,0,0,0,0,0,0,0,0,0,0,0,0,7,154,203,0,0,0,0,0,0,60,241,255,247,100,0,0,0,0,0,0,0,0,0,0,0,0,0,7,150,252,252,76,0,0,0,0,0,197,252,247,103,0,0,0,0,0,0,0,0,0,0,0,0,0,0,29,252,252,214,25,0,0,0,0,45,240,252,187,0,0,0,0,0,0,0,0,0,0,0,0,0,0,0,179,252,252,139,0,0,0,0,13,194,252,252,13,0,0,0,0,0,0,0,0,0,0,0,0,0,0,114,254,253,194,13,0,0,0,0,92,253,253,140,0,0,0,0,0,0,0,0,0,0,0,0,0,0,0,188,253,252,56,0,0,0,0,0,216,252,233,59,0,0,0,0,0,0,0,0,0,0,0,0,0,0,104,246,253,170,13,0,0,0,0,89,253,252,80,0,0,0,0,0,0,0,0,0,0,0,0,0,0,0,197,252,228,9,0,0,0,0,0,113,253,227,31,0,0,0,0,0,0,0,0,0,0,0,0,0,4,128,253,253,114,0,0,0,0,0,48,241,251,125,0,0,0,0,0,0,0,0,0,0,0,0,0,0,29,252,252,227,38,0,0,0,0,13,172,252,231,57,57,32,0,0,0,0,0,0,0,0,0,0,0,0,66,252,252,177,86,160,197,197,198,209,252,252,253,252,252,228,185,28,0,0,0,0,0,0,0,0,0,0,191,252,252,252,253,252,252,252,253,252,252,252,253,252,252,252,241,47,0,0,0,0,0,0,0,0,0,0,242,253,253,253,254,253,253,253,254,253,244,175,114,113,113,163,101,0,0,0,0,0,0,0,0,0,0,0,60,196,196,196,184,84,84,84,178,252,142,0,0,0,0,0,0,0,0,0,0,0,0,0,0,0,0,0,0,0,0,0,0,0,0,0,94,142,13,0,0,0,0,0,0,0,0,0,0,0,0,0,0,0,0,0,0,0,0,0,0,0,0,0,0,0,0,0,0,0,0,0,0,0,0,0,0,0,0,0,0,0,0,0,0,0,0,0,0,0,0,0,0,0,0,0,0,0,0,0,0,0,0,0,0,0,0,0,0,0,0,0,0,0,0,0,0,0,0,0,0,0,0,0,0,0,0,0,0,0,0,0,0,0,0,0,0,0,0,0,0,0,0,0,0,0,0,0,0,0,0,0,0,0,0,0,0,0,0,0,0,0,0,0,0,0,0,0,0,0,0,0,0,0,0,0,0,0,0,0,0,0,0,0,0,0,0,0,0,0,0,0,0,0,0,0,0,0,0,0,0,0,0,0,0,0,0,0,0,0,0,0,0,0,0,0,0,0,0
1,0,0,0,0,0,0,0,0,0,0,0,0,0,0,0,0,0,0,0,0,0,0,0,0,0,0,0,0,0,0,0,0,0,0,0,0,0,0,0,0,0,0,0,0,0,0,0,0,0,0,0,0,0,0,0,0,0,0,0,0,0,0,0,0,0,0,0,0,0,0,0,0,0,0,0,0,0,0,0,0,0,0,0,0,0,0,0,0,0,0,0,0,0,0,0,0,0,0,0,0,0,0,0,0,0,0,0,0,0,0,0,0,0,0,0,0,0,0,0,0,0,0,0,0,0,0,0,0,0,0,0,0,0,0,0,0,0,0,0,0,0,0,0,0,0,0,0,0,0,0,0,0,0,0,8,126,249,255,45,0,0,0,0,0,0,0,0,0,0,0,0,0,0,0,0,0,0,0,0,0,0,0,42,253,253,253,129,0,0,0,0,0,0,0,0,0,0,0,0,0,0,0,0,0,0,0,0,0,0,0,115,253,253,242,68,0,0,0,0,0,0,0,0,0,0,0,0,0,0,0,0,0,0,0,0,0,0,73,252,253,253,100,0,0,0,0,0,0,0,0,0,0,0,0,0,0,0,0,0,0,0,0,0,0,0,99,253,253,225,6,0,0,0,0,0,0,0,0,0,0,0,0,0,0,0,0,0,0,0,0,0,0,0,128,253,253,121,0,0,0,0,0,0,0,0,0,0,0,0,0,0,0,0,0,0,0,0,0,0,0,31,226,253,253,15,0,0,0,0,0,0,0,0,0,0,0,0,0,0,0,0,0,0,0,0,0,0,2,180,253,253,253,15,0,0,0,0,0,0,0,0,0,0,0,0,0,0,0,0,0,0,0,4,6,31,197,253,253,253,215,9,0,0,0,0,0,0,0,0,0,0,0,0,0,0,0,0,0,0,38,224,253,253,253,253,253,253,165,0,0,0,0,0,0,0,0,0,0,0,0,0,0,0,0,0,0,0,130,253,253,253,253,213,253,253,165,0,0,0,0,0,0,0,0,0,0,0,0,0,0,0,0,0,0,0,56,180,212,144,21,54,253,253,165,0,0,0,0,0,0,0,0,0,0,0,0,0,0,0,0,0,0,0,0,0,0,0,0,53,253,253,165,0,0,0,0,0,0,0,0,0,0,0,0,0,0,0,0,0,0,0,0,0,0,0,0,53,253,253,165,0,0,0,0,0,0,0,0,0,0,0,0,0,0,0,0,0,0,0,0,0,0,0,0,15,217,253,165,0,0,0,0,0,0,0,0,0,0,0,0,0,0,0,0,0,0,0,0,0,0,0,0,0,110,253,245,65,0,0,0,0,0,0,0,0,0,0,0,0,0,0,0,0,0,0,0,0,0,0,0,0,73,252,253,119,0,0,0,0,0,0,0,0,0,0,0,0,0,0,0,0,0,0,0,0,0,0,0,0,0,249,253,123,0,0,0,0,0,0,0,0,0,0,0,0,0,0,0,0,0,0,0,0,0,0,0,0,0,160,253,235,30,0,0,0,0,0,0,0,0,0,0,0,0,0,0,0,0,0,0,0,0,0,0,0,0,8,160,180,0,0,0,0,0,0,0,0,0,0,0,0,0,0,0,0,0,0,0,0,0,0,0,0,0,0,0,0,0,0,0,0,0,0,0,0,0,0,0,0,0,0,0,0,0,0,0,0,0,0,0,0,0,0,0,0,0,0,0,0,0,0,0,0,0,0,0,0,0,0,0,0,0,0,0,0,0,0,0,0,0,0,0,0,0,0,0,0,0,0,0,0,0,0,0
1,0,0,0,0,0,0,0,0,0,0,0,0,0,0,0,0,0,0,0,0,0,0,0,0,0,0,0,0,0,0,0,0,0,0,0,0,0,0,0,0,0,0,0,0,0,0,0,0,0,0,0,0,0,0,0,0,0,0,0,0,0,0,0,0,0,0,0,0,0,0,0,0,0,0,0,0,0,0,0,0,0,0,0,0,0,0,0,0,0,0,0,0,0,0,0,0,0,0,0,0,0,0,0,0,0,0,0,0,0,0,0,0,0,0,0,0,0,0,0,0,0,0,0,0,0,0,0,40,255,52,0,0,0,0,0,0,0,0,0,0,0,0,0,0,0,0,0,0,0,0,0,0,0,0,0,39,254,136,0,0,0,0,0,0,0,0,0,0,0,0,0,0,0,0,0,0,0,0,0,0,0,0,0,39,254,191,0,0,0,0,0,0,0,0,0,0,0,0,0,0,0,0,0,0,0,0,0,0,0,0,0,122,254,141,0,0,0,0,0,0,0,0,0,0,0,0,0,0,0,0,0,0,0,0,0,0,0,0,0,176,254,137,0,0,0,0,0,0,0,0,0,0,0,0,0,0,0,0,0,0,0,0,0,0,0,0,11,221,254,88,0,0,0,0,0,0,0,0,0,0,0,0,0,0,0,0,0,0,0,0,0,0,0,0,44,254,234,23,0,0,0,0,0,0,0,0,0,0,0,0,0,0,0,0,0,0,0,0,0,0,0,0,61,254,219,0,0,0,0,0,0,0,0,0,0,0,0,0,0,0,0,0,0,0,0,0,0,0,0,0,129,254,173,0,0,0,0,0,0,0,0,0,0,0,0,0,0,0,0,0,0,0,0,0,0,0,0,9,209,254,90,0,0,0,0,0,0,0,0,0,0,0,0,0,0,0,0,0,0,0,0,0,0,0,0,48,254,234,24,0,0,0,0,0,0,0,0,0,0,0,0,0,0,0,0,0,0,0,0,0,0,0,0,89,254,215,0,0,0,0,0,0,0,0,0,0,0,0,0,0,0,0,0,0,0,0,0,0,0,0,0,144,254,215,0,0,0,0,0,0,0,0,0,0,0,0,0,0,0,0,0,0,0,0,0,0,0,0,23,235,254,147,0,0,0,0,0,0,0,0,0,0,0,0,0,0,0,0,0,0,0,0,0,0,0,0,52,254,250,60,0,0,0,0,0,0,0,0,0,0,0,0,0,0,0,0,0,0,0,0,0,0,0,0,88,254,210,0,0,0,0,0,0,0,0,0,0,0,0,0,0,0,0,0,0,0,0,0,0,0,0,22,213,254,147,0,0,0,0,0,0,0,0,0,0,0,0,0,0,0,0,0,0,0,0,0,0,0,0,57,254,236,49,0,0,0,0,0,0,0,0,0,0,0,0,0,0,0,0,0,0,0,0,0,0,0,0,57,254,223,16,0,0,0,0,0,0,0,0,0,0,0,0,0,0,0,0,0,0,0,0,0,0,0,0,38,244,254,96,0,0,0,0,0,0,0,0,0,0,0,0,0,0,0,0,0,0,0,0,0,0,0,0,0,0,0,0,0,0,0,0,0,0,0,0,0,0,0,0,0,0,0,0,0,0,0,0,0,0,0,0,0,0,0,0,0,0,0,0,0,0,0,0,0,0,0,0,0,0,0,0,0,0,0,0,0,0,0,0,0,0,0,0,0,0,0,0,0,0,0,0,0,0,0,0,0,0,0,0,0,0,0,0,0,0,0,0,0,0,0,0,0,0,0,0,0,0,0,0,0,0,0,0,0
9,0,0,0,0,0,0,0,0,0,0,0,0,0,0,0,0,0,0,0,0,0,0,0,0,0,0,0,0,0,0,0,0,0,0,0,0,0,0,0,0,0,0,0,0,0,0,0,0,0,0,0,0,0,0,0,0,0,0,0,0,0,0,0,0,0,0,0,0,0,0,0,0,0,0,0,0,0,0,0,0,0,0,0,0,0,0,0,0,0,0,0,0,0,0,0,0,0,0,0,0,0,0,0,0,0,0,0,0,0,0,0,0,0,0,0,0,0,0,0,0,0,0,0,0,0,0,0,0,0,0,0,0,0,0,0,0,0,0,0,0,0,0,0,0,0,0,0,0,0,0,0,0,0,0,0,0,0,0,0,0,0,0,0,0,0,0,0,0,0,0,0,0,0,0,0,0,0,0,0,31,219,254,255,254,254,185,59,5,0,0,0,0,0,0,0,0,0,0,0,0,0,0,0,0,0,1,103,217,253,253,253,253,253,253,253,87,0,0,0,0,0,0,0,0,0,0,0,0,0,0,0,0,23,168,253,253,253,237,101,158,253,253,253,202,36,0,0,0,0,0,0,0,0,0,0,0,0,0,0,25,203,253,253,253,176,45,0,29,73,253,253,253,232,26,0,0,0,0,0,0,0,0,0,0,0,0,0,185,253,253,253,178,14,0,0,0,12,253,253,253,253,35,0,0,0,0,0,0,0,0,0,0,0,0,0,207,253,253,243,55,0,0,0,0,12,253,253,253,253,35,0,0,0,0,0,0,0,0,0,0,0,0,0,207,253,253,230,3,0,0,0,0,15,253,253,253,213,18,0,0,0,0,0,0,0,0,0,0,0,0,0,207,253,253,253,183,142,142,142,142,199,253,253,247,100,0,0,0,0,0,0,0,0,0,0,0,0,0,0,119,229,253,253,253,253,253,253,253,253,253,253,188,0,0,0,0,0,0,0,0,0,0,0,0,0,0,0,0,32,134,194,231,253,253,253,253,253,253,253,160,0,0,0,0,0,0,0,0,0,0,0,0,0,0,0,0,0,0,0,37,59,59,59,181,253,253,253,70,0,0,0,0,0,0,0,0,0,0,0,0,0,0,0,0,0,0,0,0,0,0,0,231,253,253,253,70,0,0,0,0,0,0,0,0,0,0,0,0,0,0,0,0,0,0,0,0,0,0,0,231,253,253,210,7,0,0,0,0,0,0,0,0,0,0,0,0,0,0,0,0,0,0,0,0,0,0,99,253,253,253,90,0,0,0,0,0,0,0,0,0,0,0,0,0,0,0,0,0,0,0,0,0,0,0,213,253,253,253,88,0,0,0,0,0,0,0,0,0,0,0,0,0,0,0,0,0,0,0,0,0,0,0,213,253,253,248,72,0,0,0,0,0,0,0,0,0,0,0,0,0,0,0,0,0,0,0,0,0,0,56,242,253,253,224,0,0,0,0,0,0,0,0,0,0,0,0,0,0,12,27,0,0,0,0,0,0,0,171,253,253,249,96,0,0,0,0,0,0,0,0,0,0,0,0,0,0,22,105,0,0,0,0,0,0,0,63,237,253,246,42,0,0,0,0,0,0,0,0,0,0,0,0,0,0,0,0,0,0,0,0,0,0,0,0,14,177,248,57,0,0,0,0,0,0,0,0,0,0,0,0,0,0,0,0,0,0,0,0,0,0,0,0,0,0,0,0,0,0,0,0,0,0,0,0,0,0,0,0,0,0,0,0,0,0,0,0,0,0,0,0,0,0,0,0,0,0,0,0,0,0,0,0,0,0
9,0,0,0,0,0,0,0,0,0,0,0,0,0,0,0,0,0,0,0,0,0,0,0,0,0,0,0,0,0,0,0,0,0,0,0,0,0,0,0,0,0,0,0,0,0,0,0,0,0,0,0,0,0,0,0,0,0,0,0,0,0,0,0,0,0,0,0,0,0,0,0,0,0,0,0,0,0,0,0,0,0,0,0,0,0,0,0,0,0,0,0,0,0,0,0,0,0,0,0,0,0,0,0,0,0,0,0,0,0,0,0,0,0,0,0,0,0,0,0,0,0,0,0,0,0,0,0,0,0,0,0,0,0,0,0,0,0,0,0,0,0,0,0,0,0,0,0,0,0,0,0,0,0,0,0,0,0,0,0,0,0,0,0,0,0,0,0,0,0,0,0,0,0,0,0,0,0,0,0,0,0,0,0,191,255,255,128,0,0,0,0,0,0,0,0,0,0,0,0,0,0,0,0,0,0,0,0,0,0,128,255,255,255,255,255,191,0,0,0,0,0,0,0,0,0,0,0,0,0,0,0,0,0,0,0,0,128,255,255,255,128,64,255,255,128,0,0,0,0,0,0,0,0,0,0,0,0,0,0,0,0,0,0,191,255,255,191,0,0,0,255,255,128,0,0,0,0,0,0,0,0,0,0,0,0,0,0,0,0,0,128,255,255,191,0,0,0,0,255,255,128,0,0,0,0,0,0,0,0,0,0,0,0,0,0,0,0,0,255,255,255,64,0,0,0,128,255,255,64,0,0,0,0,0,0,0,0,0,0,0,0,0,0,0,0,191,255,255,64,0,0,0,64,255,255,191,0,0,0,0,0,0,0,0,0,0,0,0,0,0,0,0,0,255,255,255,0,0,0,0,128,255,255,128,0,0,0,0,0,0,0,0,0,0,0,0,0,0,0,0,0,191,255,255,0,0,0,0,128,255,255,64,0,0,0,0,0,0,0,0,0,0,0,0,0,0,0,0,0,128,255,255,128,128,128,255,255,255,64,0,0,0,0,0,0,0,0,0,0,0,0,0,0,0,0,0,0,0,191,255,255,255,255,255,255,255,0,0,0,0,0,0,0,0,0,0,0,0,0,0,0,0,0,0,0,0,64,128,128,191,255,255,255,128,0,0,0,0,0,0,0,0,0,0,0,0,0,0,0,0,0,0,0,0,0,0,0,0,255,255,191,0,0,0,0,0,0,0,0,0,0,0,0,0,0,0,0,0,0,0,0,0,0,0,0,64,255,255,128,0,0,0,0,0,0,0,0,0,0,0,0,0,0,0,0,0,0,0,0,0,0,0,0,128,255,255,128,0,0,0,0,0,0,0,0,0,0,0,0,0,0,0,0,0,0,0,0,0,0,0,0,128,255,255,128,0,0,0,0,0,0,0,0,0,0,0,0,0,0,0,0,0,0,0,0,0,0,0,0,191,255,255,128,0,0,0,0,0,0,0,0,0,0,0,0,0,0,0,0,0,0,0,0,0,0,0,64,255,255,255,128,0,0,0,0,0,0,0,0,0,0,0,0,0,0,0,0,0,0,0,0,0,0,0,128,255,255,191,0,0,0,0,0,0,0,0,0,0,0,0,0,0,0,0,0,0,0,0,0,0,0,0,64,255,255,0,0,0,0,0,0,0,0,0,0,0,0,0,0,0,0,0,0,0,0,0,0,0,0,0,0,0,0,0,0,0,0,0,0,0,0,0,0,0,0,0,0,0,0,0,0,0,0,0,0,0,0,0,0,0,0,0,0,0,0,0,0,0,0,0,0,0,0,0
0,0,0,0,0,0,0,0,0,0,0,0,0,0,0,0,0,0,0,0,0,0,0,0,0,0,0,0,0,0,0,0,0,0,0,0,0,0,0,0,0,0,0,0,0,0,0,0,0,0,0,0,0,0,0,0,0,0,0,0,0,0,0,0,0,0,0,0,0,0,0,0,0,0,0,0,0,0,0,0,0,0,0,0,0,0,0,0,0,0,0,0,0,0,0,0,0,0,0,0,0,0,0,0,0,0,0,0,0,0,0,0,0,0,0,0,0,0,0,0,0,0,0,0,16,215,126,53,0,0,0,0,0,0,0,0,0,0,0,0,0,0,0,0,0,0,0,0,0,0,0,0,139,253,245,248,236,183,40,0,0,0,0,0,0,0,0,0,0,0,0,0,0,0,0,0,0,0,0,0,190,253,253,253,254,253,222,86,0,0,0,0,0,0,0,0,0,0,0,0,0,0,0,0,0,0,0,0,235,253,253,253,183,232,253,242,70,0,0,0,0,0,0,0,0,0,0,0,0,0,0,0,0,0,0,53,248,253,253,253,91,16,195,253,194,0,0,0,0,0,0,0,0,0,0,0,0,0,0,0,0,0,0,163,254,254,93,207,92,0,27,238,254,85,0,0,0,0,0,0,0,0,0,0,0,0,0,0,0,0,0,182,253,212,23,13,7,0,0,116,253,129,0,0,0,0,0,0,0,0,0,0,0,0,0,0,0,0,0,254,253,81,0,0,0,0,0,109,253,91,0,0,0,0,0,0,0,0,0,0,0,0,0,0,0,0,0,254,253,36,0,0,0,0,0,109,253,167,2,0,0,0,0,0,0,0,0,0,0,0,0,0,0,0,66,254,253,36,0,0,0,0,0,109,253,254,18,0,0,0,0,0,0,0,0,0,0,0,0,0,0,0,149,255,238,26,0,0,0,0,0,135,254,208,7,0,0,0,0,0,0,0,0,0,0,0,0,0,0,11,222,254,198,0,0,0,0,0,21,230,253,181,0,0,0,0,0,0,0,0,0,0,0,0,0,0,0,19,253,254,108,0,0,0,0,0,128,253,253,181,0,0,0,0,0,0,0,0,0,0,0,0,0,0,0,19,253,254,18,0,0,0,0,50,245,253,253,71,0,0,0,0,0,0,0,0,0,0,0,0,0,0,0,6,201,254,83,0,0,0,0,145,253,253,220,0,0,0,0,0,0,0,0,0,0,0,0,0,0,0,0,0,156,255,109,0,0,27,157,254,254,242,26,0,0,0,0,0,0,0,0,0,0,0,0,0,0,0,0,0,72,254,171,16,100,242,254,253,245,151,0,0,0,0,0,0,0,0,0,0,0,0,0,0,0,0,0,0,0,208,253,227,253,253,254,225,109,0,0,0,0,0,0,0,0,0,0,0,0,0,0,0,0,0,0,0,0,61,206,253,253,253,248,120,0,0,0,0,0,0,0,0,0,0,0,0,0,0,0,0,0,0,0,0,0,0,61,207,246,129,52,0,0,0,0,0,0,0,0,0,0,0,0,0,0,0,0,0,0,0,0,0,0,0,0,0,0,0,0,0,0,0,0,0,0,0,0,0,0,0,0,0,0,0,0,0,0,0,0,0,0,0,0,0,0,0,0,0,0,0,0,0,0,0,0,0,0,0,0,0,0,0,0,0,0,0,0,0,0,0,0,0,0,0,0,0,0,0,0,0,0,0,0,0,0,0,0,0,0,0,0,0,0,0,0,0,0,0,0,0,0,0,0,0,0,0,0,0,0,0,0,0,0,0,0
9,0,0,0,0,0,0,0,0,0,0,0,0,0,0,0,0,0,0,0,0,0,0,0,0,0,0,0,0,0,0,0,0,0,0,0,0,0,0,0,0,0,0,0,0,0,0,0,0,0,0,0,0,0,0,0,0,0,0,0,0,0,0,0,0,0,0,0,0,0,0,0,0,0,0,0,0,0,0,0,0,0,0,0,0,0,0,0,0,0,0,0,0,0,0,0,0,0,0,0,0,0,0,0,0,0,0,0,0,0,0,0,0,0,0,0,0,0,0,0,0,0,0,0,0,0,0,0,0,0,0,0,0,0,0,0,0,0,0,0,0,0,0,0,0,0,0,0,0,0,0,0,0,0,0,0,0,0,0,0,0,0,0,0,0,0,0,0,0,0,0,0,0,0,0,0,0,0,0,0,0,0,0,0,0,0,0,0,0,0,0,0,0,0,0,0,0,0,0,0,0,0,0,0,0,0,0,0,31,92,152,193,193,233,254,253,234,152,21,0,0,0,0,0,0,0,0,0,0,0,0,0,0,0,102,183,233,252,253,252,253,252,253,252,253,252,223,40,0,0,0,0,0,0,0,0,0,0,0,0,11,132,254,253,254,253,254,253,254,253,254,253,254,253,255,253,21,0,0,0,0,0,0,0,0,0,0,41,173,252,253,252,253,252,233,151,151,151,91,91,131,252,253,252,102,0,0,0,0,0,0,0,0,0,0,123,254,253,254,233,41,0,0,0,0,0,0,62,214,253,255,253,102,0,0,0,0,0,0,0,0,0,0,162,253,252,172,30,0,0,0,0,0,0,82,223,253,252,253,252,61,0,0,0,0,0,0,0,0,0,0,203,254,253,0,0,0,0,0,0,51,213,254,253,254,253,254,91,0,0,0,0,0,0,0,0,0,0,0,203,253,252,102,102,102,102,123,203,253,252,253,252,253,252,233,30,0,0,0,0,0,0,0,0,0,0,0,183,254,253,254,253,254,253,254,253,254,253,254,253,254,253,41,0,0,0,0,0,0,0,0,0,0,0,0,61,213,252,253,252,253,252,253,252,253,252,253,252,253,130,0,0,0,0,0,0,0,0,0,0,0,0,0,0,0,0,203,203,203,203,142,122,254,253,254,253,183,0,0,0,0,0,0,0,0,0,0,0,0,0,0,0,0,0,0,0,0,0,21,162,253,252,253,212,20,0,0,0,0,0,0,0,0,0,0,0,0,0,0,0,0,0,0,0,0,0,51,253,254,253,244,81,0,0,0,0,0,0,0,0,0,0,0,0,0,0,0,0,0,0,0,0,0,41,213,252,253,252,122,0,0,0,0,0,0,0,0,0,0,0,0,0,0,0,0,0,0,0,0,0,0,123,254,253,254,233,0,0,0,0,0,0,0,0,0,0,0,0,0,0,0,0,0,0,0,0,0,0,82,243,253,252,253,70,0,0,0,0,0,0,0,0,0,0,0,0,0,0,0,0,0,0,0,0,0,0,152,253,254,253,123,0,0,0,0,0,0,0,0,0,0,0,0,0,0,0,0,0,0,0,0,0,0,0,233,252,253,252,0,0,0,0,0,0,0,0,0,0,0,0,0,0,0,0,0,0,0,0,0,0,0,163,254,253,244,81,0,0,0,0,0,0,0,0,0,0,0,0,0,0,0,0,0,0,0,0,0,0,0,162,213,171,81,0,0,0,0,0,0,0,0,0,0,0,0,0,0,0,0,0,0,0,0,0,0,0,0,0,0,0,0,0,0,0,0,0,0,0,0,0,0,0,0,0,0
1,0,0,0,0,0,0,0,0,0,0,0,0,0,0,0,0,0,0,0,0,0,0,0,0,0,0,0,0,0,0,0,0,0,0,0,0,0,0,0,0,0,0,0,0,0,0,0,0,0,0,0,0,0,0,0,0,0,0,0,0,0,0,0,0,0,0,0,0,0,0,0,0,0,0,0,0,0,0,0,0,0,0,0,0,0,0,0,0,0,0,0,0,0,0,0,0,0,0,0,0,0,0,0,0,0,0,0,0,0,0,0,0,0,0,0,0,0,0,0,0,0,0,0,0,0,0,0,0,0,0,0,0,0,0,0,0,0,0,0,0,0,0,0,0,0,0,0,0,0,0,0,0,0,0,16,203,33,0,0,0,0,0,0,0,0,0,0,0,0,0,0,0,0,0,0,0,0,0,0,0,0,0,134,254,33,0,0,0,0,0,0,0,0,0,0,0,0,0,0,0,0,0,0,0,0,0,0,0,0,0,213,254,33,0,0,0,0,0,0,0,0,0,0,0,0,0,0,0,0,0,0,0,0,0,0,0,0,14,199,251,31,0,0,0,0,0,0,0,0,0,0,0,0,0,0,0,0,0,0,0,0,0,0,0,0,0,213,204,0,0,0,0,0,0,0,0,0,0,0,0,0,0,0,0,0,0,0,0,0,0,0,0,0,0,213,141,0,0,0,0,0,0,0,0,0,0,0,0,0,0,0,0,0,0,0,0,0,0,0,0,0,0,213,121,0,0,0,0,0,0,0,0,0,0,0,0,0,0,0,0,0,0,0,0,0,0,0,0,0,20,232,121,0,0,0,0,0,0,0,0,0,0,0,0,0,0,0,0,0,0,0,0,0,0,0,0,0,70,254,54,0,0,0,0,0,0,0,0,0,0,0,0,0,0,0,0,0,0,0,0,0,0,0,0,0,125,254,37,0,0,0,0,0,0,0,0,0,0,0,0,0,0,0,0,0,0,0,0,0,0,0,0,0,209,254,37,0,0,0,0,0,0,0,0,0,0,0,0,0,0,0,0,0,0,0,0,0,0,0,0,0,209,215,6,0,0,0,0,0,0,0,0,0,0,0,0,0,0,0,0,0,0,0,0,0,0,0,0,0,209,135,0,0,0,0,0,0,0,0,0,0,0,0,0,0,0,0,0,0,0,0,0,0,0,0,0,0,209,125,0,0,0,0,0,0,0,0,0,0,0,0,0,0,0,0,0,0,0,0,0,0,0,0,0,35,250,77,0,0,0,0,0,0,0,0,0,0,0,0,0,0,0,0,0,0,0,0,0,0,0,0,0,88,254,42,0,0,0,0,0,0,0,0,0,0,0,0,0,0,0,0,0,0,0,0,0,0,0,0,0,172,229,17,0,0,0,0,0,0,0,0,0,0,0,0,0,0,0,0,0,0,0,0,0,0,0,0,0,205,160,0,0,0,0,0,0,0,0,0,0,0,0,0,0,0,0,0,0,0,0,0,0,0,0,0,22,237,129,0,0,0,0,0,0,0,0,0,0,0,0,0,0,0,0,0,0,0,0,0,0,0,0,0,34,254,47,0,0,0,0,0,0,0,0,0,0,0,0,0,0,0,0,0,0,0,0,0,0,0,0,0,0,0,0,0,0,0,0,0,0,0,0,0,0,0,0,0,0,0,0,0,0,0,0,0,0,0,0,0,0,0,0,0,0,0,0,0,0,0,0,0,0,0,0,0,0,0,0,0,0,0,0,0,0,0,0,0,0,0,0,0,0,0,0,0,0,0,0,0,0,0,0,0,0
0,0,0,0,0,0,0,0,0,0,0,0,0,0,0,0,0,0,0,0,0,0,0,0,0,0,0,0,0,0,0,0,0,0,0,0,0,0,0,0,0,0,0,0,0,0,0,0,0,0,0,0,0,0,0,0,0,0,0,0,0,0,0,0,0,0,0,0,0,0,0,0,0,0,0,0,0,0,0,0,0,0,0,0,0,0,0,0,0,0,0,0,0,0,0,0,0,0,0,0,0,0,0,0,0,0,0,0,0,0,0,0,0,0,0,0,0,0,0,0,0,0,0,0,10,128,255,253,253,153,79,10,0,0,0,0,0,0,0,0,0,0,0,0,0,0,0,0,0,0,0,0,110,252,253,252,252,252,253,159,0,0,0,0,0,0,0,0,0,0,0,0,0,0,0,0,0,0,0,0,197,252,253,196,196,252,253,240,110,10,0,0,0,0,0,0,0,0,0,0,0,0,0,0,0,0,0,51,246,252,178,9,10,78,203,252,252,28,0,0,0,0,0,0,0,0,0,0,0,0,0,0,0,0,0,120,253,253,114,0,0,0,76,244,253,153,0,0,0,0,0,0,0,0,0,0,0,0,0,0,0,0,45,225,252,227,38,0,0,0,0,169,252,252,76,0,0,0,0,0,0,0,0,0,0,0,0,0,0,0,141,252,252,52,0,0,0,0,0,82,252,252,76,0,0,0,0,0,0,0,0,0,0,0,0,0,0,0,191,252,177,3,0,0,0,0,0,57,252,252,101,0,0,0,0,0,0,0,0,0,0,0,0,0,0,63,254,247,50,0,0,0,0,0,0,57,253,253,114,0,0,0,0,0,0,0,0,0,0,0,0,0,0,138,253,196,0,0,0,0,0,0,0,57,252,252,38,0,0,0,0,0,0,0,0,0,0,0,0,0,0,225,253,196,0,0,0,0,0,0,0,57,252,252,0,0,0,0,0,0,0,0,0,0,0,0,0,0,0,225,253,196,0,0,0,0,0,0,0,57,252,252,0,0,0,0,0,0,0,0,0,0,0,0,0,0,0,226,254,197,0,0,0,0,0,0,0,169,253,178,0,0,0,0,0,0,0,0,0,0,0,0,0,0,0,225,253,196,0,0,0,0,0,0,7,187,252,28,0,0,0,0,0,0,0,0,0,0,0,0,0,0,0,225,253,196,0,0,0,0,0,0,117,252,252,28,0,0,0,0,0,0,0,0,0,0,0,0,0,0,0,175,253,221,25,0,0,0,0,0,141,252,214,15,0,0,0,0,0,0,0,0,0,0,0,0,0,0,0,101,254,253,216,28,0,0,23,79,254,253,156,0,0,0,0,0,0,0,0,0,0,0,0,0,0,0,0,0,178,252,252,215,157,82,234,252,253,240,43,0,0,0,0,0,0,0,0,0,0,0,0,0,0,0,0,0,44,187,252,252,253,252,252,252,206,81,0,0,0,0,0,0,0,0,0,0,0,0,0,0,0,0,0,0,0,7,65,190,253,252,214,90,13,0,0,0,0,0,0,0,0,0,0,0,0,0,0,0,0,0,0,0,0,0,0,0,0,0,0,0,0,0,0,0,0,0,0,0,0,0,0,0,0,0,0,0,0,0,0,0,0,0,0,0,0,0,0,0,0,0,0,0,0,0,0,0,0,0,0,0,0,0,0,0,0,0,0,0,0,0,0,0,0,0,0,0,0,0,0,0,0,0,0,0,0,0,0,0,0,0,0,0,0,0,0,0,0,0,0,0,0,0,0,0,0,0,0,0,0,0,0,0,0,0,0
9,0,0,0,0,0,0,0,0,0,0,0,0,0,0,0,0,0,0,0,0,0,0,0,0,0,0,0,0,0,0,0,0,0,0,0,0,0,0,0,0,0,0,0,0,0,0,0,0,0,0,0,0,0,0,0,0,0,0,0,0,0,0,0,0,0,0,0,0,0,0,0,0,0,0,0,0,0,0,0,0,0,0,0,0,0,0,0,0,0,0,0,0,0,0,0,0,0,0,0,0,0,0,0,0,0,0,0,0,0,0,0,0,0,0,0,0,0,0,0,0,0,0,0,0,0,0,0,0,0,0,0,0,0,0,0,0,0,0,0,0,0,0,0,0,0,0,0,0,0,0,0,0,0,0,0,0,0,0,0,0,0,0,0,0,0,0,0,0,0,0,0,0,0,0,0,0,0,0,0,0,56,212,254,230,61,0,0,0,0,0,0,0,0,0,0,0,0,0,0,0,0,0,0,0,0,0,10,112,254,211,136,196,207,195,42,0,0,0,0,0,0,0,0,0,0,0,0,0,0,0,0,0,0,0,167,253,159,9,0,79,254,253,51,0,0,0,0,0,0,0,0,0,0,0,0,0,0,0,0,0,0,109,250,181,0,0,0,30,254,253,39,0,0,0,0,0,0,0,0,0,0,0,0,0,0,0,0,0,2,200,225,12,0,0,0,31,255,251,36,0,0,0,0,0,0,0,0,0,0,0,0,0,0,0,0,0,20,253,81,0,0,0,0,79,254,178,0,0,0,0,0,0,0,0,0,0,0,0,0,0,0,0,0,0,86,253,39,0,0,0,0,79,254,136,0,0,0,0,0,0,0,0,0,0,0,0,0,0,0,0,0,0,74,253,63,0,0,0,19,180,248,46,0,0,0,0,0,0,0,0,0,0,0,0,0,0,0,0,0,0,7,201,236,104,99,110,218,254,235,0,0,0,0,0,0,0,0,0,0,0,0,0,0,0,0,0,0,0,0,9,142,214,214,214,147,244,234,0,0,0,0,0,0,0,0,0,0,0,0,0,0,0,0,0,0,0,0,0,0,0,0,0,0,234,234,0,0,0,0,0,0,0,0,0,0,0,0,0,0,0,0,0,0,0,0,0,0,0,0,0,0,234,234,0,0,0,0,0,0,0,0,0,0,0,0,0,0,0,0,0,0,0,0,0,0,0,0,0,0,235,236,5,0,0,0,0,0,0,0,0,0,0,0,0,0,0,0,0,0,0,0,0,0,0,0,0,0,222,254,58,0,0,0,0,0,0,0,0,0,0,0,0,0,0,0,0,0,0,0,0,0,0,0,0,0,156,254,76,0,0,0,0,0,0,0,0,0,0,0,0,0,0,0,0,0,0,0,0,0,0,0,0,0,85,254,136,0,0,0,0,0,0,0,0,0,0,0,0,0,0,0,0,0,0,0,0,0,0,0,0,0,79,255,136,0,0,0,0,0,0,0,0,0,0,0,0,0,0,0,0,0,0,0,0,0,0,0,0,0,43,242,202,6,0,0,0,0,0,0,0,0,0,0,0,0,0,0,0,0,0,0,0,0,0,0,0,0,0,133,253,113,23,0,0,0,0,0,0,0,0,0,0,0,0,0,0,0,0,0,0,0,0,0,0,0,0,44,211,211,19,0,0,0,0,0,0,0,0,0,0,0,0,0,0,0,0,0,0,0,0,0,0,0,0,0,0,0,0,0,0,0,0,0,0,0,0,0,0,0,0,0,0,0,0,0,0,0,0,0,0,0,0,0,0,0,0,0,0,0,0,0,0,0,0
8,0,0,0,0,0,0,0,0,0,0,0,0,0,0,0,0,0,0,0,0,0,0,0,0,0,0,0,0,0,0,0,0,0,0,0,0,0,0,0,0,0,0,0,0,0,0,0,0,0,0,0,0,0,0,0,0,0,0,0,0,0,0,0,0,0,0,0,0,0,0,0,0,0,0,0,0,0,0,0,0,0,0,0,0,0,0,0,0,0,0,0,0,0,0,0,0,0,0,0,0,0,0,0,0,0,0,0,0,0,0,0,0,0,0,0,0,0,0,0,0,0,0,0,0,0,0,0,0,0,0,0,0,0,0,0,0,0,0,0,0,0,0,0,0,0,0,0,0,0,0,0,16,109,255,253,149,109,171,253,232,109,0,0,0,0,0,0,0,0,0,0,0,0,0,0,0,0,0,63,181,252,253,252,252,252,253,252,252,252,42,0,0,0,0,0,0,0,0,0,0,0,0,0,0,0,79,242,252,252,253,252,252,252,253,252,252,252,41,0,0,0,0,0,0,0,0,0,0,0,0,0,0,1,191,252,252,252,253,252,252,252,253,252,252,168,0,0,0,0,0,0,0,0,0,0,0,0,0,0,0,144,252,252,252,252,144,20,181,252,253,252,236,62,0,0,0,0,0,0,0,0,0,0,0,0,0,0,0,144,252,252,252,252,0,105,242,252,253,252,215,0,0,0,0,0,0,0,0,0,0,0,0,0,0,0,0,41,252,252,252,252,182,242,252,252,253,241,102,0,0,0,0,0,0,0,0,0,0,0,0,0,0,0,0,1,169,252,252,252,253,252,252,252,253,221,41,0,0,0,0,0,0,0,0,0,0,0,0,0,0,0,0,0,63,238,253,253,255,253,253,253,255,253,217,0,0,0,0,0,0,0,0,0,0,0,0,0,0,0,0,0,0,93,252,252,253,252,252,252,253,252,215,0,0,0,0,0,0,0,0,0,0,0,0,0,0,0,0,0,0,176,252,252,253,179,71,154,253,252,221,16,0,0,0,0,0,0,0,0,0,0,0,0,0,0,0,0,63,237,252,252,253,35,0,0,170,252,252,108,0,0,0,0,0,0,0,0,0,0,0,0,0,0,0,0,110,253,253,253,0,0,0,0,110,253,253,108,0,0,0,0,0,0,0,0,0,0,0,0,0,0,0,1,232,252,252,128,0,0,0,0,150,252,241,77,0,0,0,0,0,0,0,0,0,0,0,0,0,0,0,1,231,252,252,108,0,0,0,21,253,252,215,0,0,0,0,0,0,0,0,0,0,0,0,0,0,0,0,0,109,252,252,190,0,0,21,206,253,252,215,0,0,0,0,0,0,0,0,0,0,0,0,0,0,0,0,0,110,253,253,253,110,109,212,253,255,253,154,0,0,0,0,0,0,0,0,0,0,0,0,0,0,0,0,0,15,180,252,252,253,252,252,252,253,148,10,0,0,0,0,0,0,0,0,0,0,0,0,0,0,0,0,0,0,21,201,252,253,252,252,231,72,10,0,0,0,0,0,0,0,0,0,0,0,0,0,0,0,0,0,0,0,0,78,190,253,252,148,46,0,0,0,0,0,0,0,0,0,0,0,0,0,0,0,0,0,0,0,0,0,0,0,0,0,0,0,0,0,0,0,0,0,0,0,0,0,0,0,0,0,0,0,0,0,0,0,0,0,0,0,0,0,0,0,0,0,0,0,0,0,0,0,0,0,0,0,0,0,0,0,0,0,0,0,0,0,0,0,0,0,0,0,0,0,0,0,0,0,0,0,0,0,0,0
4,0,0,0,0,0,0,0,0,0,0,0,0,0,0,0,0,0,0,0,0,0,0,0,0,0,0,0,0,0,0,0,0,0,0,0,0,0,0,0,0,0,0,0,0,0,0,0,0,0,0,0,0,0,0,0,0,0,0,0,0,0,0,0,0,0,0,0,0,0,0,0,0,0,0,0,0,0,0,0,0,0,0,0,0,0,0,0,0,0,0,0,0,0,0,0,0,0,0,0,0,0,0,0,0,0,0,0,0,0,0,0,0,0,0,0,0,0,0,0,0,0,0,0,0,0,0,0,0,0,0,0,0,0,0,0,0,0,0,0,0,0,0,0,0,0,0,0,128,141,0,0,0,0,0,0,0,2,3,0,0,0,0,0,0,0,0,0,0,0,0,0,0,0,0,0,128,190,0,0,0,0,0,0,0,92,107,0,0,0,0,0,0,0,0,0,0,0,0,0,0,0,0,0,128,190,0,0,0,0,0,0,0,72,117,0,0,0,0,0,0,0,0,0,0,0,0,0,0,0,0,0,128,190,0,0,0,0,0,0,0,102,206,0,0,0,0,0,0,0,0,0,0,0,0,0,0,0,0,0,53,190,0,0,0,0,0,0,0,62,236,20,0,0,0,0,0,0,0,0,0,0,0,0,0,0,0,0,48,255,21,0,0,0,0,0,0,20,237,32,0,0,0,0,0,0,0,0,0,0,0,0,0,0,0,0,12,230,105,0,0,0,0,0,0,0,197,102,0,0,0,0,0,0,0,0,0,0,0,0,0,0,0,0,0,223,174,0,0,0,0,0,0,0,88,202,3,0,0,0,0,0,0,0,0,0,0,0,0,0,0,0,0,223,174,0,0,0,0,0,0,0,48,254,16,0,0,0,0,0,0,0,0,0,0,0,0,0,0,0,0,148,174,0,0,0,0,0,0,0,3,224,16,0,0,0,0,0,0,0,0,0,0,0,0,0,0,0,0,89,254,5,0,0,0,0,0,0,0,223,51,10,0,0,0,0,0,0,0,0,0,0,0,0,0,0,0,36,237,139,0,0,0,0,2,42,87,236,234,139,0,0,0,0,0,0,0,0,0,0,0,0,0,0,0,0,120,232,93,48,68,177,210,233,141,183,254,0,0,0,0,0,0,0,0,0,0,0,0,0,0,0,0,0,10,166,218,242,190,190,107,18,0,64,254,0,0,0,0,0,0,0,0,0,0,0,0,0,0,0,0,0,0,0,7,13,0,0,0,0,0,44,249,25,0,0,0,0,0,0,0,0,0,0,0,0,0,0,0,0,0,0,0,0,0,0,0,0,0,0,149,190,4,0,0,0,0,0,0,0,0,0,0,0,0,0,0,0,0,0,0,0,0,0,0,0,0,0,0,245,73,0,0,0,0,0,0,0,0,0,0,0,0,0,0,0,0,0,0,0,0,0,0,0,0,0,0,175,182,0,0,0,0,0,0,0,0,0,0,0,0,0,0,0,0,0,0,0,0,0,0,0,0,0,0,86,240,27,0,0,0,0,0,0,0,0,0,0,0,0,0,0,0,0,0,0,0,0,0,0,0,0,0,16,254,48,0,0,0,0,0,0,0,0,0,0,0,0,0,0,0,0,0,0,0,0,0,0,0,0,0,0,0,0,0,0,0,0,0,0,0,0,0,0,0,0,0,0,0,0,0,0,0,0,0,0,0,0,0,0,0,0,0,0,0,0,0,0,0,0,0,0,0,0,0,0,0,0,0,0,0,0,0,0,0,0,0,0,0,0,0,0,0,0,0
6,0,0,0,0,0,0,0,0,0,0,0,0,0,0,0,0,0,0,0,0,0,0,0,0,0,0,0,0,0,0,0,0,0,0,0,0,0,0,0,0,0,0,0,0,0,0,0,0,0,0,0,0,0,0,0,0,0,0,0,0,0,0,0,0,0,0,0,0,0,0,0,0,5,138,253,86,0,0,0,0,0,0,0,0,0,0,0,0,0,0,0,0,0,0,0,0,0,0,0,0,120,252,252,64,0,0,0,0,0,0,0,0,0,0,0,0,0,0,0,0,0,0,0,0,0,0,0,70,186,252,195,16,0,0,0,0,0,0,0,0,0,0,0,0,0,0,0,0,0,0,0,0,0,0,85,253,252,227,29,0,0,0,0,0,0,0,0,0,0,0,0,0,0,0,0,0,0,0,0,0,0,85,250,253,252,79,0,0,0,0,0,0,0,0,0,0,0,0,0,0,0,0,0,0,0,0,0,5,191,253,253,231,42,0,0,0,0,0,0,0,0,0,0,0,0,0,0,0,0,0,0,0,0,0,11,161,252,252,252,42,0,0,0,0,0,0,0,0,0,0,0,0,0,0,0,0,0,0,0,0,0,32,132,228,252,185,69,0,0,0,0,0,0,0,0,0,0,0,0,0,0,0,0,0,0,0,0,0,34,165,253,252,227,102,0,0,0,0,0,0,0,0,0,0,0,0,0,0,0,0,0,0,0,0,0,0,197,252,253,231,48,0,0,0,0,0,0,0,0,0,0,0,0,0,0,0,0,0,0,0,0,0,0,81,253,253,221,0,0,0,0,0,0,0,0,74,139,138,107,5,0,0,0,0,0,0,0,0,0,0,0,184,252,252,95,0,0,0,0,0,0,13,140,244,253,252,252,45,0,0,0,0,0,0,0,0,0,0,34,234,252,221,0,0,0,0,0,7,91,203,252,252,253,252,252,45,0,0,0,0,0,0,0,0,0,0,47,252,252,137,0,0,0,0,0,118,252,252,252,252,253,252,153,9,0,0,0,0,0,0,0,0,0,0,99,252,252,137,0,0,0,0,158,243,252,252,252,252,253,157,6,0,0,0,0,0,0,0,0,0,0,0,43,247,253,253,128,24,55,180,253,255,253,253,253,243,158,0,0,0,0,0,0,0,0,0,0,0,0,0,0,163,252,252,253,252,252,252,252,253,252,252,214,60,0,0,0,0,0,0,0,0,0,0,0,0,0,0,0,19,188,252,253,252,252,252,252,253,240,100,13,0,0,0,0,0,0,0,0,0,0,0,0,0,0,0,0,0,17,45,253,252,252,252,252,203,131,0,0,0,0,0,0,0,0,0,0,0,0,0,0,0,0,0,0,0,0,0,96,252,252,252,147,11,0,0,0,0,0,0,0,0,0,0,0,0,0,0,0,0,0,0,0,0,0,0,0,0,0,0,0,0,0,0,0,0,0,0,0,0,0,0,0,0,0,0,0,0,0,0,0,0,0,0,0,0,0,0,0,0,0,0,0,0,0,0,0,0,0,0,0,0,0,0,0,0,0,0,0,0,0,0,0,0,0,0,0,0,0,0,0,0,0,0,0,0,0,0,0,0,0,0,0,0,0,0,0,0,0,0,0,0,0,0,0,0,0,0,0,0,0,0,0,0,0,0,0,0,0,0,0,0,0,0,0,0,0,0,0,0,0,0,0,0,0,0,0,0,0,0,0,0,0,0,0,0,0,0,0,0,0,0,0,0,0,0,0,0,0,0,0,0,0,0,0,0,0,0,0,0,0,0,0,0
9,0,0,0,0,0,0,0,0,0,0,0,0,0,0,0,0,0,0,0,0,0,0,0,0,0,0,0,0,0,0,0,0,0,0,0,0,0,0,0,0,0,0,0,0,0,0,0,0,0,0,0,0,0,0,0,0,0,0,0,0,0,0,0,0,0,0,0,0,0,0,0,0,0,0,0,0,0,0,0,0,0,0,0,0,0,0,0,0,0,0,0,0,0,0,0,0,0,0,0,0,0,0,0,0,0,0,0,0,0,0,0,0,0,0,0,0,0,0,0,0,0,0,0,0,0,0,0,0,0,0,0,0,0,0,0,0,0,0,0,0,0,0,0,0,0,0,0,0,0,0,0,0,0,0,0,0,0,0,0,0,0,0,0,0,0,0,0,0,0,0,0,0,0,0,0,0,0,0,0,0,85,172,255,254,176,28,0,0,0,0,0,0,0,0,0,0,0,0,0,0,0,0,0,0,0,0,6,161,244,253,253,253,253,224,124,10,0,0,0,0,0,0,0,0,0,0,0,0,0,0,0,0,0,11,220,253,253,217,217,132,230,253,253,182,0,0,0,0,0,0,0,0,0,0,0,0,0,0,0,0,0,149,253,233,125,0,0,0,24,67,141,156,0,0,0,0,0,0,0,0,0,0,0,0,0,0,0,0,24,247,253,96,0,0,0,0,0,0,0,0,0,0,0,0,0,0,0,0,0,0,0,0,0,0,0,0,56,253,243,27,0,0,0,0,0,0,0,0,0,0,0,0,0,0,0,0,0,0,0,0,0,0,0,0,221,253,146,0,0,0,0,0,128,210,34,0,0,0,0,0,0,0,0,0,0,0,0,0,0,0,0,0,234,253,202,0,0,0,0,11,207,253,72,0,0,0,0,0,0,0,0,0,0,0,0,0,0,0,0,0,102,253,251,213,126,110,110,218,253,253,71,0,0,0,0,0,0,0,0,0,0,0,0,0,0,0,0,0,11,170,247,253,253,253,253,253,253,222,0,0,0,0,0,0,0,0,0,0,0,0,0,0,0,0,0,0,0,0,45,120,155,155,155,211,253,222,0,0,0,0,0,0,0,0,0,0,0,0,0,0,0,0,0,0,0,0,0,0,0,0,0,145,253,163,0,0,0,0,0,0,0,0,0,0,0,0,0,0,0,0,0,0,0,0,0,0,0,0,0,224,253,119,0,0,0,0,0,0,0,0,0,0,0,0,0,0,0,0,0,0,0,0,0,0,0,0,0,249,253,119,0,0,0,0,0,0,0,0,0,0,0,0,0,0,0,0,0,0,0,0,0,0,0,0,0,249,253,119,0,0,0,0,0,0,0,0,0,0,0,0,0,0,0,0,0,0,0,0,0,0,0,0,9,250,253,119,0,0,0,0,0,0,0,0,0,0,0,0,0,0,0,0,0,0,0,0,0,0,0,0,99,253,253,49,0,0,0,0,0,0,0,0,0,0,0,0,0,0,0,0,0,0,0,0,0,0,0,3,190,253,253,100,0,0,0,0,0,0,0,0,0,0,0,0,0,0,0,0,0,0,0,0,0,0,0,53,253,253,234,12,0,0,0,0,0,0,0,0,0,0,0,0,0,0,0,0,0,0,0,0,0,0,0,31,233,253,81,0,0,0,0,0,0,0,0,0,0,0,0,0,0,0,0,0,0,0,0,0,0,0,0,0,0,0,0,0,0,0,0,0,0,0,0,0,0,0,0,0,0,0,0,0,0,0,0,0,0,0,0,0,0,0,0,0,0,0,0,0,0,0,0,0,0,0
6,0,0,0,0,0,0,0,0,0,0,0,0,0,0,0,0,0,0,0,0,0,0,0,0,0,0,0,0,0,0,0,0,0,0,0,0,0,0,0,0,0,0,0,0,0,0,0,0,0,0,0,0,0,0,0,0,0,0,0,0,0,0,0,0,0,0,0,0,0,0,0,0,0,0,0,0,0,0,0,0,0,0,0,0,0,0,0,0,0,0,0,0,0,0,0,0,0,0,0,41,195,255,82,0,0,0,0,0,0,0,0,0,0,0,0,0,0,0,0,0,0,0,0,0,0,0,76,224,253,254,64,0,0,0,0,0,0,0,0,0,0,0,0,0,0,0,0,0,0,0,0,0,0,41,224,242,204,222,13,0,0,0,0,0,0,0,0,0,0,0,0,0,0,0,0,0,0,0,0,0,0,195,253,104,127,151,0,0,0,0,0,0,0,0,0,0,0,0,0,0,0,0,0,0,0,0,0,0,85,254,165,74,228,34,0,0,0,0,0,0,0,0,0,0,0,0,0,0,0,0,0,0,0,0,0,13,222,241,60,3,15,0,0,0,0,0,0,0,0,0,0,0,0,0,0,0,0,0,0,0,0,0,0,141,253,101,0,0,0,0,0,0,0,0,0,0,0,0,0,0,0,0,0,0,0,0,0,0,0,0,34,240,219,0,0,0,0,0,0,0,0,0,0,0,0,0,0,0,0,0,0,0,0,0,0,0,0,0,97,254,69,0,0,0,0,0,0,0,0,0,0,0,0,0,0,0,0,0,0,0,0,0,0,0,0,13,235,215,6,0,0,0,0,0,0,0,0,0,0,0,0,0,0,0,0,0,0,0,0,0,0,0,0,153,253,96,0,0,0,19,24,9,0,0,0,0,0,0,0,0,0,0,0,0,0,0,0,0,0,0,0,254,253,46,0,60,176,240,253,210,167,17,0,0,0,0,0,0,0,0,0,0,0,0,0,0,0,0,0,254,254,78,204,254,241,184,184,185,222,237,19,0,0,0,0,0,0,0,0,0,0,0,0,0,0,0,0,254,253,245,253,148,60,0,0,0,55,253,169,0,0,0,0,0,0,0,0,0,0,0,0,0,0,0,0,178,253,234,71,0,0,0,0,0,9,215,253,0,0,0,0,0,0,0,0,0,0,0,0,0,0,0,0,95,253,71,0,0,0,0,0,0,0,207,253,0,0,0,0,0,0,0,0,0,0,0,0,0,0,0,0,0,231,203,19,0,0,0,0,0,47,254,136,0,0,0,0,0,0,0,0,0,0,0,0,0,0,0,0,0,129,253,169,17,0,0,0,72,226,223,31,0,0,0,0,0,0,0,0,0,0,0,0,0,0,0,0,0,9,199,253,225,124,157,207,254,223,42,0,0,0,0,0,0,0,0,0,0,0,0,0,0,0,0,0,0,0,7,103,186,253,211,160,103,31,0,0,0,0,0,0,0,0,0,0,0,0,0,0,0,0,0,0,0,0,0,0,0,0,0,0,0,0,0,0,0,0,0,0,0,0,0,0,0,0,0,0,0,0,0,0,0,0,0,0,0,0,0,0,0,0,0,0,0,0,0,0,0,0,0,0,0,0,0,0,0,0,0,0,0,0,0,0,0,0,0,0,0,0,0,0,0,0,0,0,0,0,0,0,0,0,0,0,0,0,0,0,0,0,0,0,0,0,0,0,0,0,0,0,0,0,0,0,0,0,0,0,0,0,0,0,0,0,0,0,0,0,0,0,0,0,0,0,0,0,0,0,0,0,0,0,0,0,0
4,0,0,0,0,0,0,0,0,0,0,0,0,0,0,0,0,0,0,0,0,0,0,0,0,0,0,0,0,0,0,0,0,0,0,0,0,0,0,0,0,0,0,0,0,0,0,0,0,0,0,0,0,0,0,0,0,0,0,0,0,0,0,0,0,0,0,0,0,0,0,0,0,0,0,0,0,0,0,0,0,0,0,0,0,0,0,0,0,0,0,0,0,0,0,0,0,0,0,0,0,0,0,0,0,0,0,0,0,0,0,0,0,0,0,0,0,0,0,0,0,0,0,0,0,0,0,0,0,0,0,0,0,0,0,0,0,0,0,0,0,0,0,0,0,0,0,0,0,0,0,0,0,0,0,0,0,0,0,0,0,0,0,0,0,0,0,0,0,0,0,0,0,0,0,0,0,0,0,0,29,220,207,0,0,0,0,0,0,0,0,0,0,0,0,0,0,0,0,0,0,0,0,0,0,0,10,125,225,254,249,0,0,0,0,0,0,0,0,0,0,0,0,0,0,0,0,0,0,0,0,0,0,0,127,255,254,246,86,0,0,0,0,0,0,93,245,149,0,0,0,0,0,0,0,0,0,0,0,0,0,0,164,254,249,87,0,0,0,0,0,0,93,248,254,244,0,0,0,0,0,0,0,0,0,0,0,0,0,97,245,254,175,0,0,0,0,0,0,0,182,254,254,233,0,0,0,0,0,0,0,0,0,0,0,0,56,234,254,204,10,0,0,0,0,0,0,9,203,254,254,111,0,0,0,0,0,0,0,0,0,0,0,0,190,254,254,139,0,0,0,0,0,0,6,216,254,254,222,19,0,0,0,0,0,0,0,0,0,0,0,0,245,254,254,229,118,63,63,63,63,123,197,254,254,249,99,0,0,0,0,0,0,0,0,0,0,0,0,0,113,253,254,254,254,254,254,254,254,254,254,254,253,101,0,0,0,0,0,0,0,0,0,0,0,0,0,0,0,73,151,217,254,254,254,254,254,254,254,254,113,0,0,0,0,0,0,0,0,0,0,0,0,0,0,0,0,0,0,15,58,155,155,155,194,254,254,229,15,0,0,0,0,0,0,0,0,0,0,0,0,0,0,0,0,0,0,0,0,0,0,0,117,254,254,61,0,0,0,0,0,0,0,0,0,0,0,0,0,0,0,0,0,0,0,0,0,0,0,40,242,254,224,10,0,0,0,0,0,0,0,0,0,0,0,0,0,0,0,0,0,0,0,0,0,0,0,150,254,249,103,0,0,0,0,0,0,0,0,0,0,0,0,0,0,0,0,0,0,0,0,0,0,0,4,227,254,213,0,0,0,0,0,0,0,0,0,0,0,0,0,0,0,0,0,0,0,0,0,0,0,0,150,254,254,68,0,0,0,0,0,0,0,0,0,0,0,0,0,0,0,0,0,0,0,0,0,0,0,0,214,254,187,2,0,0,0,0,0,0,0,0,0,0,0,0,0,0,0,0,0,0,0,0,0,0,0,59,249,254,151,0,0,0,0,0,0,0,0,0,0,0,0,0,0,0,0,0,0,0,0,0,0,0,10,222,254,243,40,0,0,0,0,0,0,0,0,0,0,0,0,0,0,0,0,0,0,0,0,0,0,0,3,140,254,159,0,0,0,0,0,0,0,0,0,0,0,0,0,0,0,0,0,0,0,0,0,0,0,0,0,0,0,0,0,0,0,0,0,0,0,0,0,0,0,0,0,0,0,0,0,0,0,0,0,0,0,0,0,0,0,0,0,0,0,0,0,0,0,0,0,0,0,0,0
7,0,0,0,0,0,0,0,0,0,0,0,0,0,0,0,0,0,0,0,0,0,0,0,0,0,0,0,0,0,0,0,0,0,0,0,0,0,0,0,0,0,0,0,0,0,0,0,0,0,0,0,0,0,0,0,0,0,0,0,0,0,0,0,0,0,0,0,0,0,0,0,0,0,0,0,0,0,0,0,0,0,0,0,0,0,0,0,0,0,0,0,0,0,0,0,0,0,0,0,0,0,0,0,0,0,0,0,0,0,0,0,0,0,0,0,0,0,0,0,0,0,0,0,0,0,0,0,0,0,0,0,0,0,0,0,0,0,0,0,0,0,0,0,0,0,0,0,0,0,0,0,0,0,0,0,0,0,0,0,0,0,0,0,0,0,0,0,0,0,0,0,0,0,0,0,0,64,191,255,191,128,0,0,0,0,0,0,0,0,0,0,0,0,0,0,0,0,0,0,0,0,0,0,0,128,255,255,255,255,191,0,0,0,0,0,0,0,0,0,0,0,0,0,0,0,0,0,0,0,0,0,0,128,255,255,255,255,255,255,255,128,0,0,0,0,0,0,0,0,0,0,0,0,0,0,0,0,0,0,0,128,255,255,64,0,64,191,255,255,255,64,0,0,0,0,0,0,0,0,0,0,0,0,0,0,0,0,0,0,191,255,0,0,0,0,255,255,255,255,0,0,0,0,0,0,0,0,0,0,0,0,0,0,0,0,0,0,128,255,0,0,0,128,255,255,255,64,0,0,0,0,0,0,0,0,0,0,0,0,0,0,0,0,0,0,0,255,0,0,0,128,255,255,128,0,0,0,0,0,0,0,0,0,0,0,0,0,0,0,0,0,0,0,0,255,0,0,0,128,255,255,64,0,0,0,0,0,0,0,0,0,0,0,0,0,0,0,0,0,0,0,0,0,0,0,0,255,255,255,0,0,0,0,0,0,0,0,0,0,0,0,0,0,0,0,0,0,0,0,0,0,0,64,255,255,255,128,0,0,0,0,0,0,0,0,0,0,0,0,0,0,0,0,0,0,0,0,0,0,191,255,255,255,255,128,0,0,0,0,0,0,0,0,0,0,0,0,0,0,0,0,0,0,0,0,0,0,255,255,255,255,255,255,64,0,0,0,0,0,0,0,0,0,0,0,0,0,0,0,0,0,0,0,0,0,128,64,191,255,255,255,255,128,0,0,0,0,0,0,0,0,0,0,0,0,0,0,0,0,0,0,0,0,0,0,128,255,255,191,128,64,0,0,0,0,0,0,0,0,0,0,0,0,0,0,0,0,0,0,0,0,0,0,64,255,255,128,0,0,0,0,0,0,0,0,0,0,0,0,0,0,0,0,0,0,0,0,0,0,0,0,0,255,255,255,0,0,0,0,0,0,0,0,0,0,0,0,0,0,0,0,0,0,0,0,0,0,0,0,0,255,255,255,0,0,0,0,0,0,0,0,0,0,0,0,0,0,0,0,0,0,0,0,0,0,0,0,0,128,255,255,128,0,0,0,0,0,0,0,0,0,0,0,0,0,0,0,0,0,0,0,0,0,0,0,0,128,255,255,128,0,0,0,0,0,0,0,0,0,0,0,0,0,0,0,0,0,0,0,0,0,0,0,0,0,128,191,64,0,0,0,0,0,0,0,0,0,0,0,0,0,0,0,0,0,0,0,0,0,0,0,0,0,0,0,0,0,0,0,0,0,0,0,0,0,0,0,0,0,0,0,0,0,0,0,0,0,0,0,0,0,0,0,0,0,0,0,0,0,0,0,0,0,0
4,0,0,0,0,0,0,0,0,0,0,0,0,0,0,0,0,0,0,0,0,0,0,0,0,0,0,0,0,0,0,0,0,0,0,0,0,0,0,0,0,0,0,0,0,0,0,0,0,0,0,0,0,0,0,0,0,0,0,0,0,0,0,0,0,0,0,0,0,0,0,0,0,0,0,0,0,0,0,0,0,0,0,0,0,0,0,0,0,0,0,0,0,0,0,0,0,0,0,0,0,0,0,0,0,0,0,0,0,0,0,0,0,0,0,0,0,0,0,0,0,0,0,0,0,0,0,0,0,0,0,0,0,0,0,0,0,0,0,0,0,0,0,0,0,0,0,0,0,0,0,0,0,0,0,0,0,0,0,0,0,0,0,0,0,0,0,0,0,0,0,0,0,0,0,0,0,0,188,214,0,0,0,58,248,26,0,0,0,0,0,0,0,0,0,0,0,0,0,0,0,0,0,0,0,64,250,251,89,0,0,121,253,193,17,0,0,0,0,0,0,0,0,0,0,0,0,0,0,0,0,0,0,68,253,253,93,0,0,77,249,253,89,0,0,0,0,0,0,0,0,0,0,0,0,0,0,0,0,0,0,68,253,253,93,0,0,0,241,253,173,0,0,0,0,0,0,0,0,0,0,0,0,0,0,0,0,0,0,138,253,253,128,0,0,0,206,253,194,50,0,0,0,0,0,0,0,0,0,0,0,0,0,0,0,0,0,32,218,253,226,0,0,0,108,253,253,236,49,0,0,0,0,0,0,0,0,0,0,0,0,0,0,0,0,21,208,253,226,0,0,0,108,253,253,253,66,0,0,0,0,0,0,0,0,0,0,0,0,0,0,0,0,0,187,253,226,0,0,13,123,253,253,196,25,0,0,0,0,0,0,0,0,0,0,0,0,0,0,0,0,0,110,253,242,147,147,198,253,253,253,53,0,0,0,0,0,0,0,0,0,0,0,0,0,0,0,0,0,0,54,253,253,253,253,255,253,253,253,53,0,0,0,0,0,0,0,0,0,0,0,0,0,0,0,0,0,0,29,217,255,254,255,72,57,242,254,53,0,0,0,0,0,0,0,0,0,0,0,0,0,0,0,0,0,0,0,9,98,139,13,0,46,238,253,53,0,0,0,0,0,0,0,0,0,0,0,0,0,0,0,0,0,0,0,0,0,0,0,0,108,253,253,53,0,0,0,0,0,0,0,0,0,0,0,0,0,0,0,0,0,0,0,0,0,0,0,0,108,253,253,53,0,0,0,0,0,0,0,0,0,0,0,0,0,0,0,0,0,0,0,0,0,0,0,0,108,253,253,53,0,0,0,0,0,0,0,0,0,0,0,0,0,0,0,0,0,0,0,0,0,0,0,0,51,240,194,14,0,0,0,0,0,0,0,0,0,0,0,0,0,0,0,0,0,0,0,0,0,0,0,0,108,253,173,0,0,0,0,0,0,0,0,0,0,0,0,0,0,0,0,0,0,0,0,0,0,0,0,0,108,253,158,0,0,0,0,0,0,0,0,0,0,0,0,0,0,0,0,0,0,0,0,0,0,0,0,0,108,248,37,0,0,0,0,0,0,0,0,0,0,0,0,0,0,0,0,0,0,0,0,0,0,0,0,0,51,146,0,0,0,0,0,0,0,0,0,0,0,0,0,0,0,0,0,0,0,0,0,0,0,0,0,0,0,0,0,0,0,0,0,0,0,0,0,0,0,0,0,0,0,0,0,0,0,0,0,0,0,0,0,0,0,0,0,0,0,0,0,0,0,0,0,0,0
7,0,0,0,0,0,0,0,0,0,0,0,0,0,0,0,0,0,0,0,0,0,0,0,0,0,0,0,0,0,0,0,0,0,0,0,0,0,0,0,0,0,0,0,0,0,0,0,0,0,0,0,0,0,0,0,0,0,0,0,0,0,0,0,0,0,0,0,0,0,0,0,0,0,0,0,0,0,0,0,0,0,0,0,0,0,0,0,0,0,0,0,0,0,0,0,0,0,0,0,0,0,0,0,0,0,0,0,0,0,0,0,0,0,0,0,0,0,0,0,0,0,0,0,0,0,0,0,0,0,0,0,0,0,0,0,0,0,0,0,0,0,0,0,0,0,0,0,0,0,0,0,0,0,0,0,0,0,0,0,0,0,0,0,0,0,0,0,0,0,0,0,0,0,0,0,0,0,0,0,0,0,0,0,0,0,0,0,0,0,0,0,0,0,0,0,0,0,0,0,0,0,0,0,0,0,0,0,0,0,0,0,0,0,0,0,0,0,0,0,0,0,0,0,0,0,0,0,0,0,0,0,0,0,0,0,0,128,128,128,255,255,255,255,255,128,0,0,0,0,0,0,0,0,0,0,0,0,0,0,0,0,0,128,255,255,255,255,255,255,191,255,255,128,0,0,0,0,0,0,0,0,0,0,0,0,0,0,0,0,255,255,255,255,191,0,0,0,64,255,191,0,0,0,0,0,0,0,0,0,0,0,0,0,0,0,0,64,255,255,255,191,0,0,0,0,128,255,128,0,0,0,0,0,0,0,0,0,0,0,0,0,0,0,128,255,255,255,255,0,0,0,0,0,191,255,0,0,0,0,0,0,0,0,0,0,0,0,0,0,0,0,128,255,255,64,0,0,0,0,0,128,255,64,0,0,0,0,0,0,0,0,0,0,0,0,0,0,0,0,64,128,0,0,0,0,0,0,0,128,255,0,0,0,0,0,0,0,0,0,0,0,0,0,0,0,0,0,0,0,0,0,0,0,0,0,0,255,255,0,0,0,0,0,0,0,0,0,0,0,0,0,0,0,0,0,0,0,0,0,0,0,0,0,191,255,128,0,0,0,0,0,0,0,0,0,0,0,0,0,0,0,0,0,0,0,0,0,0,0,0,0,255,255,0,0,0,0,0,0,0,0,0,0,0,0,0,0,0,0,0,0,0,0,0,0,0,0,0,64,255,128,0,0,0,0,0,0,0,0,0,0,0,0,0,0,0,0,0,0,0,0,0,0,0,0,0,191,255,64,0,0,0,0,0,0,0,0,0,0,0,0,0,0,0,0,0,0,0,0,0,0,0,0,64,255,191,0,0,0,0,0,0,0,0,0,0,0,0,0,0,0,0,0,0,0,0,0,0,0,0,0,128,255,128,0,0,0,0,0,0,0,0,0,0,0,0,0,0,0,0,0,0,0,0,0,0,0,0,0,191,255,0,0,0,0,0,0,0,0,0,0,0,0,0,0,0,0,0,0,0,0,0,0,0,0,0,64,255,191,0,0,0,0,0,0,0,0,0,0,0,0,0,0,0,0,0,0,0,0,0,0,0,0,0,191,255,64,0,0,0,0,0,0,0,0,0,0,0,0,0,0,0,0,0,0,0,0,0,0,0,0,0,255,191,0,0,0,0,0,0,0,0,0,0,0,0,0,0,0,0,0,0,0,0,0,0,0,0,0,128,255,128,0,0,0,0,0,0,0,0,0,0,0,0,0,0,0,0,0,0,0,0,0,0,0,0,0,0,255,128,0,0,0,0,0,0,0,0,0,0,0,0,0,0
8,0,0,0,0,0,0,0,0,0,0,0,0,0,0,0,0,0,0,0,0,0,0,0,0,0,0,0,0,0,0,0,0,0,0,0,0,0,0,0,0,0,0,0,0,0,0,0,0,0,0,0,0,0,0,0,0,0,0,0,0,0,0,0,0,0,0,0,0,0,0,0,0,0,0,0,0,0,0,0,0,0,0,0,0,0,0,0,0,0,0,0,0,0,0,0,0,0,0,0,0,0,0,0,0,0,0,0,0,0,0,0,0,0,0,0,0,0,0,0,0,0,0,0,0,0,0,0,0,0,0,0,0,0,0,0,0,0,0,0,0,0,0,0,0,0,0,0,0,0,0,12,34,101,143,143,82,34,21,0,0,0,0,0,0,0,0,0,0,0,0,0,0,0,0,0,0,6,91,203,252,252,252,252,253,252,222,166,67,15,0,0,0,0,0,0,0,0,0,0,0,0,0,0,0,114,252,252,252,252,252,252,253,252,252,252,252,218,156,82,0,0,0,0,0,0,0,0,0,0,0,0,0,238,252,252,232,163,154,134,121,197,230,242,252,252,252,251,160,27,0,0,0,0,0,0,0,0,0,0,0,170,252,252,118,0,0,0,0,0,0,46,147,252,252,252,252,214,0,0,0,0,0,0,0,0,0,0,0,132,252,252,250,116,0,0,0,0,35,146,234,252,248,117,191,252,0,0,0,0,0,0,0,0,0,0,0,21,206,252,252,249,198,21,2,89,221,252,252,248,87,0,7,21,0,0,0,0,0,0,0,0,0,0,0,0,22,136,249,252,252,209,168,252,252,252,243,88,0,0,0,0,0,0,0,0,0,0,0,0,0,0,0,0,0,0,164,252,252,252,253,252,252,236,51,0,0,0,0,0,0,0,0,0,0,0,0,0,0,0,0,0,0,0,12,252,252,252,253,252,209,34,0,0,0,0,0,0,0,0,0,0,0,0,0,0,0,0,0,0,22,120,244,253,253,253,255,253,210,21,0,0,0,0,0,0,0,0,0,0,0,0,0,0,0,0,27,125,226,252,252,252,252,194,224,252,252,197,0,0,0,0,0,0,0,0,0,0,0,0,0,0,0,70,207,252,252,252,252,192,120,6,39,222,252,230,0,0,0,0,0,0,0,0,0,0,0,0,0,0,100,249,252,252,247,192,68,4,0,0,0,176,252,251,84,0,0,0,0,0,0,0,0,0,0,0,0,0,253,252,252,214,69,0,0,0,0,0,8,193,252,238,31,0,0,0,0,0,0,0,0,0,0,0,0,0,253,252,174,26,0,0,0,0,0,0,158,252,252,230,0,0,0,0,0,0,0,0,0,0,0,0,0,0,253,252,201,10,0,0,0,0,4,155,253,252,248,77,0,0,0,0,0,0,0,0,0,0,0,0,0,0,186,252,252,201,154,68,45,112,184,252,253,221,79,0,0,0,0,0,0,0,0,0,0,0,0,0,0,0,52,229,252,252,252,252,252,252,252,252,114,20,0,0,0,0,0,0,0,0,0,0,0,0,0,0,0,0,0,23,33,33,33,33,33,33,33,33,0,0,0,0,0,0,0,0,0,0,0,0,0,0,0,0,0,0,0,0,0,0,0,0,0,0,0,0,0,0,0,0,0,0,0,0,0,0,0,0,0,0,0,0,0,0,0,0,0,0,0,0,0,0,0,0,0,0,0,0,0,0,0,0,0,0,0,0,0,0,0,0,0,0,0,0,0,0,0,0,0,0,0,0,0,0,0,0,0,0,0,0,0,0,0,0,0
1,0,0,0,0,0,0,0,0,0,0,0,0,0,0,0,0,0,0,0,0,0,0,0,0,0,0,0,0,0,0,0,0,0,0,0,0,0,0,0,0,0,0,0,0,0,0,0,0,0,0,0,0,0,0,0,0,0,0,0,0,0,0,0,0,0,0,0,0,0,0,0,0,0,0,0,0,0,0,0,0,0,0,0,0,0,0,0,0,0,0,0,0,0,0,0,0,0,0,0,0,0,0,0,0,0,0,0,0,0,0,0,0,0,0,0,0,0,0,0,0,0,0,0,0,0,0,0,0,0,0,0,0,0,0,0,0,0,0,0,0,0,0,0,0,0,0,0,0,0,0,0,0,0,0,0,0,52,241,141,25,0,0,0,0,0,0,0,0,0,0,0,0,0,0,0,0,0,0,0,0,0,0,0,171,246,253,253,53,0,0,0,0,0,0,0,0,0,0,0,0,0,0,0,0,0,0,0,0,0,5,164,254,253,253,223,33,0,0,0,0,0,0,0,0,0,0,0,0,0,0,0,0,0,0,0,0,0,57,253,254,253,223,48,0,0,0,0,0,0,0,0,0,0,0,0,0,0,0,0,0,0,0,0,0,0,147,253,254,225,118,0,0,0,0,0,0,0,0,0,0,0,0,0,0,0,0,0,0,0,0,0,0,6,170,253,255,146,0,0,0,0,0,0,0,0,0,0,0,0,0,0,0,0,0,0,0,0,0,0,0,27,253,253,255,125,0,0,0,0,0,0,0,0,0,0,0,0,0,0,0,0,0,0,0,0,0,0,0,113,253,253,178,5,0,0,0,0,0,0,0,0,0,0,0,0,0,0,0,0,0,0,0,0,0,0,24,214,253,253,134,0,0,0,0,0,0,0,0,0,0,0,0,0,0,0,0,0,0,0,0,0,0,0,41,253,253,253,64,0,0,0,0,0,0,0,0,0,0,0,0,0,0,0,0,0,0,0,0,0,0,0,41,254,254,254,0,0,0,0,0,0,0,0,0,0,0,0,0,0,0,0,0,0,0,0,0,0,0,0,41,253,253,253,0,0,0,0,0,0,0,0,0,0,0,0,0,0,0,0,0,0,0,0,0,0,0,0,160,253,253,203,0,0,0,0,0,0,0,0,0,0,0,0,0,0,0,0,0,0,0,0,0,0,0,0,174,253,249,82,0,0,0,0,0,0,0,0,0,0,0,0,0,0,0,0,0,0,0,0,0,0,0,15,195,253,240,0,0,0,0,0,0,0,0,0,0,0,0,0,0,0,0,0,0,0,0,0,0,0,0,14,195,253,247,64,0,0,0,0,0,0,0,0,0,0,0,0,0,0,0,0,0,0,0,0,0,0,0,0,174,253,249,83,0,0,0,0,0,0,0,0,0,0,0,0,0,0,0,0,0,0,0,0,0,0,0,0,174,253,253,204,0,0,0,0,0,0,0,0,0,0,0,0,0,0,0,0,0,0,0,0,0,0,0,0,97,253,253,253,0,0,0,0,0,0,0,0,0,0,0,0,0,0,0,0,0,0,0,0,0,0,0,0,41,253,253,182,0,0,0,0,0,0,0,0,0,0,0,0,0,0,0,0,0,0,0,0,0,0,0,0,0,0,0,0,0,0,0,0,0,0,0,0,0,0,0,0,0,0,0,0,0,0,0,0,0,0,0,0,0,0,0,0,0,0,0,0,0,0,0,0,0,0,0,0,0,0,0,0,0,0,0,0,0,0,0,0,0,0,0,0,0,0,0,0,0,0,0,0,0,0,0,0,0
4,0,0,0,0,0,0,0,0,0,0,0,0,0,0,0,0,0,0,0,0,0,0,0,0,0,0,0,0,0,0,0,0,0,0,0,0,0,0,0,0,0,0,0,0,0,0,0,0,0,0,0,0,0,0,0,0,0,0,0,0,0,0,0,0,0,0,0,0,0,0,0,0,0,0,0,0,0,0,0,0,0,0,0,0,0,0,0,0,0,0,0,0,0,0,0,0,0,0,0,0,0,0,0,0,0,0,0,0,0,0,0,0,0,0,0,0,0,0,0,0,0,0,0,0,0,0,0,0,0,0,0,0,131,254,101,0,0,0,0,0,0,0,0,0,0,0,0,0,0,0,0,0,0,0,0,0,0,0,0,20,247,202,16,0,0,0,0,0,0,0,0,0,0,0,0,0,0,0,0,0,0,0,0,0,0,0,3,179,254,95,0,0,0,0,0,0,0,0,0,0,0,0,0,0,0,0,0,0,0,0,0,0,0,0,128,253,216,10,0,0,0,0,0,0,0,0,0,0,0,0,0,0,0,0,0,0,0,0,0,0,0,59,238,253,59,0,0,0,0,0,0,0,0,0,0,0,0,0,0,0,0,0,0,0,0,0,0,0,0,186,254,169,0,0,0,0,0,0,0,0,0,0,0,0,0,0,0,0,0,0,0,0,0,0,0,0,123,250,249,57,0,0,0,0,0,0,0,0,0,0,0,0,0,0,0,0,0,0,0,8,6,0,0,37,244,253,112,0,0,0,0,0,0,0,0,0,0,0,0,0,0,0,0,0,0,0,64,211,178,0,0,183,253,231,31,0,0,0,0,0,0,0,0,0,0,0,0,0,0,0,0,0,0,0,195,253,216,0,33,254,253,94,0,0,0,0,0,0,0,0,0,0,0,0,0,0,0,0,0,0,0,118,255,218,46,12,228,255,218,13,0,0,27,0,0,0,0,0,0,0,0,0,0,0,0,0,0,0,89,248,254,128,0,90,253,254,113,100,216,216,72,0,0,0,0,0,0,0,0,0,0,0,0,0,0,77,245,253,202,59,140,245,253,254,253,221,145,49,0,0,0,0,0,0,0,0,0,0,0,0,0,0,0,128,253,253,254,253,253,253,253,177,93,8,0,0,0,0,0,0,0,0,0,0,0,0,0,0,0,0,0,128,253,253,195,214,253,246,129,0,0,0,0,0,0,0,0,0,0,0,0,0,0,0,0,0,0,0,0,0,0,0,0,171,254,209,0,0,0,0,0,0,0,0,0,0,0,0,0,0,0,0,0,0,0,0,0,0,0,0,68,252,232,30,0,0,0,0,0,0,0,0,0,0,0,0,0,0,0,0,0,0,0,0,0,0,0,0,163,253,138,0,0,0,0,0,0,0,0,0,0,0,0,0,0,0,0,0,0,0,0,0,0,0,0,40,254,229,40,0,0,0,0,0,0,0,0,0,0,0,0,0,0,0,0,0,0,0,0,0,0,0,0,91,254,102,0,0,0,0,0,0,0,0,0,0,0,0,0,0,0,0,0,0,0,0,0,0,0,0,0,0,0,0,0,0,0,0,0,0,0,0,0,0,0,0,0,0,0,0,0,0,0,0,0,0,0,0,0,0,0,0,0,0,0,0,0,0,0,0,0,0,0,0,0,0,0,0,0,0,0,0,0,0,0,0,0,0,0,0,0,0,0,0,0,0,0,0,0,0,0,0,0,0,0,0,0,0,0,0,0,0,0,0,0,0,0,0,0,0,0,0,0,0,0,0,0,0,0,0,0,0,0,0
5,0,0,0,0,0,0,0,0,0,0,0,0,0,0,0,0,0,0,0,0,0,0,0,0,0,0,0,0,0,0,0,0,0,0,0,0,0,0,0,0,0,0,0,0,0,0,0,0,0,0,0,0,0,0,0,0,0,0,0,0,0,0,0,0,0,0,0,0,0,0,0,0,0,0,0,0,0,0,0,0,0,0,0,0,0,0,0,0,0,0,0,0,0,0,0,0,0,0,0,0,0,0,0,0,0,0,0,0,0,0,0,0,0,0,0,0,0,0,0,0,0,0,0,0,0,0,0,0,0,0,0,0,0,0,0,0,0,0,0,0,0,0,0,0,0,0,0,0,0,0,0,0,0,0,22,22,0,0,19,24,24,24,7,0,0,0,0,0,0,0,0,0,0,0,0,0,0,0,0,0,34,140,244,234,68,161,236,252,253,252,154,30,0,0,0,0,0,0,0,0,0,0,0,0,0,0,0,13,203,252,252,253,252,252,252,252,253,252,252,227,131,0,0,0,0,0,0,0,0,0,0,0,0,0,0,47,252,252,252,245,160,160,160,160,161,160,185,252,210,0,0,0,0,0,0,0,0,0,0,0,0,0,11,193,252,252,200,21,0,0,0,0,0,0,7,22,12,0,0,0,0,0,0,0,0,0,0,0,0,127,255,253,253,253,190,0,0,0,0,0,0,0,0,0,0,0,0,0,0,0,0,0,0,0,0,0,17,234,253,252,252,172,50,0,0,0,0,0,0,0,0,0,0,0,0,0,0,0,0,0,0,0,0,51,209,252,253,187,69,13,0,0,0,0,0,0,0,0,0,0,0,0,0,0,0,0,0,0,0,0,17,136,252,252,253,202,93,17,0,0,0,0,0,0,0,0,0,0,0,0,0,0,0,0,0,0,0,0,5,190,252,252,253,252,252,234,230,106,0,0,0,0,0,0,0,0,0,0,0,0,0,0,0,0,0,0,0,32,116,168,231,234,253,253,253,255,232,107,5,0,0,0,0,0,0,0,0,0,0,0,0,0,0,0,0,0,0,0,0,17,92,185,206,253,252,252,135,5,0,0,0,0,0,0,0,0,0,0,0,0,0,0,0,0,0,0,0,0,0,0,0,131,227,252,252,137,0,0,0,0,0,0,0,0,0,0,0,0,0,136,0,0,0,0,0,0,0,0,0,0,29,196,252,252,0,0,0,0,0,0,0,0,0,0,0,0,0,199,135,0,0,0,0,0,0,0,0,0,0,131,252,252,53,0,0,0,0,0,0,0,0,0,0,0,0,202,232,138,44,13,0,0,0,0,11,24,45,222,253,253,53,0,0,0,0,0,0,0,0,0,0,0,0,207,236,252,252,211,162,161,109,161,203,253,252,252,252,157,0,0,0,0,0,0,0,0,0,0,0,0,0,0,129,252,252,252,253,252,252,252,252,253,252,202,89,6,0,0,0,0,0,0,0,0,0,0,0,0,0,0,9,45,139,160,161,160,160,160,160,150,45,13,0,0,0,0,0,0,0,0,0,0,0,0,0,0,0,0,0,0,0,0,0,0,0,0,0,0,0,0,0,0,0,0,0,0,0,0,0,0,0,0,0,0,0,0,0,0,0,0,0,0,0,0,0,0,0,0,0,0,0,0,0,0,0,0,0,0,0,0,0,0,0,0,0,0,0,0,0,0,0,0,0,0,0,0,0,0,0,0,0,0,0,0,0,0,0,0,0,0,0,0,0,0,0,0,0,0,0,0,0,0,0,0,0,0,0,0,0,0,0,0,0,0
0,0,0,0,0,0,0,0,0,0,0,0,0,0,0,0,0,0,0,0,0,0,0,0,0,0,0,0,0,0,0,0,0,0,0,0,0,0,0,0,0,0,0,0,0,0,0,0,0,0,0,0,0,0,0,0,0,0,0,0,0,0,0,0,0,0,0,0,0,0,0,0,0,0,0,0,0,0,0,0,0,0,0,0,0,0,0,0,0,0,0,0,0,0,0,0,0,0,0,0,0,0,0,0,0,0,0,0,0,0,0,0,0,0,0,0,0,0,0,0,0,0,0,0,0,141,244,160,102,8,0,0,0,0,0,0,0,0,0,0,0,0,0,0,0,0,0,0,0,0,0,74,163,253,254,254,254,166,9,0,0,0,0,0,0,0,0,0,0,0,0,0,0,0,0,0,0,0,115,243,254,254,254,254,254,254,95,0,0,0,0,0,0,0,0,0,0,0,0,0,0,0,0,0,0,114,248,254,254,254,254,254,254,254,216,25,0,0,0,0,0,0,0,0,0,0,0,0,0,0,0,0,27,248,254,236,254,254,220,182,219,254,254,213,28,0,0,0,0,0,0,0,0,0,0,0,0,0,0,0,181,254,250,115,254,254,125,0,13,182,254,254,210,28,0,0,0,0,0,0,0,0,0,0,0,0,0,0,198,254,175,6,201,254,69,0,0,12,151,254,254,140,0,0,0,0,0,0,0,0,0,0,0,0,0,37,252,254,113,0,124,254,152,0,0,0,1,151,254,243,45,0,0,0,0,0,0,0,0,0,0,0,0,38,254,254,113,0,44,193,228,8,0,0,0,40,245,254,164,1,0,0,0,0,0,0,0,0,0,0,0,38,254,254,113,0,0,36,170,135,0,0,0,0,201,254,254,79,0,0,0,0,0,0,0,0,0,0,0,15,219,254,113,0,0,0,0,0,0,0,0,0,118,254,255,198,0,0,0,0,0,0,0,0,0,0,0,0,198,254,113,0,0,0,0,0,0,0,0,0,6,212,254,205,6,0,0,0,0,0,0,0,0,0,0,0,198,254,152,2,0,0,0,0,0,0,0,0,0,137,254,251,36,0,0,0,0,0,0,0,0,0,0,0,170,254,254,75,0,0,0,0,0,0,0,0,0,207,254,197,0,0,0,0,0,0,0,0,0,0,0,0,15,220,254,161,14,0,0,0,0,0,0,0,0,190,254,207,7,0,0,0,0,0,0,0,0,0,0,0,0,70,252,254,158,1,0,0,0,0,0,0,22,211,254,207,7,0,0,0,0,0,0,0,0,0,0,0,0,0,169,254,254,126,13,0,0,0,0,26,151,254,254,165,0,0,0,0,0,0,0,0,0,0,0,0,0,0,40,243,254,254,236,151,57,106,154,248,254,254,214,10,0,0,0,0,0,0,0,0,0,0,0,0,0,0,0,80,245,254,254,254,254,254,254,254,254,181,11,0,0,0,0,0,0,0,0,0,0,0,0,0,0,0,0,0,47,191,240,254,254,254,254,190,142,12,0,0,0,0,0,0,0,0,0,0,0,0,0,0,0,0,0,0,0,0,0,0,0,0,0,0,0,0,0,0,0,0,0,0,0,0,0,0,0,0,0,0,0,0,0,0,0,0,0,0,0,0,0,0,0,0,0,0,0,0,0,0,0,0,0,0,0,0,0,0,0,0,0,0,0,0,0,0,0,0,0,0,0,0,0,0,0,0,0,0,0,0,0,0,0,0,0,0,0,0,0,0,0,0,0,0,0,0,0,0,0,0,0,0,0,0,0,0,0
1,0,0,0,0,0,0,0,0,0,0,0,0,0,0,0,0,0,0,0,0,0,0,0,0,0,0,0,0,0,0,0,0,0,0,0,0,0,0,0,0,0,0,0,0,0,0,0,0,0,0,0,0,0,0,0,0,0,0,0,0,0,0,0,0,0,0,0,0,0,0,0,0,0,0,0,0,0,0,0,0,0,0,0,0,0,0,0,0,0,0,0,0,0,0,0,0,0,0,0,0,0,0,0,0,0,0,0,0,0,0,0,0,0,0,0,0,0,0,0,0,0,0,0,0,0,0,0,0,0,0,0,0,0,0,0,0,0,0,0,0,0,0,0,0,0,0,0,0,0,0,0,0,0,0,0,0,0,37,253,253,255,149,10,0,0,0,0,0,0,0,0,0,0,0,0,0,0,0,0,0,0,0,0,0,84,160,251,251,253,168,15,0,0,0,0,0,0,0,0,0,0,0,0,0,0,0,0,0,0,0,0,11,160,251,251,251,253,210,25,0,0,0,0,0,0,0,0,0,0,0,0,0,0,0,0,0,0,0,0,73,251,251,251,251,253,107,0,0,0,0,0,0,0,0,0,0,0,0,0,0,0,0,0,0,0,0,0,202,251,251,251,251,72,30,0,0,0,0,0,0,0,0,0,0,0,0,0,0,0,0,0,0,0,32,73,255,253,253,253,253,130,0,0,0,0,0,0,0,0,0,0,0,0,0,0,0,0,0,0,0,0,47,210,253,251,251,251,251,0,0,0,0,0,0,0,0,0,0,0,0,0,0,0,0,0,0,0,0,0,94,241,253,251,251,235,86,0,0,0,0,0,0,0,0,0,0,0,0,0,0,0,0,0,0,0,0,16,170,251,253,251,235,82,0,0,0,0,0,0,0,0,0,0,0,0,0,0,0,0,0,0,0,0,0,37,251,251,253,251,241,103,0,0,0,0,0,0,0,0,0,0,0,0,0,0,0,0,0,0,0,0,105,243,253,253,255,253,35,0,0,0,0,0,0,0,0,0,0,0,0,0,0,0,0,0,0,0,0,0,84,236,251,251,211,107,15,0,0,0,0,0,0,0,0,0,0,0,0,0,0,0,0,0,0,0,0,37,160,251,251,251,232,77,0,0,0,0,0,0,0,0,0,0,0,0,0,0,0,0,0,0,0,0,0,253,251,251,251,251,180,0,0,0,0,0,0,0,0,0,0,0,0,0,0,0,0,0,0,0,0,0,130,253,251,251,251,122,51,0,0,0,0,0,0,0,0,0,0,0,0,0,0,0,0,0,0,0,0,0,53,255,253,253,221,180,0,0,0,0,0,0,0,0,0,0,0,0,0,0,0,0,0,0,0,0,0,0,180,253,251,251,205,41,0,0,0,0,0,0,0,0,0,0,0,0,0,0,0,0,0,0,0,0,27,196,241,253,251,225,55,10,0,0,0,0,0,0,0,0,0,0,0,0,0,0,0,0,0,0,0,0,94,170,251,253,251,157,82,0,0,0,0,0,0,0,0,0,0,0,0,0,0,0,0,0,0,0,0,0,87,251,251,253,251,164,0,0,0,0,0,0,0,0,0,0,0,0,0,0,0,0,0,0,0,0,0,0,0,0,0,0,0,0,0,0,0,0,0,0,0,0,0,0,0,0,0,0,0,0,0,0,0,0,0,0,0,0,0,0,0,0,0,0,0,0,0,0,0,0,0,0,0,0,0,0,0,0,0,0,0,0,0,0,0,0,0,0,0,0,0,0,0,0,0,0,0,0,0,0,0,0,0,0,0
4,0,0,0,0,0,0,0,0,0,0,0,0,0,0,0,0,0,0,0,0,0,0,0,0,0,0,0,0,0,0,0,0,0,0,0,0,0,0,0,0,0,0,0,0,0,0,0,0,0,0,0,0,0,0,0,0,0,0,0,0,0,0,0,0,0,0,0,0,0,0,0,0,0,0,0,0,0,0,0,0,0,0,0,0,0,0,0,0,0,0,0,0,0,0,0,0,0,0,0,0,0,0,0,0,0,0,0,0,0,0,0,0,0,0,0,0,0,0,0,0,0,0,0,13,180,255,77,0,0,0,0,0,0,0,0,0,0,0,0,0,0,0,0,0,0,0,0,0,0,0,0,31,253,253,198,0,0,0,0,0,0,0,0,0,0,0,0,0,0,0,0,0,0,0,0,0,0,0,0,14,182,253,243,76,0,0,0,0,0,0,0,0,0,0,0,0,0,0,0,0,0,0,0,0,0,0,0,0,131,253,253,129,0,0,0,0,0,0,0,0,0,0,0,0,0,0,0,0,0,0,0,0,0,0,0,29,149,253,253,129,0,0,0,0,0,0,0,0,0,0,0,0,0,0,0,0,0,0,0,0,0,0,0,101,253,253,253,197,17,0,0,0,0,0,0,0,0,0,0,0,0,0,0,0,0,0,0,0,0,0,0,176,253,253,253,253,30,0,0,0,0,0,0,0,0,0,0,0,0,0,0,0,0,0,0,0,0,0,82,235,253,253,253,253,142,0,0,0,0,0,0,0,0,0,0,0,0,0,0,0,0,0,0,0,0,0,239,253,253,253,253,253,183,0,0,0,0,0,0,0,0,0,0,0,0,0,0,0,0,0,0,0,0,128,252,253,213,82,230,253,247,77,0,48,0,0,0,0,0,0,0,0,0,0,0,0,0,0,0,0,135,219,253,231,37,0,70,253,253,202,177,223,172,0,0,0,0,0,0,0,0,0,0,0,0,0,0,46,222,253,253,147,0,38,135,253,253,253,253,253,170,0,0,0,0,0,0,0,0,0,0,0,0,0,41,231,253,253,253,231,224,233,253,253,253,253,253,156,11,0,0,0,0,0,0,0,0,0,0,0,0,0,146,253,253,253,253,253,253,253,242,245,253,253,253,38,0,0,0,0,0,0,0,0,0,0,0,0,0,0,146,253,253,253,253,253,253,147,42,68,240,253,253,38,0,0,0,0,0,0,0,0,0,0,0,0,0,0,112,191,191,191,139,38,38,4,0,0,93,253,253,75,0,0,0,0,0,0,0,0,0,0,0,0,0,0,0,0,0,0,0,0,0,0,0,0,26,200,253,231,59,0,0,0,0,0,0,0,0,0,0,0,0,0,0,0,0,0,0,0,0,0,0,0,0,169,253,253,157,0,0,0,0,0,0,0,0,0,0,0,0,0,0,0,0,0,0,0,0,0,0,0,0,137,253,253,212,0,0,0,0,0,0,0,0,0,0,0,0,0,0,0,0,0,0,0,0,0,0,0,0,7,169,215,36,0,0,0,0,0,0,0,0,0,0,0,0,0,0,0,0,0,0,0,0,0,0,0,0,0,0,0,0,0,0,0,0,0,0,0,0,0,0,0,0,0,0,0,0,0,0,0,0,0,0,0,0,0,0,0,0,0,0,0,0,0,0,0,0,0,0,0,0,0,0,0,0,0,0,0,0,0,0,0,0,0,0,0,0,0,0,0,0,0,0,0,0,0,0,0,0,0,0,0,0,0,0,0,0,0,0,0,0,0,0,0,0,0,0,0,0,0,0,0
5,0,0,0,0,0,0,0,0,0,0,0,0,0,0,0,0,0,0,0,0,0,0,0,0,0,0,0,0,0,0,0,0,0,0,0,0,0,0,0,0,0,0,0,0,0,0,0,0,0,0,0,0,0,0,0,0,0,0,0,0,0,0,0,0,0,0,0,0,0,0,0,0,0,0,0,0,0,0,0,0,0,0,0,0,0,0,0,0,0,0,0,0,0,0,0,0,0,0,0,0,0,0,0,0,0,0,0,0,0,0,0,0,0,0,0,0,0,0,0,0,0,0,0,0,0,0,0,0,0,0,0,0,0,0,0,0,0,0,0,0,0,0,0,0,0,0,0,0,0,0,0,0,0,0,0,0,0,0,0,0,32,219,213,0,0,0,0,0,0,0,0,0,0,0,0,0,0,0,0,0,0,0,0,0,0,0,0,91,215,252,155,0,0,0,0,0,0,0,0,0,0,0,0,0,0,0,0,168,226,142,40,50,94,94,142,248,252,204,8,0,0,0,0,0,0,0,0,0,0,0,0,0,0,0,99,242,252,252,229,234,253,252,252,252,153,31,0,0,0,0,0,0,0,0,0,0,0,0,0,0,0,22,214,252,241,185,185,220,253,188,185,73,11,0,0,0,0,0,0,0,0,0,0,0,0,0,0,0,0,81,252,252,114,0,0,35,66,4,0,0,0,0,0,0,0,0,0,0,0,0,0,0,0,0,0,0,0,81,252,215,25,0,0,0,0,0,0,0,0,0,0,0,0,0,0,0,0,0,0,0,0,0,0,0,0,95,252,198,0,0,0,0,0,0,0,0,0,0,0,0,0,0,0,0,0,0,0,0,0,0,0,0,0,213,252,201,14,14,14,14,0,0,0,0,0,0,0,0,0,0,0,0,0,0,0,0,0,0,0,0,0,213,252,252,252,252,252,252,71,0,0,0,0,0,0,0,0,0,0,0,0,0,0,0,0,0,0,0,0,214,253,253,253,253,253,253,255,13,0,0,0,0,0,0,0,0,0,0,0,0,0,0,0,0,0,0,0,53,145,47,13,13,151,252,253,13,0,0,0,0,0,0,0,0,0,0,0,0,0,0,0,0,0,0,0,0,0,0,0,0,27,252,253,132,0,0,0,0,0,0,0,0,0,0,0,0,0,0,0,0,0,0,0,0,0,0,0,0,127,252,253,104,0,0,0,0,0,0,0,0,0,0,0,0,0,0,0,0,0,0,0,0,0,0,0,0,146,252,253,13,0,0,0,0,0,0,0,0,0,0,0,0,0,0,0,0,0,0,0,0,0,0,0,0,146,252,228,10,0,46,12,0,0,0,0,0,0,0,0,0,0,0,0,0,0,0,0,0,0,0,0,40,219,252,42,0,0,213,74,0,0,0,0,0,0,0,0,0,0,0,0,0,0,0,0,0,0,0,40,218,252,238,0,0,0,213,185,0,0,0,0,0,0,0,0,0,0,0,0,0,0,0,0,0,4,113,219,252,237,50,0,0,0,213,189,4,0,0,0,0,0,0,0,0,0,0,0,0,0,0,0,114,164,252,252,238,50,0,0,0,0,213,252,136,0,0,0,0,0,0,0,0,0,0,0,0,0,0,0,0,0,0,0,0,0,0,0,0,0,0,0,0,0,0,0,0,0,0,0,0,0,0,0,0,0,0,0,0,0,0,0,0,0,0,0,0,0,0,0,0,0,0,0,0,0,0,0,0,0,0,0,0,0,0,0,0,0,0,0,0,0,0,0,0,0,0,0,0,0,0,0,0,0,0
7,0,0,0,0,0,0,0,0,0,0,0,0,0,0,0,0,0,0,0,0,0,0,0,0,0,0,0,0,0,0,0,0,0,0,0,0,0,0,0,0,0,0,0,0,0,0,0,0,0,0,0,0,0,0,0,0,0,0,0,0,0,0,0,0,0,0,0,0,0,0,0,0,0,0,0,0,0,0,0,0,0,0,0,0,0,0,0,0,0,0,0,0,0,0,0,0,0,0,0,0,0,0,0,0,0,0,0,0,0,0,0,0,0,0,0,0,0,0,0,0,0,0,0,0,0,0,0,0,0,0,0,0,0,0,0,0,0,0,0,0,0,0,0,0,0,0,0,0,0,0,0,0,0,0,0,0,0,0,0,0,0,0,0,0,0,0,0,0,0,0,0,0,0,0,0,0,0,0,0,0,0,0,0,0,0,0,0,0,0,0,0,0,0,0,0,0,0,0,0,0,0,0,54,255,158,87,18,18,7,13,18,18,18,24,136,59,5,0,0,0,0,0,0,0,0,0,0,0,0,0,54,253,253,253,253,253,190,224,253,253,253,253,253,253,142,0,0,0,0,0,0,0,0,0,0,0,0,0,54,253,253,253,253,253,253,253,253,253,253,253,253,253,232,36,0,0,0,0,0,0,0,0,0,0,0,0,14,152,240,253,253,253,253,253,253,253,253,253,253,253,253,53,0,0,0,0,0,0,0,0,0,0,0,0,0,0,38,151,164,164,206,164,164,239,212,253,253,253,200,10,0,0,0,0,0,0,0,0,0,0,0,0,0,0,0,0,0,0,14,0,0,24,116,253,253,253,188,0,0,0,0,0,0,0,0,0,0,0,0,0,0,0,0,0,0,0,0,0,0,3,226,253,253,230,41,0,0,0,0,0,0,0,0,0,0,0,0,0,0,0,0,0,0,0,0,0,0,161,253,253,253,139,0,0,0,0,0,0,0,0,0,0,0,0,0,0,0,0,0,0,0,0,0,0,13,220,253,253,248,74,0,0,0,0,0,0,0,0,0,0,0,0,0,0,0,0,0,0,0,0,0,14,173,253,253,253,141,0,0,0,0,0,0,0,0,0,0,0,0,0,0,0,0,0,0,0,0,0,0,96,253,253,253,244,25,0,0,0,0,0,0,0,0,0,0,0,0,0,0,0,0,0,0,0,0,0,80,241,253,253,253,142,0,0,0,0,0,0,0,0,0,0,0,0,0,0,0,0,0,0,0,0,0,11,201,253,253,253,203,14,0,0,0,0,0,0,0,0,0,0,0,0,0,0,0,0,0,0,0,0,1,90,253,253,253,249,24,0,0,0,0,0,0,0,0,0,0,0,0,0,0,0,0,0,0,0,0,0,6,253,253,253,253,90,0,0,0,0,0,0,0,0,0,0,0,0,0,0,0,0,0,0,0,0,0,0,84,253,253,253,181,14,0,0,0,0,0,0,0,0,0,0,0,0,0,0,0,0,0,0,0,0,0,0,210,253,253,210,17,0,0,0,0,0,0,0,0,0,0,0,0,0,0,0,0,0,0,0,0,0,0,85,251,253,253,155,0,0,0,0,0,0,0,0,0,0,0,0,0,0,0,0,0,0,0,0,0,0,0,107,253,253,237,46,0,0,0,0,0,0,0,0,0,0,0,0,0,0,0,0,0,0,0,0,0,0,0,7,132,253,102,0,0,0,0,0,0,0,0,0,0,0,0,0,0,0,0,0,0,0,0,0,0,0,0,0,0,0,0,0,0,0,0,0,0,0,0,0,0,0,0,0,0,0
3,0,0,0,0,0,0,0,0,0,0,0,0,0,0,0,0,0,0,0,0,0,0,0,0,0,0,0,0,0,0,0,0,0,0,0,0,0,0,0,0,0,0,0,0,0,0,0,0,0,0,0,0,0,0,0,0,0,0,0,0,0,0,0,0,0,0,0,0,0,0,0,0,0,0,0,0,0,0,0,0,0,0,0,0,0,0,0,0,0,0,0,0,0,0,0,0,0,0,0,0,0,0,0,0,0,0,0,0,0,0,0,0,0,0,0,0,0,0,0,0,0,0,0,64,197,228,113,6,0,0,0,0,0,0,0,0,0,0,0,0,0,0,0,0,0,0,0,0,0,0,5,201,254,254,254,225,41,0,0,0,0,0,0,0,0,0,0,0,0,0,0,0,0,0,0,0,0,0,100,254,181,45,206,254,208,9,0,0,0,0,0,0,0,0,0,0,0,0,0,0,0,0,0,0,0,0,106,246,8,0,8,172,254,131,0,0,0,0,0,0,0,0,0,0,0,0,0,0,0,0,0,0,0,0,106,245,0,0,0,62,254,210,0,0,0,0,0,0,0,0,0,0,0,0,0,0,0,0,0,0,0,0,106,233,0,0,0,62,254,210,0,0,0,0,0,0,0,0,0,0,0,0,0,0,0,0,0,0,0,0,22,33,0,10,0,111,254,201,0,0,0,0,0,0,0,0,0,0,0,0,0,0,0,0,0,0,0,0,8,115,193,215,193,250,250,84,0,0,0,0,0,0,0,0,0,0,0,0,0,0,0,0,0,0,0,0,103,254,254,255,254,254,221,17,0,0,0,0,0,0,0,0,0,0,0,0,0,0,0,0,0,0,0,0,6,142,196,166,141,151,254,183,0,0,0,0,0,0,0,0,0,0,0,0,0,0,0,0,0,0,0,0,0,0,0,0,0,22,210,239,56,0,0,0,0,0,0,0,0,0,0,0,0,0,0,0,0,0,0,0,0,0,0,0,0,0,56,254,185,0,0,0,0,0,0,0,0,0,0,0,0,0,0,0,0,0,0,0,0,0,0,0,0,0,40,245,218,0,0,0,0,0,0,0,0,0,0,0,0,0,0,0,0,0,0,0,0,0,0,0,0,0,0,219,226,11,0,0,0,0,0,0,0,0,0,0,0,0,0,0,28,79,0,0,0,0,0,0,0,0,46,249,235,25,0,0,0,0,0,0,0,0,0,0,0,0,0,0,53,231,21,0,0,0,0,0,0,0,53,254,218,0,0,0,0,0,0,0,0,0,0,0,0,0,0,0,11,226,123,0,0,0,0,0,0,7,164,254,170,0,0,0,0,0,0,0,0,0,0,0,0,0,0,0,0,177,245,153,38,0,0,6,42,171,254,214,11,0,0,0,0,0,0,0,0,0,0,0,0,0,0,0,0,13,185,252,249,184,184,206,254,254,227,46,0,0,0,0,0,0,0,0,0,0,0,0,0,0,0,0,0,0,0,63,181,254,254,254,199,144,8,0,0,0,0,0,0,0,0,0,0,0,0,0,0,0,0,0,0,0,0,0,0,0,0,0,0,0,0,0,0,0,0,0,0,0,0,0,0,0,0,0,0,0,0,0,0,0,0,0,0,0,0,0,0,0,0,0,0,0,0,0,0,0,0,0,0,0,0,0,0,0,0,0,0,0,0,0,0,0,0,0,0,0,0,0,0,0,0,0,0,0,0,0,0,0,0,0,0,0,0,0,0,0,0,0,0,0,0,0,0,0,0,0,0,0,0,0,0,0,0,0,0,0
3,0,0,0,0,0,0,0,0,0,0,0,0,0,0,0,0,0,0,0,0,0,0,0,0,0,0,0,0,0,0,0,0,0,0,0,0,0,0,0,0,0,0,0,0,0,0,0,0,0,0,0,0,0,0,0,0,0,0,0,0,0,0,0,0,0,0,0,0,0,0,0,0,0,0,0,0,0,0,0,0,0,0,0,0,0,0,0,0,0,0,0,0,0,0,0,0,0,0,0,0,0,0,0,0,0,0,0,0,0,0,0,0,0,0,0,0,0,0,0,0,0,0,0,0,0,4,76,70,0,0,0,0,5,5,2,0,0,0,0,0,0,0,0,0,0,0,0,0,0,0,0,0,14,227,254,238,176,176,173,167,242,254,175,0,0,0,0,0,0,0,0,0,0,0,0,0,0,0,0,0,58,242,254,244,148,75,56,0,62,252,219,0,0,0,0,0,0,0,0,0,0,0,0,0,0,0,0,0,12,99,71,10,0,0,0,40,247,249,82,0,0,0,0,0,0,0,0,0,0,0,0,0,0,0,0,0,0,0,0,0,0,0,35,218,254,107,0,0,0,0,0,0,0,0,0,0,0,0,0,0,0,0,0,0,0,0,0,0,0,65,229,254,127,2,0,0,0,0,0,0,0,0,0,0,0,0,0,0,0,0,0,0,0,0,0,0,27,178,254,152,3,0,0,0,0,0,0,0,0,0,0,0,0,0,0,0,0,0,0,0,0,33,118,162,248,254,135,4,0,0,0,0,0,0,0,0,0,0,0,0,0,0,0,0,0,0,0,6,52,217,254,254,254,254,131,0,0,0,0,0,0,0,0,0,0,0,0,0,0,0,0,0,0,0,0,107,254,254,254,254,162,250,145,0,0,0,0,0,0,0,0,0,0,0,0,0,0,0,0,0,0,0,7,200,254,254,215,91,16,235,157,0,0,0,0,0,0,0,0,0,0,0,0,0,0,0,0,0,0,0,5,144,163,121,18,0,28,242,65,0,0,0,0,0,0,0,0,0,0,0,0,0,0,0,0,0,0,0,0,0,0,0,0,0,142,251,59,0,0,0,0,0,0,0,0,0,0,0,0,126,220,37,0,0,0,0,0,0,0,0,0,0,179,254,48,0,0,0,0,0,0,0,0,0,0,0,0,178,254,182,18,0,0,0,0,0,0,0,0,53,234,123,2,0,0,0,0,0,0,0,0,0,0,0,0,67,254,254,142,0,0,0,0,0,0,0,91,245,156,9,0,0,0,0,0,0,0,0,0,0,0,0,0,1,50,210,253,170,41,0,0,0,0,103,212,221,39,0,0,0,0,0,0,0,0,0,0,0,0,0,0,0,0,5,133,235,249,243,177,159,200,253,254,69,0,0,0,0,0,0,0,0,0,0,0,0,0,0,0,0,0,0,0,75,209,254,254,216,133,64,20,1,0,0,0,0,0,0,0,0,0,0,0,0,0,0,0,0,0,0,0,0,2,4,4,2,0,0,0,0,0,0,0,0,0,0,0,0,0,0,0,0,0,0,0,0,0,0,0,0,0,0,0,0,0,0,0,0,0,0,0,0,0,0,0,0,0,0,0,0,0,0,0,0,0,0,0,0,0,0,0,0,0,0,0,0,0,0,0,0,0,0,0,0,0,0,0,0,0,0,0,0,0,0,0,0,0,0,0,0,0,0,0,0,0,0,0,0,0,0,0,0,0,0,0,0,0,0,0,0,0,0,0,0,0,0,0,0,0,0,0,0,0,0,0,0,0,0,0,0,0,0,0,0
8,0,0,0,0,0,0,0,0,0,0,0,0,0,0,0,0,0,0,0,0,0,0,0,0,0,0,0,0,0,0,0,0,0,0,0,0,0,0,0,0,0,0,0,0,0,0,0,0,0,0,0,0,0,0,0,0,0,0,0,0,0,0,0,0,0,0,0,0,0,0,0,0,0,0,0,0,0,0,0,0,0,0,0,0,0,0,0,0,0,0,0,0,0,0,0,0,0,0,0,0,0,0,0,0,0,0,0,0,0,0,0,0,0,0,0,0,0,0,0,0,0,0,0,0,0,0,0,0,0,0,0,0,0,0,0,0,0,0,0,0,0,0,0,0,0,0,0,0,0,0,0,48,174,253,254,174,139,32,0,0,0,0,0,0,0,0,0,0,0,0,0,0,0,0,0,0,0,50,164,247,252,252,253,252,252,210,14,0,0,0,0,0,0,0,0,0,0,0,0,0,0,8,84,232,232,245,252,252,252,252,253,252,252,252,191,0,0,0,0,0,0,0,0,0,0,0,0,0,0,112,252,252,252,253,252,252,252,252,253,252,252,252,252,71,0,0,0,0,0,0,0,0,0,0,0,0,0,190,252,252,252,253,252,252,252,208,86,77,244,252,252,150,0,0,0,0,0,0,0,0,0,0,0,0,0,129,253,253,253,254,253,253,253,77,18,0,66,253,253,219,11,0,0,0,0,0,0,0,0,0,0,0,0,57,246,252,252,253,252,252,252,252,217,155,99,252,252,253,63,0,0,0,0,0,0,0,0,0,0,0,0,0,81,245,252,253,252,252,252,252,253,252,252,252,252,253,63,0,0,0,0,0,0,0,0,0,0,0,0,0,0,56,172,227,252,252,252,252,253,252,252,252,252,253,63,0,0,0,0,0,0,0,0,0,0,0,0,0,0,0,0,25,42,42,68,191,253,252,252,252,252,218,11,0,0,0,0,0,0,0,0,0,0,0,0,0,0,0,0,0,0,0,55,236,255,253,253,253,253,255,183,4,0,0,0,0,0,0,0,0,0,0,0,0,0,0,0,0,0,131,232,252,253,252,252,252,252,253,252,135,0,0,0,0,0,0,0,0,0,0,0,0,0,0,0,4,136,251,252,252,253,210,29,47,232,253,252,231,0,0,0,0,0,0,0,0,0,0,0,0,0,0,0,114,252,252,252,252,154,56,0,0,140,253,252,245,56,0,0,0,0,0,0,0,0,0,0,0,0,0,0,192,252,252,252,121,18,0,0,0,18,253,252,252,128,0,0,0,0,0,0,0,0,0,0,0,0,0,0,237,253,253,253,42,0,0,0,0,0,255,253,253,84,0,0,0,0,0,0,0,0,0,0,0,0,0,0,148,252,252,252,200,191,111,85,85,173,253,252,245,56,0,0,0,0,0,0,0,0,0,0,0,0,0,0,92,238,252,252,252,253,252,252,252,252,253,252,231,0,0,0,0,0,0,0,0,0,0,0,0,0,0,0,0,64,221,252,252,253,252,252,252,252,253,231,129,0,0,0,0,0,0,0,0,0,0,0,0,0,0,0,0,0,21,113,147,253,252,252,252,252,191,54,0,0,0,0,0,0,0,0,0,0,0,0,0,0,0,0,0,0,0,0,0,0,0,0,0,0,0,0,0,0,0,0,0,0,0,0,0,0,0,0,0,0,0,0,0,0,0,0,0,0,0,0,0,0,0,0,0,0,0,0,0,0,0,0,0,0,0,0,0,0,0,0,0,0,0,0,0,0,0,0,0,0,0,0,0,0,0,0,0,0,0
1,0,0,0,0,0,0,0,0,0,0,0,0,0,0,0,0,0,0,0,0,0,0,0,0,0,0,0,0,0,0,0,0,0,0,0,0,0,0,0,0,0,0,0,0,0,0,0,0,0,0,0,0,0,0,0,0,0,0,0,0,0,0,0,0,0,0,0,0,0,0,0,0,0,0,0,0,0,0,0,0,0,0,0,0,0,0,0,0,0,0,0,0,0,0,0,0,0,0,0,0,0,0,0,0,0,0,0,0,0,0,0,0,0,0,0,0,0,0,0,0,0,0,0,0,0,0,0,0,0,0,0,0,0,0,0,0,0,0,0,0,0,0,0,0,0,0,0,0,0,0,0,0,0,0,127,255,232,38,0,0,0,0,0,0,0,0,0,0,0,0,0,0,0,0,0,0,0,0,0,0,0,17,234,253,252,69,0,0,0,0,0,0,0,0,0,0,0,0,0,0,0,0,0,0,0,0,0,0,0,176,252,253,218,19,0,0,0,0,0,0,0,0,0,0,0,0,0,0,0,0,0,0,0,0,0,0,0,207,252,253,112,0,0,0,0,0,0,0,0,0,0,0,0,0,0,0,0,0,0,0,0,0,0,0,0,207,252,253,92,0,0,0,0,0,0,0,0,0,0,0,0,0,0,0,0,0,0,0,0,0,0,0,0,208,253,231,0,0,0,0,0,0,0,0,0,0,0,0,0,0,0,0,0,0,0,0,0,0,0,0,45,236,252,230,0,0,0,0,0,0,0,0,0,0,0,0,0,0,0,0,0,0,0,0,0,0,0,0,70,252,252,230,0,0,0,0,0,0,0,0,0,0,0,0,0,0,0,0,0,0,0,0,0,0,0,0,38,232,252,230,0,0,0,0,0,0,0,0,0,0,0,0,0,0,0,0,0,0,0,0,0,0,0,0,7,211,252,230,0,0,0,0,0,0,0,0,0,0,0,0,0,0,0,0,0,0,0,0,0,0,0,0,7,212,253,231,0,0,0,0,0,0,0,0,0,0,0,0,0,0,0,0,0,0,0,0,0,0,0,0,70,252,252,230,0,0,0,0,0,0,0,0,0,0,0,0,0,0,0,0,0,0,0,0,0,0,0,0,51,240,252,230,0,0,0,0,0,0,0,0,0,0,0,0,0,0,0,0,0,0,0,0,0,0,0,0,0,207,252,230,0,0,0,0,0,0,0,0,0,0,0,0,0,0,0,0,0,0,0,0,0,0,0,0,0,207,252,230,0,0,0,0,0,0,0,0,0,0,0,0,0,0,0,0,0,0,0,0,0,0,0,0,0,208,253,231,0,0,0,0,0,0,0,0,0,0,0,0,0,0,0,0,0,0,0,0,0,0,0,0,0,207,252,230,0,0,0,0,0,0,0,0,0,0,0,0,0,0,0,0,0,0,0,0,0,0,0,0,51,240,252,199,0,0,0,0,0,0,0,0,0,0,0,0,0,0,0,0,0,0,0,0,0,0,0,0,44,236,252,116,0,0,0,0,0,0,0,0,0,0,0,0,0,0,0,0,0,0,0,0,0,0,0,0,0,207,252,63,0,0,0,0,0,0,0,0,0,0,0,0,0,0,0,0,0,0,0,0,0,0,0,0,0,0,0,0,0,0,0,0,0,0,0,0,0,0,0,0,0,0,0,0,0,0,0,0,0,0,0,0,0,0,0,0,0,0,0,0,0,0,0,0,0,0,0,0,0,0,0,0,0,0,0,0,0,0,0,0,0,0,0,0,0,0,0,0,0,0,0,0,0,0,0,0
4,0,0,0,0,0,0,0,0,0,0,0,0,0,0,0,0,0,0,0,0,0,0,0,0,0,0,0,0,0,0,0,0,0,0,0,0,0,0,0,0,0,0,0,0,0,0,0,0,0,0,0,0,0,0,0,0,0,0,0,0,0,0,0,0,0,0,0,0,0,0,0,0,0,0,0,0,0,0,0,0,0,0,0,0,0,0,0,0,0,0,0,0,0,0,0,0,0,0,0,0,0,0,0,0,0,0,0,0,0,0,0,0,0,0,0,0,0,0,0,0,0,0,0,0,0,0,0,0,0,0,0,0,0,0,0,0,0,0,0,0,0,0,1,80,115,0,0,0,0,0,0,0,0,0,0,0,0,52,131,13,0,0,0,0,0,0,0,0,0,0,13,254,236,0,0,0,0,0,0,0,0,0,0,0,0,107,254,203,7,0,0,0,0,0,0,0,0,0,123,254,246,60,0,0,0,0,0,0,0,0,0,0,0,224,255,254,12,0,0,0,0,0,0,0,0,0,3,185,254,180,10,0,0,0,0,0,0,0,0,0,0,151,255,254,85,0,0,0,0,0,0,0,0,0,0,123,254,254,115,0,0,0,0,0,0,0,0,0,0,100,255,254,209,4,0,0,0,0,0,0,0,0,0,13,254,254,243,78,0,0,0,0,0,0,0,0,0,100,254,254,237,5,0,0,0,0,0,0,0,0,0,5,159,254,254,217,0,0,0,0,0,0,0,0,0,122,254,254,136,0,0,0,0,0,0,0,0,0,0,0,16,234,254,243,84,0,0,0,0,0,0,0,19,230,255,254,136,0,0,0,0,0,0,0,0,0,0,0,0,62,254,254,242,85,0,0,0,0,0,0,122,254,254,254,220,4,0,0,0,0,0,0,0,0,0,0,0,7,151,254,254,217,49,0,0,0,0,156,245,254,254,254,254,6,0,0,0,0,0,0,0,0,0,0,0,0,8,90,254,254,213,52,0,21,109,244,229,76,236,254,254,6,0,0,0,0,0,0,0,0,0,0,0,0,0,9,55,192,254,241,199,216,254,254,125,0,133,254,254,6,0,0,0,0,0,0,0,0,0,0,0,0,0,0,0,34,155,254,254,254,254,84,7,0,146,254,254,6,0,0,0,0,0,0,0,0,0,0,0,0,0,0,0,0,10,134,107,167,128,8,0,0,231,254,254,6,0,0,0,0,0,0,0,0,0,0,0,0,0,0,0,0,0,0,0,0,0,0,0,0,125,254,254,6,0,0,0,0,0,0,0,0,0,0,0,0,0,0,0,0,0,0,0,0,0,0,0,0,107,254,254,55,0,0,0,0,0,0,0,0,0,0,0,0,0,0,0,0,0,0,0,0,0,0,0,0,107,254,254,130,0,0,0,0,0,0,0,0,0,0,0,0,0,0,0,0,0,0,0,0,0,0,0,0,107,254,254,130,0,0,0,0,0,0,0,0,0,0,0,0,0,0,0,0,0,0,0,0,0,0,0,0,107,254,254,11,0,0,0,0,0,0,0,0,0,0,0,0,0,0,0,0,0,0,0,0,0,0,0,0,55,191,72,1,0,0,0,0,0,0,0,0,0,0,0,0,0,0,0,0,0,0,0,0,0,0,0,0,0,0,0,0,0,0,0,0,0,0,0,0,0,0,0,0,0,0,0,0,0,0,0,0,0,0,0,0,0,0,0,0,0,0,0,0,0,0,0,0,0,0,0,0,0,0,0,0,0,0,0,0,0,0,0,0,0,0,0,0,0,0,0,0,0,0
6,0,0,0,0,0,0,0,0,0,0,0,0,0,0,0,0,0,0,0,0,0,0,0,0,0,0,0,0,0,0,0,0,0,0,0,0,0,0,0,0,0,0,0,0,0,0,0,0,0,0,0,0,0,0,0,0,0,0,0,0,0,0,0,0,0,0,0,0,56,158,254,166,0,0,0,0,0,0,0,0,0,0,0,0,0,0,0,0,0,0,0,0,0,0,0,61,233,253,253,253,0,0,0,0,0,0,0,0,0,0,0,0,0,0,0,0,0,0,0,0,0,0,58,227,253,253,253,244,0,0,0,0,0,0,0,0,0,0,0,0,0,0,0,0,0,0,0,0,0,0,224,253,253,253,253,104,0,0,0,0,0,0,0,0,0,0,0,0,0,0,0,0,0,0,0,0,5,146,250,253,253,226,64,12,0,0,0,0,0,0,0,0,0,0,0,0,0,0,0,0,0,0,0,0,33,253,253,253,157,48,0,0,0,0,0,0,0,0,0,0,0,0,0,0,0,0,0,0,0,0,0,32,212,253,253,237,56,0,0,0,0,0,0,0,0,0,0,0,0,0,0,0,0,0,0,0,0,0,0,202,253,253,253,82,0,0,0,0,0,0,0,0,0,0,0,0,0,0,0,0,0,0,0,0,0,0,0,209,253,253,195,17,0,0,0,0,0,0,0,0,0,0,0,0,0,0,0,0,0,0,0,0,0,0,0,209,253,253,90,0,0,0,0,0,0,0,0,0,0,0,0,0,0,0,0,0,0,0,0,0,0,0,44,229,254,134,0,0,0,0,0,0,0,0,7,105,105,105,105,6,0,0,0,0,0,0,0,0,0,0,43,227,253,133,0,0,0,0,0,0,61,96,212,253,253,253,253,212,84,0,0,0,0,0,0,0,0,0,105,253,243,47,0,0,0,0,39,164,254,253,253,253,253,253,253,253,208,0,0,0,0,0,0,0,0,0,105,253,238,0,0,0,0,43,222,253,254,253,253,253,253,253,253,253,208,0,0,0,0,0,0,0,0,0,105,253,238,0,0,0,40,227,253,253,254,235,169,29,29,100,253,253,208,0,0,0,0,0,0,0,0,0,93,248,249,109,22,4,149,253,253,253,254,200,39,179,179,232,253,225,96,0,0,0,0,0,0,0,0,0,0,209,253,253,218,149,253,253,253,253,254,253,253,253,253,253,253,14,0,0,0,0,0,0,0,0,0,0,0,47,222,253,253,253,253,253,253,253,255,253,253,253,253,171,14,1,0,0,0,0,0,0,0,0,0,0,0,0,135,208,248,253,253,253,253,253,254,242,208,137,191,61,0,0,0,0,0,0,0,0,0,0,0,0,0,0,0,0,224,253,253,253,253,253,105,80,0,0,0,0,0,0,0,0,0,0,0,0,0,0,0,0,0,0,0,0,0,0,0,0,0,0,0,0,0,0,0,0,0,0,0,0,0,0,0,0,0,0,0,0,0,0,0,0,0,0,0,0,0,0,0,0,0,0,0,0,0,0,0,0,0,0,0,0,0,0,0,0,0,0,0,0,0,0,0,0,0,0,0,0,0,0,0,0,0,0,0,0,0,0,0,0,0,0,0,0,0,0,0,0,0,0,0,0,0,0,0,0,0,0,0,0,0,0,0,0,0,0,0,0,0,0,0,0,0,0,0,0,0,0,0,0,0,0,0,0,0,0,0,0,0,0,0,0,0,0,0,0,0,0,0,0,0,0,0,0,0,0,0,0,0,0,0,0,0,0,0,0,0,0,0,0,0,0
9,0,0,0,0,0,0,0,0,0,0,0,0,0,0,0,0,0,0,0,0,0,0,0,0,0,0,0,0,0,0,0,0,0,0,0,0,0,0,0,0,0,0,0,0,0,0,0,0,0,0,0,0,0,0,0,0,0,0,0,0,0,0,0,0,0,0,0,0,0,0,0,0,0,0,0,0,0,0,0,0,0,0,0,0,0,0,0,0,0,0,0,0,0,0,0,0,0,0,0,0,0,0,0,0,0,0,0,0,0,0,0,0,0,0,0,0,0,0,0,0,0,0,0,0,0,0,0,0,0,0,0,0,0,0,0,0,0,0,0,0,0,0,0,0,0,0,0,0,0,0,0,0,0,0,0,0,0,0,0,0,0,0,0,0,0,0,0,0,0,0,0,0,0,0,0,0,0,0,0,0,0,0,0,0,0,0,0,0,0,0,0,0,0,0,0,0,0,0,0,0,0,0,0,0,0,0,0,1,48,132,217,235,174,118,4,0,0,0,0,0,0,0,0,0,0,0,0,0,0,0,0,0,0,0,10,166,254,254,254,254,254,254,167,6,0,0,0,0,0,0,0,0,0,0,0,0,0,0,0,0,0,83,215,254,254,212,95,57,57,139,254,98,0,0,0,0,0,0,0,0,0,0,0,0,0,0,0,0,66,251,254,231,91,9,0,13,126,83,254,208,0,0,0,0,0,0,0,0,0,0,0,0,0,0,0,0,187,254,233,44,0,0,0,136,254,254,254,222,0,0,0,0,0,0,0,0,0,0,0,0,0,0,0,46,252,255,121,0,0,0,0,146,254,254,254,199,0,0,0,0,0,0,0,0,0,0,0,0,0,0,0,49,254,254,36,0,0,0,0,147,254,254,254,62,0,0,0,0,0,0,0,0,0,0,0,0,0,0,0,31,242,254,101,17,17,81,140,246,254,254,198,0,0,0,0,0,0,0,0,0,0,0,0,0,0,0,0,0,153,254,254,254,254,254,254,254,254,242,42,0,0,0,0,0,0,0,0,0,0,0,0,0,0,0,0,0,13,125,240,254,254,235,235,254,254,127,0,0,0,0,0,0,0,0,0,0,0,0,0,0,0,0,0,0,0,0,26,40,40,21,150,254,254,42,0,0,0,0,0,0,0,0,0,0,0,0,0,0,0,0,0,0,0,0,0,0,0,57,250,254,139,1,0,0,0,0,0,0,0,0,0,0,0,0,0,0,0,0,0,0,0,0,0,0,0,122,254,254,73,0,0,0,0,0,0,0,0,0,0,0,0,0,0,0,0,0,0,0,0,0,0,0,1,177,254,162,1,0,0,0,0,0,0,0,0,0,0,0,0,0,0,0,0,0,0,0,0,0,0,0,35,254,254,103,0,0,0,0,0,0,0,0,0,0,0,0,0,0,0,0,0,0,0,0,0,0,0,0,110,254,248,25,0,0,0,0,0,0,0,0,0,0,0,0,0,0,0,0,0,0,0,0,0,0,0,0,110,254,202,0,0,0,0,0,0,0,0,0,0,0,0,0,0,0,0,0,0,0,0,0,0,0,0,0,110,254,184,0,0,0,0,0,0,0,0,0,0,0,0,0,0,0,0,0,0,0,0,0,0,0,0,0,88,254,122,0,0,0,0,0,0,0,0,0,0,0,0,0,0,0,0,0,0,0,0,0,0,0,0,0,20,238,122,0,0,0,0,0,0,0,0,0,0,0,0,0,0,0,0,0,0,0,0,0,0,0,0,0,0,0,0,0,0,0,0,0,0,0,0,0,0,0,0,0
8,0,0,0,0,0,0,0,0,0,0,0,0,0,0,0,0,0,0,0,0,0,0,0,0,0,0,0,0,0,0,0,0,0,0,0,0,0,0,0,0,0,0,0,0,0,0,0,0,0,0,0,0,0,0,0,0,0,0,0,0,0,0,0,0,0,0,0,0,0,0,0,0,0,0,0,0,0,0,0,0,0,0,0,0,0,0,0,0,0,0,0,0,0,0,0,0,0,0,0,0,0,0,0,0,0,0,0,0,0,0,0,0,0,0,0,0,0,0,0,0,0,0,0,0,0,0,0,0,0,0,0,0,0,0,0,0,0,0,0,0,0,0,0,0,0,0,0,0,0,0,0,0,0,0,3,101,172,255,254,78,8,0,0,0,0,0,0,0,0,0,0,0,0,0,0,0,0,0,0,0,0,4,127,253,253,253,253,253,181,13,0,0,0,0,0,0,0,0,0,0,0,0,0,0,0,0,0,0,54,179,253,253,253,233,249,253,253,200,48,0,0,0,0,0,0,0,0,0,0,0,0,0,0,0,0,114,251,253,253,237,146,41,231,253,253,253,207,73,0,0,0,0,0,0,0,0,0,0,0,0,0,0,0,225,253,253,197,71,0,34,239,253,253,253,104,32,0,0,0,0,0,0,0,0,0,0,0,0,0,0,79,250,253,182,11,0,33,161,253,253,253,211,8,0,0,0,0,0,0,0,0,0,0,0,0,0,0,0,87,253,253,112,4,117,246,253,253,253,234,50,0,0,0,0,0,0,0,0,0,0,0,0,0,0,0,0,0,225,253,191,212,253,253,253,232,109,0,0,0,0,0,0,0,0,0,0,0,0,0,0,0,0,0,0,0,225,253,253,253,253,241,113,9,0,0,0,0,0,0,0,0,0,0,0,0,0,0,0,0,0,0,0,21,231,253,253,244,112,53,0,0,0,0,0,0,0,0,0,0,0,0,0,0,0,0,0,0,0,0,55,216,253,253,253,212,0,0,0,0,0,0,0,0,0,0,0,0,0,0,0,0,0,0,0,0,0,0,116,253,253,253,253,227,29,0,0,0,0,0,0,0,0,0,0,0,0,0,0,0,0,0,0,0,0,102,248,253,206,89,253,253,76,0,0,0,0,0,0,0,0,0,0,0,0,0,0,0,0,0,0,0,0,171,253,253,31,6,253,253,76,0,0,0,0,0,0,0,0,0,0,0,0,0,0,0,0,0,0,0,21,219,253,243,26,76,253,253,76,0,0,0,0,0,0,0,0,0,0,0,0,0,0,0,0,0,0,0,36,253,253,164,0,125,253,253,76,0,0,0,0,0,0,0,0,0,0,0,0,0,0,0,0,0,0,0,36,253,253,164,0,210,253,223,21,0,0,0,0,0,0,0,0,0,0,0,0,0,0,0,0,0,0,0,8,188,253,193,188,251,246,88,0,0,0,0,0,0,0,0,0,0,0,0,0,0,0,0,0,0,0,0,0,171,253,253,253,253,230,0,0,0,0,0,0,0,0,0,0,0,0,0,0,0,0,0,0,0,0,0,0,37,223,253,253,251,68,0,0,0,0,0,0,0,0,0,0,0,0,0,0,0,0,0,0,0,0,0,0,0,0,0,0,0,0,0,0,0,0,0,0,0,0,0,0,0,0,0,0,0,0,0,0,0,0,0,0,0,0,0,0,0,0,0,0,0,0,0,0,0,0,0,0,0,0,0,0,0,0,0,0,0,0,0,0,0,0,0,0,0,0,0,0,0,0,0,0,0,0,0,0,0,0,0,0
3,0,0,0,0,0,0,0,0,0,0,0,0,0,0,0,0,0,0,0,0,0,0,0,0,0,0,0,0,0,0,0,0,0,0,0,0,0,0,0,0,0,0,0,0,0,0,0,0,0,0,0,0,0,0,0,0,0,0,0,0,0,0,0,0,0,0,0,0,0,0,0,0,0,0,0,0,0,0,0,0,0,0,0,0,0,0,0,0,0,0,0,0,0,0,0,0,0,0,0,0,0,0,0,0,0,0,0,0,0,0,0,0,0,0,0,0,0,0,0,0,0,0,0,0,0,0,0,0,0,0,0,0,0,0,0,0,0,0,0,0,0,0,0,0,0,0,0,0,0,0,104,253,253,253,255,253,253,253,218,32,0,0,0,0,0,0,0,0,0,0,0,0,0,0,0,0,0,178,248,252,252,252,253,252,252,252,252,215,34,0,0,0,0,0,0,0,0,0,0,0,0,0,0,0,0,186,252,252,252,252,253,252,252,252,252,252,79,0,0,0,0,0,0,0,0,0,0,0,0,0,0,0,0,186,252,243,172,172,39,39,39,219,252,252,79,0,0,0,0,0,0,0,0,0,0,0,0,0,0,0,0,39,53,47,0,0,0,29,117,244,252,252,79,0,0,0,0,0,0,0,0,0,0,0,0,0,0,0,0,0,0,0,0,0,54,208,252,252,252,184,21,0,0,0,0,0,0,0,0,0,0,0,0,0,0,0,0,0,0,0,3,41,253,252,252,252,206,21,0,0,0,0,0,0,0,0,0,0,0,0,0,0,0,0,0,0,5,41,165,252,253,252,252,252,227,131,9,0,0,0,0,0,0,0,0,0,0,0,0,0,0,0,0,109,163,252,252,252,253,252,252,252,252,252,156,0,0,0,0,0,0,0,0,0,0,0,0,0,0,0,0,186,252,252,252,252,253,252,252,139,224,252,233,49,0,0,0,0,0,0,0,0,0,0,0,0,0,0,0,187,253,253,253,253,134,77,0,0,130,253,253,93,0,0,0,0,0,0,0,0,0,0,0,0,0,0,0,108,162,184,68,13,0,0,0,34,222,252,252,93,0,0,0,0,0,0,0,0,0,0,0,0,0,0,0,0,5,10,0,0,0,0,0,200,252,252,166,10,0,0,0,0,0,0,0,0,0,0,0,0,0,0,0,0,0,0,0,0,0,34,200,246,252,235,54,0,0,0,0,0,0,0,0,0,0,0,0,0,0,0,0,0,0,0,0,0,0,142,252,252,234,76,0,0,0,0,0,0,0,0,0,0,0,0,0,0,168,128,0,0,0,0,3,54,187,249,252,235,146,0,0,0,0,0,0,0,0,0,0,0,0,0,0,0,226,227,138,11,7,55,177,252,253,252,237,75,0,0,0,0,0,0,0,0,0,0,0,0,0,0,0,0,202,248,252,184,174,252,252,252,253,170,59,0,0,0,0,0,0,0,0,0,0,0,0,0,0,0,0,0,0,131,249,252,252,252,251,238,107,6,0,0,0,0,0,0,0,0,0,0,0,0,0,0,0,0,0,0,0,0,95,217,252,167,113,0,0,0,0,0,0,0,0,0,0,0,0,0,0,0,0,0,0,0,0,0,0,0,0,0,0,0,0,0,0,0,0,0,0,0,0,0,0,0,0,0,0,0,0,0,0,0,0,0,0,0,0,0,0,0,0,0,0,0,0,0,0,0,0,0,0,0,0,0,0,0,0,0,0,0,0,0,0,0,0,0,0,0,0,0,0,0,0,0,0,0,0,0,0,0,0,0,0,0
3,0,0,0,0,0,0,0,0,0,0,0,0,0,0,0,0,0,0,0,0,0,0,0,0,0,0,0,0,0,0,0,0,0,0,0,0,0,0,0,0,0,0,0,0,0,0,0,0,0,0,0,0,0,0,0,0,0,0,0,0,0,0,0,0,0,0,0,0,0,0,0,0,0,0,0,0,0,0,0,0,0,0,0,0,0,0,0,0,0,0,0,0,0,0,0,0,0,0,0,0,0,0,0,0,0,0,0,0,0,0,0,0,0,0,0,0,0,0,0,0,0,0,0,0,0,0,0,0,0,0,0,0,0,0,0,0,0,0,0,0,0,0,0,0,0,0,0,0,0,0,110,168,215,125,125,125,35,0,0,0,0,0,0,0,0,0,0,0,0,0,0,0,0,0,0,0,0,0,223,254,254,254,255,254,251,136,0,0,0,0,0,0,0,0,0,0,0,0,0,0,0,0,0,0,0,0,223,254,179,117,172,254,254,229,37,0,0,0,0,0,0,0,0,0,0,0,0,0,0,0,0,0,0,0,17,63,36,0,5,141,254,254,85,0,0,0,0,0,0,0,0,0,0,0,0,0,0,0,0,0,0,0,0,0,0,0,26,202,254,213,9,0,0,0,0,0,0,0,0,0,0,0,0,0,0,0,0,0,0,0,0,0,0,74,201,254,254,161,0,0,0,0,0,0,0,0,0,0,0,0,0,0,0,0,0,0,0,0,0,29,127,247,254,235,75,12,0,0,0,0,0,0,0,0,0,0,0,0,0,0,0,0,0,0,0,0,0,127,254,254,254,88,0,0,0,0,0,0,0,0,0,0,0,0,0,0,0,0,0,0,0,0,0,0,74,247,254,254,254,216,109,22,0,0,0,0,0,0,0,0,0,0,0,0,0,0,0,0,0,0,0,0,21,169,189,189,240,254,254,191,22,0,0,0,0,0,0,0,0,0,0,0,0,0,0,0,0,0,0,0,0,0,0,0,50,176,254,254,115,0,0,0,0,0,0,0,0,0,0,0,0,0,0,0,0,0,0,0,0,0,0,0,0,17,203,254,244,66,0,0,0,0,0,0,0,0,0,0,0,0,0,0,0,0,0,0,0,0,0,0,0,0,184,254,254,91,0,0,0,0,0,0,0,0,0,0,0,0,0,0,0,0,0,0,0,0,0,0,0,10,194,254,248,77,0,0,0,0,0,0,0,0,0,0,0,0,0,0,0,0,0,0,0,0,0,0,9,152,254,249,187,0,0,0,0,0,0,0,0,0,0,0,0,0,0,0,0,0,0,0,0,0,0,22,152,254,254,195,0,0,0,0,0,0,0,0,0,0,0,0,0,0,0,0,0,0,0,0,0,0,17,207,254,254,145,32,0,0,0,0,0,0,0,0,0,0,0,0,0,0,0,0,0,0,0,0,5,125,235,254,251,143,31,0,0,0,0,0,0,0,0,0,0,0,0,0,0,0,0,0,0,0,0,0,93,254,254,212,87,0,0,0,0,0,0,0,0,0,0,0,0,0,0,0,0,0,0,0,0,0,0,0,45,167,146,25,0,0,0,0,0,0,0,0,0,0,0,0,0,0,0,0,0,0,0,0,0,0,0,0,0,0,0,0,0,0,0,0,0,0,0,0,0,0,0,0,0,0,0,0,0,0,0,0,0,0,0,0,0,0,0,0,0,0,0,0,0,0,0,0,0,0,0,0,0,0,0,0,0,0,0,0,0,0,0,0,0,0,0,0,0,0,0,0,0,0,0,0,0,0,0,0,0,0
4,0,0,0,0,0,0,0,0,0,0,0,0,0,0,0,0,0,0,0,0,0,0,0,0,0,0,0,0,0,0,0,0,0,0,0,0,0,0,0,0,0,0,0,0,0,0,0,0,0,0,0,0,0,0,0,0,0,0,0,0,0,0,0,0,0,0,0,0,0,0,0,0,0,0,0,0,0,0,0,0,0,0,0,0,0,0,0,0,0,0,0,0,0,0,0,0,0,0,0,0,0,0,0,0,0,0,0,0,0,0,0,0,0,0,0,0,0,0,0,0,0,0,0,0,0,0,0,0,0,0,0,0,0,0,0,0,0,0,0,0,0,0,0,0,0,0,0,0,0,0,0,0,0,0,0,0,0,0,0,0,0,0,0,0,0,0,0,0,0,0,0,0,0,0,0,0,0,29,166,253,253,51,0,0,0,0,7,79,4,0,0,0,0,0,0,0,0,0,0,0,0,0,0,0,26,216,252,208,96,0,0,0,0,0,131,252,28,0,0,0,0,0,0,0,0,0,0,0,0,0,0,0,113,253,233,37,0,0,0,0,0,10,197,252,28,0,0,0,0,0,0,0,0,0,0,0,0,0,0,0,213,253,145,0,0,0,0,0,0,29,252,252,28,0,0,0,0,0,0,0,0,0,0,0,0,0,0,10,229,226,0,0,0,0,0,0,0,29,253,168,0,0,0,0,0,0,0,0,0,0,0,0,0,0,0,85,252,225,0,0,0,0,0,0,0,54,252,224,69,57,19,0,0,0,0,0,0,0,0,0,0,0,0,85,252,225,0,0,0,0,0,0,38,178,252,252,252,168,56,0,0,0,0,0,0,0,0,0,0,0,0,47,240,225,0,0,0,0,0,0,163,253,252,214,40,0,0,0,0,0,0,0,0,0,0,0,0,0,0,0,214,242,66,29,29,29,54,229,253,255,253,56,0,0,0,0,0,0,0,0,0,0,0,0,0,0,0,0,113,253,252,252,252,253,252,252,227,253,240,43,0,0,0,0,0,0,0,0,0,0,0,0,0,0,0,0,25,128,252,252,252,244,168,80,119,253,196,0,0,0,0,0,0,0,0,0,0,0,0,0,0,0,0,0,0,4,28,28,28,25,0,0,113,253,145,0,0,0,0,0,0,0,0,0,0,0,0,0,0,0,0,0,0,0,0,0,0,0,0,0,114,251,75,0,0,0,0,0,0,0,0,0,0,0,0,0,0,0,0,0,0,0,0,0,0,0,0,0,138,225,0,0,0,0,0,0,0,0,0,0,0,0,0,0,0,0,0,0,0,0,0,0,0,0,0,29,234,225,0,0,0,0,0,0,0,0,0,0,0,0,0,0,0,0,0,0,0,0,0,0,0,0,0,85,252,175,0,0,0,0,0,0,0,0,0,0,0,0,0,0,0,0,0,0,0,0,0,0,0,0,0,76,250,126,0,0,0,0,0,0,0,0,0,0,0,0,0,0,0,0,0,0,0,0,0,0,0,0,0,57,243,225,0,0,0,0,0,0,0,0,0,0,0,0,0,0,0,0,0,0,0,0,0,0,0,0,0,19,231,247,197,169,13,0,0,0,0,0,0,0,0,0,0,0,0,0,0,0,0,0,0,0,0,0,0,0,125,253,227,94,0,0,0,0,0,0,0,0,0,0,0,0,0,0,0,0,0,0,0,0,0,0,0,0,0,0,0,0,0,0,0,0,0,0,0,0,0,0,0,0,0,0,0,0,0,0,0,0,0,0,0,0,0,0,0,0,0,0,0,0,0,0,0,0
3,0,0,0,0,0,0,0,0,0,0,0,0,0,0,0,0,0,0,0,0,0,0,0,0,0,0,0,0,0,0,0,0,0,0,0,0,0,0,0,0,0,0,0,0,0,0,0,0,0,0,0,0,0,0,0,0,0,0,0,0,0,0,0,0,0,0,0,0,0,0,0,0,0,0,0,0,0,0,0,0,0,0,0,0,0,0,0,0,0,0,0,0,0,0,123,82,21,11,51,72,233,254,71,0,0,0,0,0,0,0,0,0,0,0,0,0,0,0,0,0,0,0,203,243,223,213,252,253,252,253,151,0,0,0,0,0,0,0,0,0,0,0,0,0,0,0,0,0,0,0,163,254,253,254,253,254,253,254,151,0,0,0,0,0,0,0,0,0,0,0,0,0,0,0,0,0,0,0,0,50,50,50,50,131,252,253,111,0,0,0,0,0,0,0,0,0,0,0,0,0,0,0,0,0,0,0,0,0,0,31,51,254,253,224,20,0,0,0,0,0,0,0,0,0,0,0,0,0,0,0,0,0,0,0,0,163,203,233,252,253,252,81,0,0,0,0,0,0,0,0,0,0,0,0,0,0,0,0,0,0,0,0,123,254,253,254,253,254,172,0,0,0,0,0,0,0,0,0,0,0,0,0,0,0,0,0,0,0,0,0,203,253,252,253,252,253,252,123,0,0,0,0,0,0,0,0,0,0,0,0,0,0,0,0,0,0,0,21,223,254,253,183,102,254,253,234,51,0,0,0,0,0,0,0,0,0,0,0,0,0,0,0,0,0,0,0,203,192,70,0,0,71,232,253,192,0,0,0,0,0,0,0,0,0,0,0,0,0,0,0,0,0,0,0,0,0,0,0,0,0,123,254,253,82,0,0,0,0,0,0,0,0,0,0,0,0,0,0,0,0,0,0,0,0,0,0,0,0,0,213,252,203,0,0,0,0,0,0,0,0,0,0,0,0,0,0,0,0,0,0,21,0,0,0,0,0,0,132,253,234,51,0,0,0,0,0,0,0,0,0,0,0,0,0,0,0,123,203,223,142,102,82,0,0,0,10,212,253,232,0,0,0,0,0,0,0,0,0,0,0,0,0,0,52,253,254,253,254,253,254,253,254,172,152,193,254,253,0,0,0,0,0,0,0,0,0,0,0,0,0,0,51,252,253,171,213,252,253,252,253,252,253,252,253,252,0,0,0,0,0,0,0,0,0,0,0,0,0,0,52,253,234,30,0,41,123,203,254,253,254,253,254,253,123,0,0,0,0,0,0,0,0,0,0,0,0,0,51,252,253,212,102,102,102,142,253,252,253,252,253,252,162,0,0,0,0,0,0,0,0,0,0,0,0,0,0,41,255,253,254,253,254,253,254,253,254,253,183,102,0,0,0,0,0,0,0,0,0,0,0,0,0,0,0,0,71,151,253,252,253,252,253,171,131,50,0,0,0,0,0,0,0,0,0,0,0,0,0,0,0,0,0,0,0,0,0,0,0,0,0,0,0,0,0,0,0,0,0,0,0,0,0,0,0,0,0,0,0,0,0,0,0,0,0,0,0,0,0,0,0,0,0,0,0,0,0,0,0,0,0,0,0,0,0,0,0,0,0,0,0,0,0,0,0,0,0,0,0,0,0,0,0,0,0,0,0,0,0,0,0,0,0,0,0,0,0,0,0,0,0,0,0,0,0,0,0,0,0,0,0,0,0,0,0,0,0,0,0,0,0,0,0,0,0,0,0,0,0,0,0,0,0,0,0,0,0,0,0,0,0,0,0,0,0
7,0,0,0,0,0,0,0,0,0,0,0,0,0,0,0,0,0,0,0,0,0,0,0,0,0,0,0,0,0,0,0,0,0,0,0,0,0,0,0,0,0,0,0,0,0,0,0,0,0,0,0,0,0,0,0,0,0,0,0,0,0,0,0,0,0,0,0,0,0,0,0,0,0,0,0,0,0,0,0,0,0,0,0,0,0,0,0,0,0,0,0,0,0,0,0,0,0,0,0,0,0,0,0,0,0,0,0,0,0,0,0,0,0,0,0,0,0,0,0,0,0,0,0,0,0,0,0,0,0,0,0,0,0,0,0,0,0,0,0,0,0,0,0,0,0,0,0,0,0,0,0,0,0,0,0,0,0,0,0,0,0,0,0,0,0,0,0,0,0,0,0,0,0,0,0,0,0,0,0,0,0,0,0,0,0,0,0,0,0,0,0,0,0,0,0,0,0,0,0,0,0,0,0,0,0,0,0,0,0,34,173,254,254,254,129,3,0,0,0,0,0,0,0,0,0,0,0,0,0,0,0,0,0,0,0,0,154,221,253,253,253,253,253,99,0,0,0,0,0,0,0,0,0,0,0,0,0,0,0,0,0,0,18,182,248,254,227,154,48,181,253,223,0,0,0,0,0,0,0,0,0,0,0,0,0,0,0,0,0,16,202,253,244,155,8,0,0,60,253,242,0,0,0,0,0,0,0,0,0,0,0,0,0,0,0,13,95,208,253,236,64,0,0,0,0,56,253,242,0,0,0,0,0,0,0,0,0,0,0,0,0,0,57,211,253,253,253,176,0,0,0,0,0,142,253,242,0,0,0,0,0,0,0,0,0,0,0,0,0,48,239,253,253,248,242,121,0,0,0,0,0,166,253,242,0,0,0,0,0,0,0,0,0,0,0,0,0,39,228,253,180,52,0,0,0,0,0,0,14,219,253,155,0,0,0,0,0,0,0,0,0,0,0,0,0,0,35,66,14,0,0,0,0,0,0,0,138,253,226,15,0,0,0,0,0,0,0,0,0,0,0,0,0,0,0,0,0,0,0,0,0,0,0,0,243,253,165,0,0,0,0,0,0,0,0,0,0,0,0,0,0,0,0,0,0,0,0,0,0,0,0,72,250,255,103,0,0,0,0,0,0,0,0,0,0,0,0,0,0,0,0,0,0,0,0,0,0,0,0,210,253,239,41,0,0,0,0,0,0,0,0,0,0,0,0,0,0,0,0,0,0,0,0,0,0,0,56,246,253,107,0,0,0,0,0,0,0,0,0,0,0,0,0,0,0,0,0,0,0,0,0,0,0,0,67,253,251,80,0,0,0,0,0,0,0,0,0,0,0,0,0,0,0,0,0,0,0,0,0,0,0,0,139,253,207,0,0,0,0,0,0,0,0,0,0,0,0,0,0,0,0,0,0,0,0,0,0,0,0,0,177,253,121,0,0,0,0,0,0,0,0,0,0,0,0,0,0,0,0,0,0,0,0,0,0,0,0,31,247,253,20,0,0,0,0,0,0,0,0,0,0,0,0,0,0,0,0,0,0,0,0,0,0,0,0,28,240,253,14,35,0,0,0,0,0,0,0,0,0,0,0,0,0,0,0,0,0,0,0,0,0,0,0,0,177,253,196,117,0,0,0,0,0,0,0,0,0,0,0,0,0,0,0,0,0,0,0,0,0,0,0,0,52,235,137,12,0,0,0,0,0,0,0,0,0,0,0,0,0,0,0,0,0,0,0,0,0,0,0,0,0,0,0,0,0,0,0,0,0,0,0,0,0,0
8,0,0,0,0,0,0,0,0,0,0,0,0,0,0,0,0,0,0,0,0,0,0,0,0,0,0,0,0,0,0,0,0,0,0,0,0,0,0,0,0,0,0,0,0,0,0,0,0,0,0,0,0,0,0,0,0,0,0,0,0,0,0,0,0,0,0,0,0,0,0,0,0,0,0,0,0,0,0,0,0,0,0,0,0,0,0,0,0,0,0,0,0,0,0,0,0,0,0,0,0,0,0,0,0,0,0,0,0,0,0,0,0,0,0,0,0,0,0,0,0,0,0,0,0,0,0,0,0,0,0,0,0,0,0,0,0,0,0,0,0,0,0,0,0,0,0,0,0,0,0,0,0,0,9,39,196,230,147,135,13,0,0,0,0,0,0,0,0,0,0,0,0,0,0,0,0,0,0,0,0,78,200,254,254,254,254,254,179,13,0,0,0,0,0,0,0,0,0,0,0,0,0,0,0,0,1,73,198,252,254,254,249,249,253,254,254,43,0,0,0,0,0,0,0,0,0,0,0,0,0,0,0,0,11,254,254,254,227,126,7,36,235,254,243,36,0,0,0,0,0,0,0,0,0,0,0,0,0,0,0,0,46,254,254,207,24,0,7,123,254,254,109,0,0,0,0,0,0,0,0,0,0,0,0,0,0,0,0,0,23,254,254,180,0,0,125,254,254,237,43,0,0,0,0,0,0,0,0,0,0,0,0,0,0,0,0,0,9,205,243,248,89,135,249,254,236,50,0,0,0,0,0,0,0,0,0,0,0,0,0,0,0,0,0,0,0,0,113,254,254,254,254,234,57,0,0,0,0,0,0,0,0,0,0,0,0,0,0,0,0,0,0,0,0,0,88,254,254,254,246,135,0,0,0,0,0,0,0,0,0,0,0,0,0,0,0,0,0,0,0,0,0,0,157,254,254,254,198,19,0,0,0,0,0,0,0,0,0,0,0,0,0,0,0,0,0,0,0,0,0,79,242,254,254,254,254,172,0,0,0,0,0,0,0,0,0,0,0,0,0,0,0,0,0,0,0,0,15,207,254,246,55,140,253,225,81,0,0,0,0,0,0,0,0,0,0,0,0,0,0,0,0,0,0,0,192,254,254,140,0,0,167,254,221,7,0,0,0,0,0,0,0,0,0,0,0,0,0,0,0,0,0,67,250,254,184,4,0,0,25,185,254,99,0,0,0,0,0,0,0,0,0,0,0,0,0,0,0,0,0,186,254,249,57,0,0,0,0,111,254,130,0,0,0,0,0,0,0,0,0,0,0,0,0,0,0,0,19,218,255,218,16,0,0,0,0,45,242,227,0,0,0,0,0,0,0,0,0,0,0,0,0,0,0,0,0,190,254,254,59,0,0,0,0,95,247,183,0,0,0,0,0,0,0,0,0,0,0,0,0,0,0,0,0,39,240,254,214,141,141,141,244,253,254,105,0,0,0,0,0,0,0,0,0,0,0,0,0,0,0,0,0,0,152,254,254,254,254,254,254,254,155,3,0,0,0,0,0,0,0,0,0,0,0,0,0,0,0,0,0,0,18,105,146,246,254,254,152,74,7,0,0,0,0,0,0,0,0,0,0,0,0,0,0,0,0,0,0,0,0,0,0,0,0,0,0,0,0,0,0,0,0,0,0,0,0,0,0,0,0,0,0,0,0,0,0,0,0,0,0,0,0,0,0,0,0,0,0,0,0,0,0,0,0,0,0,0,0,0,0,0,0,0,0,0,0,0,0,0,0,0,0,0,0,0,0,0,0,0,0,0,0,0,0
1,0,0,0,0,0,0,0,0,0,0,0,0,0,0,0,0,0,0,0,0,0,0,0,0,0,0,0,0,0,0,0,0,0,0,0,0,0,0,0,0,0,0,0,0,0,0,0,0,0,0,0,0,0,0,0,0,0,0,0,0,0,0,0,0,0,0,0,0,0,0,0,0,0,0,0,0,0,0,0,0,0,0,0,0,0,0,0,0,0,0,0,0,0,0,0,0,0,0,0,0,0,0,0,0,0,0,0,0,0,0,0,0,0,0,0,0,0,0,0,0,0,0,0,0,0,0,0,0,0,0,0,0,0,0,0,0,0,0,0,0,0,0,0,0,0,0,0,0,0,0,0,174,255,217,32,0,0,0,0,0,0,0,0,0,0,0,0,0,0,0,0,0,0,0,0,0,0,0,50,250,253,253,213,34,0,0,0,0,0,0,0,0,0,0,0,0,0,0,0,0,0,0,0,0,0,5,167,212,253,253,253,89,0,0,0,0,0,0,0,0,0,0,0,0,0,0,0,0,0,0,0,0,0,4,131,31,233,253,253,89,0,0,0,0,0,0,0,0,0,0,0,0,0,0,0,0,0,0,0,0,0,0,0,0,227,253,253,181,0,0,0,0,0,0,0,0,0,0,0,0,0,0,0,0,0,0,0,0,0,0,0,0,145,253,253,226,0,0,0,0,0,0,0,0,0,0,0,0,0,0,0,0,0,0,0,0,0,0,0,0,90,253,253,226,0,0,0,0,0,0,0,0,0,0,0,0,0,0,0,0,0,0,0,0,0,0,0,0,90,253,253,226,0,0,0,0,0,0,0,0,0,0,0,0,0,0,0,0,0,0,0,0,0,0,0,0,90,253,253,226,0,0,0,0,0,0,0,0,0,0,0,0,0,0,0,0,0,0,0,0,0,0,0,0,90,253,253,248,89,0,0,0,0,0,0,0,0,0,0,0,0,0,0,0,0,0,0,0,0,0,0,0,90,253,253,253,135,0,0,0,0,0,0,0,0,0,0,0,0,0,0,0,0,0,0,0,0,0,0,0,90,253,253,253,246,0,0,0,0,0,0,0,0,0,0,0,0,0,0,0,0,0,0,0,0,0,0,0,39,226,253,253,246,0,0,0,0,0,0,0,0,0,0,0,0,0,0,0,0,0,0,0,0,0,0,0,0,206,253,253,246,0,0,0,0,0,0,0,0,0,0,0,0,0,0,0,0,0,0,0,0,0,0,0,0,150,253,253,253,124,0,0,0,0,0,0,0,0,0,0,0,0,0,0,0,0,0,0,0,0,0,0,0,69,253,253,253,129,0,0,0,0,0,0,0,0,0,0,0,0,0,0,0,0,0,0,0,0,0,0,0,53,237,253,253,129,0,0,0,0,0,0,0,0,0,0,0,0,0,0,0,0,0,0,0,0,0,0,0,0,186,253,253,129,0,0,0,0,0,0,0,0,0,0,0,0,0,0,0,0,0,0,0,0,0,0,0,0,174,253,253,129,0,0,0,0,0,0,0,0,0,0,0,0,0,0,0,0,0,0,0,0,0,0,0,0,23,205,249,60,0,0,0,0,0,0,0,0,0,0,0,0,0,0,0,0,0,0,0,0,0,0,0,0,0,0,0,0,0,0,0,0,0,0,0,0,0,0,0,0,0,0,0,0,0,0,0,0,0,0,0,0,0,0,0,0,0,0,0,0,0,0,0,0,0,0,0,0,0,0,0,0,0,0,0,0,0,0,0,0,0,0,0,0,0,0,0,0,0,0,0,0,0,0
4,0,0,0,0,0,0,0,0,0,0,0,0,0,0,0,0,0,0,0,0,0,0,0,0,0,0,0,0,0,0,0,0,0,0,0,0,0,0,0,0,0,0,0,0,0,0,0,0,0,0,0,0,0,0,0,0,0,0,0,0,0,0,0,0,0,0,0,0,0,0,0,0,0,0,0,0,0,0,0,0,0,0,0,0,0,0,0,0,0,0,0,0,0,0,0,0,0,0,0,0,0,0,0,0,0,0,0,0,0,0,0,0,0,0,0,0,0,0,0,0,0,0,0,0,0,0,0,0,0,0,0,0,0,0,0,0,0,0,0,0,0,0,0,0,0,0,0,0,0,0,0,0,0,0,0,0,0,0,0,0,0,0,0,0,0,0,0,0,0,0,0,0,0,0,0,0,13,191,255,90,0,0,0,0,147,143,38,0,0,0,0,0,0,0,0,0,0,0,0,0,0,0,0,0,154,252,253,167,0,0,0,38,234,252,209,0,0,0,0,0,0,0,0,0,0,0,0,0,0,0,0,0,169,252,253,167,0,0,0,144,252,252,223,0,0,0,0,0,0,0,0,0,0,0,0,0,0,0,0,0,169,252,253,151,0,0,0,253,252,252,223,0,0,0,0,0,0,0,0,0,0,0,0,0,0,0,0,32,215,252,253,27,0,0,0,253,252,252,145,0,0,0,0,0,0,0,0,0,0,0,0,0,0,0,0,57,253,253,79,0,0,0,0,255,253,228,47,0,0,0,0,0,0,0,0,0,0,0,0,0,0,0,0,182,252,252,0,0,0,0,0,253,252,214,28,0,0,0,0,0,0,0,0,0,0,0,0,0,0,0,0,197,252,252,32,19,57,57,135,253,252,252,121,57,198,150,44,0,0,0,0,0,0,0,0,0,0,0,0,103,252,252,216,196,252,252,252,253,252,252,252,252,253,242,96,0,0,0,0,0,0,0,0,0,0,0,0,25,205,252,253,252,252,252,252,253,252,252,252,252,253,89,0,0,0,0,0,0,0,0,0,0,0,0,0,0,0,79,192,253,253,253,253,255,253,253,178,140,79,0,0,0,0,0,0,0,0,0,0,0,0,0,0,0,0,0,12,27,27,37,189,253,252,201,9,0,0,0,0,0,0,0,0,0,0,0,0,0,0,0,0,0,0,0,0,0,0,29,252,253,252,195,0,0,0,0,0,0,0,0,0,0,0,0,0,0,0,0,0,0,0,0,0,0,0,123,252,253,242,96,0,0,0,0,0,0,0,0,0,0,0,0,0,0,0,0,0,0,0,0,0,0,0,169,252,253,167,0,0,0,0,0,0,0,0,0,0,0,0,0,0,0,0,0,0,0,0,0,0,0,0,169,253,255,168,0,0,0,0,0,0,0,0,0,0,0,0,0,0,0,0,0,0,0,0,0,0,0,0,169,252,253,167,0,0,0,0,0,0,0,0,0,0,0,0,0,0,0,0,0,0,0,0,0,0,0,32,215,252,253,167,0,0,0,0,0,0,0,0,0,0,0,0,0,0,0,0,0,0,0,0,0,0,0,0,169,252,253,167,0,0,0,0,0,0,0,0,0,0,0,0,0,0,0,0,0,0,0,0,0,0,0,0,75,189,190,74,0,0,0,0,0,0,0,0,0,0,0,0,0,0,0,0,0,0,0,0,0,0,0,0,0,0,0,0,0,0,0,0,0,0,0,0,0,0,0,0,0,0,0,0,0,0,0,0,0,0,0,0,0,0,0,0,0,0,0,0,0,0,0,0,0,0,0
6,0,0,0,0,0,0,0,0,0,0,0,0,0,0,0,0,0,0,0,0,0,0,0,0,0,0,0,0,0,0,0,0,0,0,0,0,0,0,0,0,0,0,0,0,0,0,0,0,0,0,0,0,0,0,0,0,0,0,0,0,0,0,0,0,0,0,0,0,0,0,0,0,0,112,236,228,15,0,0,0,0,0,0,0,0,0,0,0,0,0,0,0,0,0,0,0,0,0,0,19,154,252,242,134,3,0,0,0,0,0,0,0,0,0,0,0,0,0,0,0,0,0,0,0,0,0,18,162,254,239,59,0,0,0,0,0,0,0,0,0,0,0,0,0,0,0,0,0,0,0,0,0,0,0,128,254,254,58,0,0,0,0,0,0,0,0,0,0,0,0,0,0,0,0,0,0,0,0,0,0,0,80,253,248,105,3,0,0,0,0,0,0,0,0,0,0,0,0,0,0,0,0,0,0,0,0,0,0,47,233,254,207,0,0,0,0,0,0,0,0,0,0,0,0,0,0,0,0,0,0,0,0,0,0,0,0,172,254,208,5,0,0,0,0,0,0,0,0,0,0,0,0,0,0,0,0,0,0,0,0,0,0,0,89,247,254,119,0,0,0,0,0,0,0,0,0,0,0,0,0,0,0,0,0,0,0,0,0,0,0,0,180,254,197,5,0,0,0,0,0,0,0,0,0,0,0,0,0,0,0,0,0,0,0,0,0,0,0,50,251,251,104,0,0,0,0,0,0,0,0,0,0,0,0,0,0,0,0,0,0,0,0,0,0,0,0,165,254,193,0,0,0,0,0,0,0,0,0,0,0,0,0,0,0,0,0,0,0,0,0,0,0,0,0,183,254,139,0,0,0,0,14,16,0,0,0,0,0,0,0,0,0,0,0,0,0,0,0,0,0,0,14,222,254,87,0,9,128,236,239,240,145,4,0,0,0,0,0,0,0,0,0,0,0,0,0,0,0,0,101,254,232,25,4,129,254,254,246,249,254,101,0,0,0,0,0,0,0,0,0,0,0,0,0,0,0,0,121,254,201,0,146,254,250,153,7,107,254,120,0,0,0,0,0,0,0,0,0,0,0,0,0,0,0,0,107,254,209,127,248,229,40,0,0,121,254,120,0,0,0,0,0,0,0,0,0,0,0,0,0,0,0,0,25,254,254,254,253,94,0,2,22,223,253,45,0,0,0,0,0,0,0,0,0,0,0,0,0,0,0,0,9,208,254,254,172,0,35,191,254,254,121,0,0,0,0,0,0,0,0,0,0,0,0,0,0,0,0,0,0,90,250,255,245,226,239,254,249,140,10,0,0,0,0,0,0,0,0,0,0,0,0,0,0,0,0,0,0,0,173,254,254,254,249,158,59,0,0,0,0,0,0,0,0,0,0,0,0,0,0,0,0,0,0,0,0,0,0,0,0,0,0,0,0,0,0,0,0,0,0,0,0,0,0,0,0,0,0,0,0,0,0,0,0,0,0,0,0,0,0,0,0,0,0,0,0,0,0,0,0,0,0,0,0,0,0,0,0,0,0,0,0,0,0,0,0,0,0,0,0,0,0,0,0,0,0,0,0,0,0,0,0,0,0,0,0,0,0,0,0,0,0,0,0,0,0,0,0,0,0,0,0,0,0,0,0,0,0,0,0,0,0,0,0,0,0,0,0,0,0,0,0,0,0,0,0,0,0,0,0,0,0,0,0,0,0,0,0,0,0,0,0,0,0,0,0,0,0,0,0,0,0,0,0,0,0,0,0,0,0,0,0,0,0
8,0,0,0,0,0,0,0,0,0,0,0,0,0,0,0,0,0,0,0,0,0,0,0,0,0,0,0,0,0,0,0,0,0,0,0,0,0,0,0,0,0,0,0,0,0,0,0,0,0,0,0,0,0,0,0,0,0,0,0,0,0,0,0,0,0,0,0,0,0,0,0,0,0,0,0,0,0,0,0,0,0,0,0,0,0,0,0,0,0,0,0,0,0,0,0,0,0,0,0,0,0,0,0,0,0,0,0,0,0,0,0,0,0,0,0,0,0,0,0,0,0,0,0,0,0,0,0,0,0,0,0,64,233,11,0,0,0,0,0,0,0,0,0,0,0,0,0,0,0,0,0,0,0,0,0,0,0,0,2,179,254,16,0,0,0,0,0,0,0,0,0,0,0,0,0,0,0,0,0,0,0,0,0,0,3,77,197,254,254,72,0,0,0,0,0,0,0,0,0,0,0,0,0,0,0,0,0,0,0,0,0,57,115,244,254,254,189,10,0,0,0,0,0,0,0,0,0,0,0,0,0,0,0,0,0,0,3,34,119,244,254,254,254,249,19,0,0,0,0,0,0,0,0,0,0,0,0,0,0,0,0,0,0,0,160,254,254,218,80,233,254,147,0,0,0,0,0,0,0,0,0,0,0,0,0,0,0,0,0,0,0,14,225,250,116,10,152,254,219,14,0,0,0,0,0,0,0,0,0,0,0,0,0,0,0,0,0,0,0,68,254,85,0,87,247,247,43,0,0,0,0,0,0,0,0,0,0,0,0,0,0,0,0,0,0,0,0,128,254,175,67,233,254,93,0,0,0,0,0,0,0,0,0,0,0,0,0,0,0,0,0,0,0,0,0,6,183,254,254,254,158,6,0,0,0,0,0,0,0,0,0,0,0,0,0,0,0,0,0,0,0,0,0,0,6,213,254,231,19,0,0,0,0,0,0,0,0,0,0,0,0,0,0,0,0,0,0,0,0,0,0,6,182,247,254,208,0,0,0,0,0,0,0,0,0,0,0,0,0,0,0,0,0,0,0,0,0,0,0,121,254,254,154,182,0,0,0,0,0,0,0,0,0,0,0,0,0,0,0,0,0,0,0,0,0,0,117,248,247,89,29,134,0,0,0,0,0,0,0,0,0,0,0,0,0,0,0,0,0,0,0,0,0,88,249,247,85,0,91,125,0,0,0,0,0,0,0,0,0,0,0,0,0,0,0,0,0,0,0,0,5,206,254,99,0,10,215,76,0,0,0,0,0,0,0,0,0,0,0,0,0,0,0,0,0,0,0,0,68,254,207,4,10,181,254,42,0,0,0,0,0,0,0,0,0,0,0,0,0,0,0,0,0,0,0,0,126,254,131,159,227,254,137,2,0,0,0,0,0,0,0,0,0,0,0,0,0,0,0,0,0,0,0,0,184,254,254,254,254,204,17,0,0,0,0,0,0,0,0,0,0,0,0,0,0,0,0,0,0,0,0,0,102,254,254,190,132,19,0,0,0,0,0,0,0,0,0,0,0,0,0,0,0,0,0,0,0,0,0,0,0,0,0,0,0,0,0,0,0,0,0,0,0,0,0,0,0,0,0,0,0,0,0,0,0,0,0,0,0,0,0,0,0,0,0,0,0,0,0,0,0,0,0,0,0,0,0,0,0,0,0,0,0,0,0,0,0,0,0,0,0,0,0,0,0,0,0,0,0,0,0,0,0,0,0,0,0,0,0,0,0,0,0,0,0,0,0,0,0,0,0,0,0,0,0,0,0,0,0,0,0,0,0,0
4,0,0,0,0,0,0,0,0,0,0,0,0,0,0,0,0,0,0,0,0,0,0,0,0,0,0,0,0,0,0,0,0,0,0,0,0,0,0,0,0,0,0,0,0,0,0,0,0,0,0,0,0,0,0,0,0,0,0,0,0,0,0,0,0,0,0,0,0,0,0,0,0,0,0,0,0,0,0,0,0,0,0,0,0,0,0,0,0,0,0,0,0,0,0,0,0,0,0,0,0,0,0,0,0,0,0,0,0,0,0,0,0,0,0,0,0,0,0,0,0,0,0,0,0,0,33,80,52,0,0,0,0,0,0,0,0,0,0,0,0,0,0,0,0,0,0,0,0,0,0,0,0,127,197,253,220,54,0,0,0,0,0,0,0,0,0,0,0,0,0,0,0,0,0,0,0,0,0,0,0,202,253,251,130,6,0,0,0,0,9,140,237,237,73,0,0,0,0,0,0,0,0,0,0,0,0,0,69,230,253,244,0,0,0,0,0,74,156,253,253,199,35,0,0,0,0,0,0,0,0,0,0,0,0,8,145,253,253,213,0,0,0,0,10,152,253,253,207,21,123,0,0,0,0,0,0,0,0,0,0,0,0,129,253,253,253,69,0,0,0,73,150,253,253,197,31,0,0,0,0,0,0,0,0,0,0,0,0,0,15,223,253,253,242,62,0,0,8,160,253,253,249,125,0,0,0,0,0,0,0,0,0,0,0,0,0,0,140,253,253,253,147,0,0,0,71,253,253,253,218,0,0,0,0,0,0,0,0,0,0,0,0,0,0,173,222,253,253,227,41,0,0,122,203,253,253,253,90,0,0,0,0,0,0,0,0,0,0,0,0,0,0,237,253,253,253,52,0,0,31,196,253,253,253,207,40,88,21,0,0,0,0,0,0,0,0,0,0,0,105,247,253,253,253,52,0,0,88,253,253,253,253,122,151,253,60,0,0,0,0,0,0,0,0,0,0,126,250,253,253,253,167,16,0,58,248,253,253,253,253,249,252,142,2,0,0,0,0,0,0,0,0,0,0,254,253,253,253,253,253,170,149,225,253,253,253,253,253,175,104,57,0,0,0,0,0,0,0,0,0,0,0,255,253,253,253,253,253,253,253,253,253,253,253,253,242,97,0,0,0,0,0,0,0,0,0,0,0,0,0,123,203,253,253,253,253,253,253,253,253,253,253,175,97,0,0,0,0,0,0,0,0,0,0,0,0,0,0,0,27,43,43,73,218,246,253,253,253,230,169,18,0,0,0,0,0,0,0,0,0,0,0,0,0,0,0,0,0,0,0,0,56,225,253,253,253,87,0,0,0,0,0,0,0,0,0,0,0,0,0,0,0,0,0,0,0,0,0,4,132,253,253,253,186,21,0,0,0,0,0,0,0,0,0,0,0,0,0,0,0,0,0,0,0,0,0,112,253,253,253,249,103,0,0,0,0,0,0,0,0,0,0,0,0,0,0,0,0,0,0,0,0,0,0,68,78,78,78,75,0,0,0,0,0,0,0,0,0,0,0,0,0,0,0,0,0,0,0,0,0,0,0,0,0,0,0,0,0,0,0,0,0,0,0,0,0,0,0,0,0,0,0,0,0,0,0,0,0,0,0,0,0,0,0,0,0,0,0,0,0,0,0,0,0,0,0,0,0,0,0,0,0,0,0,0,0,0,0,0,0,0,0,0,0,0,0,0,0,0,0,0,0,0,0,0,0,0,0,0,0,0,0,0,0,0,0,0,0,0,0,0,0,0,0,0,0,0,0,0,0,0,0,0,0
7,0,0,0,0,0,0,0,0,0,0,0,0,0,0,0,0,0,0,0,0,0,0,0,0,0,0,0,0,0,0,0,0,0,0,0,0,0,0,0,0,0,0,0,0,0,0,0,0,0,0,0,0,0,0,0,0,0,0,0,0,0,0,0,0,0,0,0,0,0,0,0,0,0,0,0,0,0,0,0,0,0,0,0,0,0,0,0,0,0,0,0,0,0,0,0,0,0,0,0,0,0,0,0,0,0,0,0,0,0,0,0,0,0,0,0,0,0,0,0,0,0,0,0,0,0,0,0,0,0,0,0,0,0,0,0,0,0,0,0,0,0,0,0,0,0,0,0,0,0,0,0,0,0,0,0,0,0,0,0,0,0,0,0,0,0,0,0,0,0,0,0,0,0,0,0,0,0,0,0,0,0,0,0,0,0,0,0,0,0,0,0,0,0,0,0,0,0,0,0,0,0,0,0,0,17,0,0,10,216,216,110,230,28,0,0,0,0,0,0,0,0,0,0,0,0,0,0,0,0,0,14,157,211,78,185,189,254,254,254,254,198,40,0,0,0,0,0,0,0,0,0,0,0,0,0,0,0,0,43,251,201,229,254,254,250,250,193,140,233,168,5,0,0,0,0,0,0,0,0,0,0,0,0,0,0,0,0,44,10,238,254,109,22,22,0,55,235,254,189,0,0,0,0,0,0,0,0,0,0,0,0,0,0,0,0,0,0,40,65,6,0,0,0,168,254,254,189,0,0,0,0,0,0,0,0,0,0,0,0,0,0,0,0,0,0,0,0,0,0,0,0,43,232,254,192,2,0,0,0,0,0,0,0,0,0,0,0,0,0,0,0,0,0,0,0,0,0,0,0,0,207,254,242,35,0,0,0,0,0,0,0,0,0,0,0,0,0,0,0,0,0,0,0,0,0,0,0,84,243,254,189,0,0,0,0,0,0,0,0,0,0,0,0,0,0,0,0,0,0,0,0,0,0,0,0,168,254,253,130,0,0,0,0,0,0,0,0,0,0,0,0,0,0,0,0,0,0,0,0,0,0,0,0,168,254,227,0,0,0,0,0,0,0,0,0,0,0,0,0,0,0,0,0,0,0,0,0,0,0,0,0,168,254,181,0,0,0,0,0,0,0,0,0,0,0,0,0,0,0,0,0,0,0,0,0,0,0,0,30,249,254,126,0,0,0,0,0,0,0,0,0,0,0,0,0,0,0,0,0,0,0,0,0,0,0,0,202,254,254,119,0,0,0,0,0,0,0,0,0,0,0,0,0,0,0,0,0,0,0,0,0,0,0,0,239,254,217,74,0,0,0,0,0,0,0,0,0,0,0,0,0,0,0,0,0,0,0,0,0,0,0,50,247,254,156,0,0,0,0,0,0,0,0,0,0,0,0,0,0,0,0,0,0,0,0,0,0,0,0,121,254,255,156,0,0,0,0,0,0,0,0,0,0,0,0,0,0,0,0,0,0,0,0,0,0,0,23,223,254,230,47,0,0,0,0,0,0,0,0,0,0,0,0,0,0,0,0,0,0,0,0,0,0,0,55,254,254,88,0,0,0,0,0,0,0,0,0,0,0,0,0,0,0,0,0,0,0,0,0,0,0,0,40,209,254,87,0,0,0,0,0,0,0,0,0,0,0,0,0,0,0,0,0,0,0,0,0,0,0,0,0,54,155,87,0,0,0,0,0,0,0,0,0,0,0,0,0,0,0,0,0,0,0,0,0,0,0,0,0,0,0,0,0,0,0,0,0,0,0,0,0,0,0,0
6,0,0,0,0,0,0,0,0,0,0,0,0,0,0,0,0,0,0,0,0,0,0,0,0,0,0,0,0,0,0,0,0,0,0,0,0,0,0,0,0,0,0,0,0,0,0,0,0,0,0,0,0,0,0,0,0,0,0,0,0,0,0,0,0,0,0,0,0,0,0,0,0,0,0,0,0,0,0,0,0,0,0,0,0,0,0,0,0,0,0,0,0,0,0,0,231,197,0,0,0,0,0,0,0,0,0,0,0,0,0,0,0,0,0,0,0,0,0,0,0,0,0,130,251,213,0,0,0,0,0,0,0,0,0,0,0,0,0,0,0,0,0,0,0,0,0,0,0,0,119,254,248,58,0,0,0,0,0,0,0,0,0,0,0,0,0,0,0,0,0,0,0,0,0,0,0,0,184,254,173,0,0,0,0,0,0,0,0,0,0,0,0,0,0,0,0,0,0,0,0,0,0,0,0,7,204,254,56,0,0,0,0,0,0,0,0,0,0,0,0,0,0,0,0,0,0,0,0,0,0,0,0,40,253,241,19,0,0,0,0,0,0,0,0,0,0,0,0,0,0,0,0,0,0,0,0,0,0,0,5,161,253,134,0,0,0,0,0,0,0,0,0,0,0,0,0,0,0,0,0,0,0,0,0,0,0,0,47,253,253,0,0,0,0,0,0,0,0,0,0,0,0,0,0,0,0,0,0,0,0,0,0,0,0,0,47,254,136,0,0,0,0,0,0,0,0,0,0,0,0,0,0,0,0,0,0,0,0,0,0,0,0,0,47,253,69,0,0,38,80,139,138,138,138,81,38,0,0,0,0,0,0,0,0,0,0,0,0,0,0,0,47,253,119,24,191,245,253,254,253,253,253,254,244,165,49,0,0,0,0,0,0,0,0,0,0,0,0,0,47,253,253,254,253,177,94,69,69,69,69,69,119,169,253,102,0,0,0,0,0,0,0,0,0,0,0,0,17,225,254,236,17,0,0,0,0,0,0,0,0,0,102,254,48,0,0,0,0,0,0,0,0,0,0,0,0,157,253,248,188,0,0,0,0,0,0,0,0,0,0,254,165,0,0,0,0,0,0,0,0,0,0,0,0,21,188,254,211,13,0,0,0,0,0,0,0,0,0,178,244,38,0,0,0,0,0,0,0,0,0,0,0,0,25,254,253,213,25,0,0,0,0,0,0,0,0,161,236,29,0,0,0,0,0,0,0,0,0,0,0,0,0,85,248,254,186,26,0,0,0,0,0,0,51,255,148,0,0,0,0,0,0,0,0,0,0,0,0,0,0,0,38,160,253,239,129,42,0,0,0,30,222,241,60,0,0,0,0,0,0,0,0,0,0,0,0,0,0,0,0,5,79,237,253,249,207,208,174,228,244,67,0,0,0,0,0,0,0,0,0,0,0,0,0,0,0,0,0,0,0,19,86,169,253,254,236,160,69,0,0,0,0,0,0,0,0,0,0,0,0,0,0,0,0,0,0,0,0,0,0,0,0,0,0,0,0,0,0,0,0,0,0,0,0,0,0,0,0,0,0,0,0,0,0,0,0,0,0,0,0,0,0,0,0,0,0,0,0,0,0,0,0,0,0,0,0,0,0,0,0,0,0,0,0,0,0,0,0,0,0,0,0,0,0,0,0,0,0,0,0,0,0,0,0,0,0,0,0,0,0,0,0,0,0,0,0,0,0,0,0,0,0,0,0,0,0,0,0,0,0,0,0,0,0,0,0,0,0,0,0,0,0,0,0,0,0,0,0,0,0,0,0,0,0
0,0,0,0,0,0,0,0,0,0,0,0,0,0,0,0,0,0,0,0,0,0,0,0,0,0,0,0,0,0,0,0,0,0,0,0,0,0,0,0,0,0,0,0,0,0,0,0,0,0,0,0,0,0,0,0,0,0,0,0,0,0,0,0,0,0,0,0,0,0,0,0,0,0,0,0,0,0,0,0,0,0,0,0,0,0,0,0,0,0,0,0,0,0,0,0,0,0,0,0,0,0,0,0,0,0,0,0,0,0,0,0,0,0,0,0,0,0,0,0,0,0,0,0,0,0,41,0,0,0,0,0,0,0,0,0,0,0,0,0,0,0,0,0,0,0,0,0,0,0,0,0,82,203,243,162,203,81,0,0,0,0,0,0,0,0,0,0,0,0,0,0,0,0,0,0,0,0,31,173,254,253,254,253,254,253,173,10,0,0,0,0,0,0,0,0,0,0,0,0,0,0,0,0,0,123,233,252,233,151,50,50,112,232,253,212,0,0,0,0,0,0,0,0,0,0,0,0,0,0,0,0,113,233,254,192,41,0,0,0,0,0,82,243,173,10,0,0,0,0,0,0,0,0,0,0,0,0,0,41,253,252,192,50,0,0,0,0,0,0,0,162,253,172,41,0,0,0,0,0,0,0,0,0,0,0,31,233,254,233,41,0,0,0,0,0,0,0,0,102,254,253,234,51,0,0,0,0,0,0,0,0,0,0,51,252,253,70,0,0,0,0,0,0,0,0,0,102,50,212,253,192,41,0,0,0,0,0,0,0,0,0,152,253,224,20,0,0,0,0,0,0,0,0,0,0,0,41,193,253,163,0,0,0,0,0,0,0,0,0,233,252,203,0,0,0,0,0,0,0,0,0,0,0,0,0,51,192,243,81,0,0,0,0,0,0,0,0,254,253,214,10,0,0,0,0,0,0,0,0,0,0,0,0,0,41,234,213,0,0,0,0,0,0,0,0,213,252,253,50,0,0,0,0,0,0,0,0,0,0,0,0,0,0,112,252,0,0,0,0,0,0,0,0,132,253,254,71,0,0,0,0,0,0,0,0,0,0,0,0,0,0,52,253,0,0,0,0,0,0,0,0,51,252,253,232,41,0,0,0,0,0,0,0,0,0,0,0,0,0,51,252,0,0,0,0,0,0,0,0,21,142,254,253,173,31,0,0,0,0,0,0,0,0,0,0,0,21,132,253,0,0,0,0,0,0,0,0,0,0,172,252,253,192,41,0,0,0,0,0,0,0,0,0,62,162,253,252,0,0,0,0,0,0,0,0,0,0,0,82,234,253,234,112,21,0,0,0,0,0,11,132,255,253,244,40,0,0,0,0,0,0,0,0,0,0,0,0,30,172,253,252,223,203,163,122,102,183,213,252,253,212,40,0,0,0,0,0,0,0,0,0,0,0,0,0,0,0,62,102,203,243,254,253,254,253,244,203,82,0,0,0,0,0,0,0,0,0,0,0,0,0,0,0,0,0,0,0,0,40,50,50,50,50,40,0,0,0,0,0,0,0,0,0,0,0,0,0,0,0,0,0,0,0,0,0,0,0,0,0,0,0,0,0,0,0,0,0,0,0,0,0,0,0,0,0,0,0,0,0,0,0,0,0,0,0,0,0,0,0,0,0,0,0,0,0,0,0,0,0,0,0,0,0,0,0,0,0,0,0,0,0,0,0,0,0,0,0,0,0,0,0,0,0,0,0,0,0,0,0,0,0,0,0,0,0,0,0,0,0,0,0,0,0,0,0,0,0,0,0,0,0,0,0,0
4,0,0,0,0,0,0,0,0,0,0,0,0,0,0,0,0,0,0,0,0,0,0,0,0,0,0,0,0,0,0,0,0,0,0,0,0,0,0,0,0,0,0,0,0,0,0,0,0,0,0,0,0,0,0,0,0,0,0,0,0,0,0,0,0,0,0,0,0,0,0,0,0,0,0,0,0,0,0,0,0,0,0,0,0,0,0,0,0,0,0,0,0,0,0,0,0,0,0,0,0,0,0,0,0,0,0,0,0,0,0,0,0,0,0,0,0,0,0,0,0,0,0,0,0,0,0,0,0,0,0,0,0,0,0,0,0,0,0,0,0,0,0,0,0,0,0,0,0,0,0,0,0,0,0,0,170,196,0,0,0,0,0,0,0,0,0,0,0,0,0,0,0,0,0,0,0,0,0,0,0,0,0,0,124,202,5,0,0,0,0,0,0,0,0,0,0,0,0,0,0,0,0,0,0,0,0,0,47,42,0,0,121,253,27,0,0,0,0,0,0,0,0,0,0,0,0,0,0,0,0,0,0,0,0,0,174,177,0,0,121,253,27,0,0,0,0,0,0,0,0,0,0,0,0,0,0,0,0,0,0,0,0,0,174,159,0,0,121,253,27,0,0,0,0,0,0,0,0,0,0,0,0,0,0,0,0,0,0,0,0,0,223,111,0,0,121,254,27,0,0,0,0,0,0,0,0,0,0,0,0,0,0,0,0,0,0,0,0,48,249,48,0,0,131,247,22,0,0,0,0,0,0,0,0,0,0,0,0,0,0,0,0,0,0,0,0,121,238,17,0,0,187,213,0,0,0,0,0,0,0,0,0,0,0,0,0,0,0,0,0,0,0,0,0,125,156,0,0,0,187,226,81,120,74,0,0,0,0,0,0,0,0,0,0,0,0,0,0,0,0,0,0,187,146,0,4,103,222,253,253,211,53,0,0,0,0,0,0,0,0,0,0,0,0,0,0,0,0,0,0,219,204,86,208,254,255,221,50,0,0,0,0,0,0,0,0,0,0,0,0,0,0,0,0,0,0,0,0,190,253,249,209,105,254,146,0,0,0,0,0,0,0,0,0,0,0,0,0,0,0,0,0,0,0,0,0,52,94,48,0,67,254,105,0,0,0,0,0,0,0,0,0,0,0,0,0,0,0,0,0,0,0,0,0,0,0,0,0,106,254,80,0,0,0,0,0,0,0,0,0,0,0,0,0,0,0,0,0,0,0,0,0,0,0,0,0,133,254,27,0,0,0,0,0,0,0,0,0,0,0,0,0,0,0,0,0,0,0,0,0,0,0,0,0,68,254,80,0,0,0,0,0,0,0,0,0,0,0,0,0,0,0,0,0,0,0,0,0,0,0,0,0,67,254,80,0,0,0,0,0,0,0,0,0,0,0,0,0,0,0,0,0,0,0,0,0,0,0,0,0,67,254,80,0,0,0,0,0,0,0,0,0,0,0,0,0,0,0,0,0,0,0,0,0,0,0,0,0,67,254,77,0,0,0,0,0,0,0,0,0,0,0,0,0,0,0,0,0,0,0,0,0,0,0,0,0,67,240,10,0,0,0,0,0,0,0,0,0,0,0,0,0,0,0,0,0,0,0,0,0,0,0,0,0,0,0,0,0,0,0,0,0,0,0,0,0,0,0,0,0,0,0,0,0,0,0,0,0,0,0,0,0,0,0,0,0,0,0,0,0,0,0,0,0,0,0,0,0,0,0,0,0,0,0,0,0,0,0,0,0,0,0,0,0,0,0,0,0,0,0,0,0,0,0
1,0,0,0,0,0,0,0,0,0,0,0,0,0,0,0,0,0,0,0,0,0,0,0,0,0,0,0,0,0,0,0,0,0,0,0,0,0,0,0,0,0,0,0,0,0,0,0,0,0,0,0,0,0,0,0,0,0,0,0,0,0,0,0,0,0,0,0,0,0,0,0,0,0,0,0,0,0,0,0,0,0,0,0,0,0,0,0,0,0,0,0,0,0,0,0,0,0,0,0,0,0,0,0,0,0,0,0,0,0,0,0,0,0,0,0,0,0,0,0,0,0,0,0,0,0,0,0,82,184,114,0,0,0,0,0,0,0,0,0,0,0,0,0,0,0,0,0,0,0,0,0,0,0,0,0,253,252,219,8,0,0,0,0,0,0,0,0,0,0,0,0,0,0,0,0,0,0,0,0,0,0,0,0,253,252,230,32,0,0,0,0,0,0,0,0,0,0,0,0,0,0,0,0,0,0,0,0,0,0,0,24,253,252,216,0,0,0,0,0,0,0,0,0,0,0,0,0,0,0,0,0,0,0,0,0,0,0,0,121,253,252,216,0,0,0,0,0,0,0,0,0,0,0,0,0,0,0,0,0,0,0,0,0,0,0,0,155,253,252,124,0,0,0,0,0,0,0,0,0,0,0,0,0,0,0,0,0,0,0,0,0,0,0,0,241,253,252,96,0,0,0,0,0,0,0,0,0,0,0,0,0,0,0,0,0,0,0,0,0,0,0,94,251,253,243,59,0,0,0,0,0,0,0,0,0,0,0,0,0,0,0,0,0,0,0,0,0,0,0,109,252,253,228,0,0,0,0,0,0,0,0,0,0,0,0,0,0,0,0,0,0,0,0,0,0,0,0,109,252,253,113,0,0,0,0,0,0,0,0,0,0,0,0,0,0,0,0,0,0,0,0,0,0,0,0,116,253,255,109,0,0,0,0,0,0,0,0,0,0,0,0,0,0,0,0,0,0,0,0,0,0,0,10,231,252,252,98,0,0,0,0,0,0,0,0,0,0,0,0,0,0,0,0,0,0,0,0,0,0,0,97,252,252,241,0,0,0,0,0,0,0,0,0,0,0,0,0,0,0,0,0,0,0,0,0,0,0,0,177,252,252,160,0,0,0,0,0,0,0,0,0,0,0,0,0,0,0,0,0,0,0,0,0,0,0,0,217,252,252,92,0,0,0,0,0,0,0,0,0,0,0,0,0,0,0,0,0,0,0,0,0,0,0,0,217,252,252,0,0,0,0,0,0,0,0,0,0,0,0,0,0,0,0,0,0,0,0,0,0,0,0,69,246,252,252,0,0,0,0,0,0,0,0,0,0,0,0,0,0,0,0,0,0,0,0,0,0,0,0,85,252,252,206,0,0,0,0,0,0,0,0,0,0,0,0,0,0,0,0,0,0,0,0,0,0,0,0,194,252,252,131,0,0,0,0,0,0,0,0,0,0,0,0,0,0,0,0,0,0,0,0,0,0,0,0,90,252,252,74,0,0,0,0,0,0,0,0,0,0,0,0,0,0,0,0,0,0,0,0,0,0,0,0,0,0,0,0,0,0,0,0,0,0,0,0,0,0,0,0,0,0,0,0,0,0,0,0,0,0,0,0,0,0,0,0,0,0,0,0,0,0,0,0,0,0,0,0,0,0,0,0,0,0,0,0,0,0,0,0,0,0,0,0,0,0,0,0,0,0,0,0,0,0,0,0,0,0,0,0,0,0,0,0,0,0,0,0,0,0,0,0,0,0,0,0,0,0,0,0,0,0,0,0,0
3,0,0,0,0,0,0,0,0,0,0,0,0,0,0,0,0,0,0,0,0,0,0,0,0,0,0,0,0,0,0,0,0,0,0,0,0,0,0,0,0,0,0,0,0,0,0,0,0,0,0,0,0,0,0,0,0,0,0,0,0,0,0,0,0,0,0,0,0,0,0,0,0,0,0,0,0,0,0,0,0,0,0,0,0,0,0,0,0,0,0,0,0,0,0,0,0,0,0,0,0,0,0,0,0,0,0,0,0,0,0,0,0,0,0,0,0,0,0,0,0,0,0,0,0,0,187,255,254,254,254,255,254,157,44,0,0,0,0,0,0,0,0,0,0,0,0,0,0,0,0,0,0,0,186,253,253,253,253,253,253,253,241,159,0,0,0,0,0,0,0,0,0,0,0,0,0,0,0,0,0,0,130,177,174,108,177,177,237,253,253,253,0,0,0,0,0,0,0,0,0,0,0,0,0,0,0,0,0,0,0,0,0,0,0,0,95,253,253,253,0,0,0,0,0,0,0,0,0,0,0,0,0,0,0,0,0,0,0,0,0,0,33,154,192,253,253,253,0,0,0,0,0,0,0,0,0,0,0,0,0,0,0,0,5,14,14,14,18,151,248,253,253,253,245,164,0,0,0,0,0,0,0,0,0,0,0,0,0,0,0,128,174,253,253,253,253,253,253,253,253,232,47,0,0,0,0,0,0,0,0,0,0,0,0,0,0,0,128,253,253,253,253,253,253,253,253,253,253,212,0,0,0,0,0,0,0,0,0,0,0,0,0,0,0,0,130,253,253,253,236,164,164,97,157,193,253,249,86,0,0,0,0,0,0,0,0,0,0,0,0,0,0,0,25,181,136,47,38,0,0,0,0,16,209,253,96,0,0,0,0,0,0,0,0,0,0,0,0,0,0,0,0,0,0,0,0,0,0,0,0,16,210,253,96,0,0,0,0,0,0,0,0,0,0,0,0,0,0,0,0,0,0,0,0,0,0,0,0,172,253,253,96,0,0,0,0,0,0,0,0,0,0,0,0,0,0,0,0,0,0,0,0,0,0,0,63,239,253,226,41,0,0,0,0,0,0,0,0,0,0,0,0,0,0,0,0,0,0,0,0,0,0,61,247,253,223,39,0,0,0,0,0,0,0,0,0,0,0,40,104,104,104,104,104,3,0,0,0,0,63,247,253,253,135,0,0,0,0,0,0,0,0,0,0,0,102,233,253,253,253,204,170,4,0,0,16,98,239,253,253,136,8,0,0,0,0,0,0,0,0,0,0,0,225,253,253,253,192,22,0,0,56,100,210,253,253,223,135,8,0,0,0,0,0,0,0,0,0,0,0,0,232,253,253,253,203,179,179,179,245,253,253,226,133,39,0,0,0,0,0,0,0,0,0,0,0,0,0,0,44,222,250,253,253,253,253,253,253,236,131,34,0,0,0,0,0,0,0,0,0,0,0,0,0,0,0,0,0,0,98,116,134,253,253,119,116,22,0,0,0,0,0,0,0,0,0,0,0,0,0,0,0,0,0,0,0,0,0,0,0,0,0,0,0,0,0,0,0,0,0,0,0,0,0,0,0,0,0,0,0,0,0,0,0,0,0,0,0,0,0,0,0,0,0,0,0,0,0,0,0,0,0,0,0,0,0,0,0,0,0,0,0,0,0,0,0,0,0,0,0,0,0,0,0,0,0,0,0,0,0,0,0,0,0,0,0,0,0,0,0,0,0,0,0,0,0,0,0,0,0,0,0,0,0,0,0,0,0,0,0,0,0,0,0
3,0,0,0,0,0,0,0,0,0,0,0,0,0,0,0,0,0,0,0,0,0,0,0,0,0,0,0,0,0,0,0,0,0,0,0,0,0,0,0,0,0,0,0,0,0,0,0,0,0,0,0,0,0,0,0,0,0,0,0,0,0,0,0,0,0,0,0,0,0,0,0,0,0,0,0,0,0,0,0,0,0,0,0,0,0,0,0,0,0,0,0,0,0,0,0,0,0,0,0,0,0,0,0,0,0,0,0,0,0,0,0,0,0,0,0,0,0,0,0,0,0,0,0,91,253,253,255,253,204,121,121,32,0,0,0,0,0,0,0,0,0,0,0,0,0,0,0,0,0,0,0,104,252,252,253,252,252,252,252,215,90,0,0,0,0,0,0,0,0,0,0,0,0,0,0,0,0,0,0,3,33,158,159,158,39,168,252,252,212,0,0,0,0,0,0,0,0,0,0,0,0,0,0,0,0,0,0,0,0,0,0,0,0,81,252,252,212,0,0,0,0,0,0,0,0,0,0,0,0,0,0,0,0,0,0,0,0,0,0,29,186,216,252,238,86,0,0,0,0,0,0,0,0,0,0,0,0,0,0,0,0,0,0,0,3,54,118,214,252,252,238,87,0,0,0,0,0,0,0,0,0,0,0,0,0,0,0,0,0,9,41,125,177,252,253,252,252,252,231,67,0,0,0,0,0,0,0,0,0,0,0,0,0,0,0,0,57,179,252,252,252,252,253,252,252,252,252,232,65,0,0,0,0,0,0,0,0,0,0,0,0,0,0,0,200,252,252,243,231,106,107,106,106,147,242,252,212,0,0,0,0,0,0,0,0,0,0,0,0,0,0,0,95,189,119,44,0,0,0,0,0,0,67,252,212,0,0,0,0,0,0,0,0,0,0,0,0,0,0,0,0,0,0,0,0,0,0,0,0,0,68,253,213,0,0,0,0,0,0,0,0,0,0,0,0,0,0,0,0,0,0,0,0,0,51,107,226,240,243,252,212,0,0,0,0,0,0,0,0,0,0,0,0,0,0,0,0,0,0,10,101,226,240,252,252,252,252,252,212,0,0,0,0,0,0,0,0,0,0,0,0,0,0,0,0,0,56,168,252,252,253,176,123,219,252,252,169,0,0,0,0,0,0,0,0,0,0,0,0,0,0,0,53,165,236,252,213,185,53,3,110,244,252,174,17,0,0,0,0,0,0,0,0,0,0,0,0,0,0,88,238,241,198,115,28,0,0,51,232,252,238,52,0,0,0,0,0,0,0,0,0,0,0,0,0,0,65,240,252,177,0,0,3,41,104,248,252,197,58,0,0,0,0,0,0,0,0,0,0,0,0,0,0,0,94,252,252,155,48,160,165,252,253,252,228,84,0,0,0,0,0,0,0,0,0,0,0,0,0,0,0,0,40,222,252,252,252,252,252,252,247,182,11,0,0,0,0,0,0,0,0,0,0,0,0,0,0,0,0,0,0,38,224,252,252,252,245,119,63,0,0,0,0,0,0,0,0,0,0,0,0,0,0,0,0,0,0,0,0,0,0,0,0,0,0,0,0,0,0,0,0,0,0,0,0,0,0,0,0,0,0,0,0,0,0,0,0,0,0,0,0,0,0,0,0,0,0,0,0,0,0,0,0,0,0,0,0,0,0,0,0,0,0,0,0,0,0,0,0,0,0,0,0,0,0,0,0,0,0,0,0,0,0,0,0,0,0,0,0,0,0,0,0,0,0,0,0,0,0,0,0,0,0,0,0,0,0,0,0,0,0,0,0,0
3,0,0,0,0,0,0,0,0,0,0,0,0,0,0,0,0,0,0,0,0,0,0,0,0,0,0,0,0,0,0,0,0,0,0,0,0,0,0,0,0,0,0,0,0,0,0,0,0,0,0,0,0,0,0,0,0,0,0,0,0,0,0,0,0,0,0,0,0,0,0,0,0,0,0,0,0,0,0,0,0,0,0,0,0,0,0,0,0,0,0,0,0,0,0,0,0,0,0,0,0,0,0,0,0,0,0,0,0,0,0,0,0,0,0,0,0,0,0,0,0,0,0,0,0,0,0,0,0,0,0,0,0,0,0,0,0,0,0,0,0,0,0,0,0,0,0,0,0,0,0,0,32,218,255,251,184,254,255,254,232,44,0,0,0,0,0,0,0,0,0,0,0,0,0,0,0,0,42,145,239,253,253,253,253,253,253,253,253,96,0,0,0,0,0,0,0,0,0,0,0,0,0,0,0,0,226,253,253,253,253,210,177,177,243,253,253,96,0,0,0,0,0,0,0,0,0,0,0,0,0,0,0,0,248,234,228,172,61,27,0,109,245,253,253,96,0,0,0,0,0,0,0,0,0,0,0,0,0,0,0,0,80,53,45,0,0,1,102,249,253,253,206,31,0,0,0,0,0,0,0,0,0,0,0,0,0,0,0,0,0,0,0,0,24,154,253,253,253,216,30,0,0,0,0,0,0,0,0,0,0,0,0,0,0,0,0,0,0,118,130,130,210,253,253,253,253,191,0,0,0,0,0,0,0,0,0,0,0,0,0,0,0,15,118,248,248,253,253,253,253,253,253,253,253,218,93,0,0,0,0,0,0,0,0,0,0,0,0,0,20,186,253,253,253,253,253,253,253,251,207,253,253,253,249,86,0,0,0,0,0,0,0,0,0,0,0,0,41,231,253,253,253,191,184,84,47,46,23,47,115,253,253,132,0,0,0,0,0,0,0,0,0,0,0,0,0,65,197,68,68,7,0,0,0,0,0,0,67,243,253,232,0,0,0,0,0,0,0,0,0,0,0,0,0,0,0,0,0,0,0,0,0,0,0,0,9,205,253,232,0,0,0,0,0,0,0,0,0,0,0,0,0,0,0,0,0,0,0,0,0,0,0,0,87,253,253,229,0,0,0,0,0,0,0,0,0,0,0,0,0,0,0,0,0,0,0,0,0,0,0,0,220,253,253,96,0,0,0,0,0,0,0,0,0,0,0,0,0,0,0,0,0,0,0,0,0,0,0,154,252,253,236,57,0,0,0,0,0,0,0,0,0,0,0,0,0,0,0,0,0,0,0,0,0,3,150,252,253,253,167,0,0,0,0,0,0,0,0,0,0,93,147,10,0,0,0,0,0,0,0,0,56,201,253,253,253,238,57,0,0,0,0,0,0,0,0,0,0,99,250,190,179,179,179,179,179,179,179,179,227,253,253,253,217,86,0,0,0,0,0,0,0,0,0,0,0,0,88,211,237,253,253,253,253,253,253,253,253,253,243,176,13,0,0,0,0,0,0,0,0,0,0,0,0,0,0,0,26,116,116,186,253,253,253,178,163,116,60,0,0,0,0,0,0,0,0,0,0,0,0,0,0,0,0,0,0,0,0,0,0,0,0,0,0,0,0,0,0,0,0,0,0,0,0,0,0,0,0,0,0,0,0,0,0,0,0,0,0,0,0,0,0,0,0,0,0,0,0,0,0,0,0,0,0,0,0,0,0,0,0,0,0,0,0,0,0,0,0,0,0,0,0,0,0,0,0,0,0,0,0,0,0,0,0
0,0,0,0,0,0,0,0,0,0,0,0,0,0,0,0,0,0,0,0,0,0,0,0,0,0,0,0,0,0,0,0,0,0,0,0,0,0,0,0,0,0,0,0,0,0,0,0,0,0,0,0,0,0,0,0,0,0,0,0,0,0,0,0,0,0,0,0,0,0,0,0,0,0,0,0,0,0,0,0,0,0,0,0,0,0,0,0,0,0,0,0,0,0,0,0,0,0,0,0,0,0,0,0,0,0,0,0,0,0,0,0,0,0,0,0,0,0,0,0,0,0,0,0,0,0,0,0,0,0,0,0,0,0,0,0,0,0,0,0,0,0,0,0,0,0,0,0,0,0,0,0,0,62,173,253,254,253,193,152,41,0,0,0,0,0,0,0,0,0,0,0,0,0,0,0,0,0,0,0,62,203,253,252,253,252,253,252,243,162,0,0,0,0,0,0,0,0,0,0,0,0,0,0,0,0,0,82,254,253,244,162,123,223,254,253,234,253,123,0,0,0,0,0,0,0,0,0,0,0,0,0,0,0,0,203,253,212,40,0,0,20,112,111,71,252,243,40,0,0,0,0,0,0,0,0,0,0,0,0,0,0,52,233,244,81,0,0,0,0,0,0,0,41,255,213,0,0,0,0,0,0,0,0,0,0,0,0,0,0,152,252,203,0,0,0,0,0,0,0,0,0,172,252,0,0,0,0,0,0,0,0,0,0,0,0,0,21,254,253,142,0,0,0,0,0,0,0,0,0,153,253,0,0,0,0,0,0,0,0,0,0,0,0,0,183,253,212,20,0,0,0,0,0,0,0,0,0,233,252,0,0,0,0,0,0,0,0,0,0,0,0,0,203,254,151,0,0,0,0,0,0,0,0,0,82,254,192,0,0,0,0,0,0,0,0,0,0,0,0,41,243,253,111,0,0,0,0,0,0,0,0,0,203,253,151,0,0,0,0,0,0,0,0,0,0,0,0,113,253,244,40,0,0,0,0,0,0,0,0,51,233,224,20,0,0,0,0,0,0,0,0,0,0,0,0,233,252,162,0,0,0,0,0,0,0,0,0,233,252,122,0,0,0,0,0,0,0,0,0,0,0,0,0,254,253,102,0,0,0,0,0,0,0,0,123,254,233,0,0,0,0,0,0,0,0,0,0,0,0,0,0,253,252,102,0,0,0,0,0,0,0,41,243,253,70,0,0,0,0,0,0,0,0,0,0,0,0,0,0,254,253,102,0,0,0,0,0,0,62,214,253,123,0,0,0,0,0,0,0,0,0,0,0,0,0,0,0,253,252,102,0,0,0,0,0,62,203,253,130,0,0,0,0,0,0,0,0,0,0,0,0,0,0,0,0,132,253,214,10,0,0,0,82,214,253,163,0,0,0,0,0,0,0,0,0,0,0,0,0,0,0,0,0,31,232,253,91,0,0,123,243,253,130,0,0,0,0,0,0,0,0,0,0,0,0,0,0,0,0,0,0,0,183,255,253,214,253,254,233,82,0,0,0,0,0,0,0,0,0,0,0,0,0,0,0,0,0,0,0,0,20,112,232,253,252,151,50,0,0,0,0,0,0,0,0,0,0,0,0,0,0,0,0,0,0,0,0,0,0,0,0,0,0,0,0,0,0,0,0,0,0,0,0,0,0,0,0,0,0,0,0,0,0,0,0,0,0,0,0,0,0,0,0,0,0,0,0,0,0,0,0,0,0,0,0,0,0,0,0,0,0,0,0,0,0,0,0,0,0,0,0,0,0,0,0,0,0,0,0,0,0,0,0,0
6,0,0,0,0,0,0,0,0,0,0,0,0,0,0,0,0,0,0,0,0,0,0,0,0,0,0,0,0,0,0,0,0,0,0,0,0,0,0,0,0,0,0,0,0,0,0,0,0,0,0,0,0,0,0,0,0,0,0,0,0,0,0,0,0,0,0,0,0,0,0,0,0,132,253,102,0,0,0,0,0,0,0,0,0,0,0,0,0,0,0,0,0,0,0,0,0,0,0,0,0,253,252,102,0,0,0,0,0,0,0,0,0,0,0,0,0,0,0,0,0,0,0,0,0,0,0,31,233,203,0,0,0,0,0,0,0,0,0,0,0,0,0,0,0,0,0,0,0,0,0,0,0,0,0,173,252,81,0,0,0,0,0,0,0,0,0,0,0,0,0,0,0,0,0,0,0,0,0,0,0,0,102,254,233,0,0,0,0,0,0,0,0,0,0,0,0,0,0,0,0,0,0,0,0,0,0,0,0,21,203,233,50,0,0,0,0,0,0,0,0,0,0,0,0,0,0,0,0,0,0,0,0,0,0,0,0,173,253,183,0,0,0,0,0,0,0,0,0,0,0,0,0,0,0,0,0,0,0,0,0,0,0,0,41,253,252,20,0,0,0,0,0,0,0,0,0,0,0,0,0,0,0,0,0,0,0,0,0,0,0,0,203,254,131,0,0,0,0,0,0,0,0,0,0,0,0,0,0,0,0,0,0,0,0,0,0,0,0,82,243,172,10,0,0,0,0,102,102,82,0,0,0,0,0,0,0,0,0,0,0,0,0,0,0,0,0,254,253,82,0,0,0,152,233,254,253,254,172,0,0,0,0,0,0,0,0,0,0,0,0,0,0,0,82,253,212,0,0,21,183,253,171,151,111,172,252,82,0,0,0,0,0,0,0,0,0,0,0,0,0,31,233,254,50,0,82,214,172,41,0,0,0,0,203,203,0,0,0,0,0,0,0,0,0,0,0,0,0,51,252,233,30,123,243,172,10,0,0,0,0,41,243,162,0,0,0,0,0,0,0,0,0,0,0,0,0,52,253,203,123,254,192,0,0,0,0,0,0,132,253,0,0,0,0,0,0,0,0,0,0,0,0,0,0,51,252,223,223,253,111,0,0,0,0,0,82,253,130,0,0,0,0,0,0,0,0,0,0,0,0,0,0,41,243,255,253,203,0,0,0,0,41,132,253,123,0,0,0,0,0,0,0,0,0,0,0,0,0,0,0,0,81,253,252,243,162,0,82,163,243,253,212,0,0,0,0,0,0,0,0,0,0,0,0,0,0,0,0,0,0,82,243,254,253,254,253,254,233,102,20,0,0,0,0,0,0,0,0,0,0,0,0,0,0,0,0,0,0,0,40,112,151,213,252,213,30,0,0,0,0,0,0,0,0,0,0,0,0,0,0,0,0,0,0,0,0,0,0,0,0,0,0,0,0,0,0,0,0,0,0,0,0,0,0,0,0,0,0,0,0,0,0,0,0,0,0,0,0,0,0,0,0,0,0,0,0,0,0,0,0,0,0,0,0,0,0,0,0,0,0,0,0,0,0,0,0,0,0,0,0,0,0,0,0,0,0,0,0,0,0,0,0,0,0,0,0,0,0,0,0,0,0,0,0,0,0,0,0,0,0,0,0,0,0,0,0,0,0,0,0,0,0,0,0,0,0,0,0,0,0,0,0,0,0,0,0,0,0,0,0,0,0,0,0,0,0,0,0,0,0,0,0,0,0,0,0,0,0,0,0,0,0,0,0,0,0,0,0,0,0,0,0,0,0
4,0,0,0,0,0,0,0,0,0,0,0,0,0,0,0,0,0,0,0,0,0,0,0,0,0,0,0,0,0,0,0,0,0,0,0,0,0,0,0,0,0,0,0,0,0,0,0,0,0,0,0,0,0,0,0,0,0,0,0,0,0,0,0,0,0,0,0,0,0,0,0,0,0,0,0,0,0,0,0,0,0,0,0,0,0,0,0,0,0,0,0,0,0,0,0,0,0,0,0,0,0,0,0,0,0,0,0,0,0,0,0,0,0,0,0,0,0,0,0,0,0,0,0,0,0,0,0,0,0,0,0,0,0,0,0,0,0,0,0,0,0,0,0,0,0,0,0,0,0,0,0,0,0,0,0,0,0,0,0,0,0,0,0,0,0,0,0,0,0,0,0,0,0,0,0,0,0,0,0,0,0,0,3,101,227,111,2,0,3,118,255,255,35,0,0,0,0,0,0,0,0,0,0,0,0,0,0,0,0,32,170,253,253,253,23,19,117,253,244,125,14,0,0,0,0,0,0,0,0,0,0,0,0,0,0,0,110,217,253,253,237,156,31,156,253,243,94,0,0,0,0,0,0,0,0,0,0,0,0,0,0,0,25,176,251,253,253,176,45,0,201,253,245,94,0,0,0,0,0,0,0,0,0,0,0,0,0,0,0,25,202,253,253,245,145,14,0,34,239,253,182,0,0,0,0,0,0,0,0,0,0,0,0,0,0,0,23,203,253,253,201,78,0,0,33,217,253,193,12,0,0,0,0,0,0,0,0,0,0,0,0,0,0,0,166,253,253,143,66,0,0,0,80,253,253,121,0,0,0,0,0,0,0,0,0,0,0,0,0,0,0,20,217,253,203,13,0,0,0,6,201,253,243,5,0,0,0,0,0,0,0,0,0,0,0,0,0,0,0,14,202,253,220,38,0,0,0,134,253,253,67,0,0,0,0,0,0,0,0,0,0,0,0,0,0,0,0,0,77,238,253,221,120,54,57,231,253,231,18,0,0,0,0,0,0,0,0,0,0,0,0,0,0,0,0,0,0,77,203,253,253,248,232,253,253,68,0,0,0,0,0,0,0,0,0,0,0,0,0,0,0,0,0,0,0,0,15,145,249,253,253,253,253,175,95,2,0,0,0,0,0,0,0,0,0,0,0,0,0,0,0,0,0,0,0,0,83,253,253,253,253,253,253,165,0,0,0,0,0,0,0,0,0,0,0,0,0,0,0,0,0,0,0,0,67,253,251,131,41,124,124,7,0,0,0,0,0,0,0,0,0,0,0,0,0,0,0,0,0,0,0,0,125,253,198,0,0,0,0,0,0,0,0,0,0,0,0,0,0,0,0,0,0,0,0,0,0,0,0,20,204,238,33,0,0,0,0,0,0,0,0,0,0,0,0,0,0,0,0,0,0,0,0,0,0,0,0,192,253,199,0,0,0,0,0,0,0,0,0,0,0,0,0,0,0,0,0,0,0,0,0,0,0,0,30,234,210,23,0,0,0,0,0,0,0,0,0,0,0,0,0,0,0,0,0,0,0,0,0,0,0,0,89,253,129,0,0,0,0,0,0,0,0,0,0,0,0,0,0,0,0,0,0,0,0,0,0,0,0,0,199,203,14,0,0,0,0,0,0,0,0,0,0,0,0,0,0,0,0,0,0,0,0,0,0,0,0,0,0,0,0,0,0,0,0,0,0,0,0,0,0,0,0,0,0,0,0,0,0,0,0,0,0,0,0,0,0,0,0,0,0,0,0,0,0,0,0,0,0,0,0,0,0,0
5,0,0,0,0,0,0,0,0,0,0,0,0,0,0,0,0,0,0,0,0,0,0,0,0,0,0,0,0,0,0,0,0,0,0,0,0,0,0,0,0,0,0,0,0,0,0,0,0,0,0,0,0,0,0,0,0,0,0,0,0,0,0,0,0,0,0,0,0,0,0,0,0,0,0,0,0,0,0,0,0,0,0,0,0,0,0,0,0,0,0,0,0,0,0,0,0,0,0,0,0,0,0,0,0,0,0,0,0,0,0,0,0,0,0,0,0,0,0,0,0,0,0,0,0,0,0,0,0,0,0,0,0,0,0,0,0,0,0,0,0,0,0,0,0,0,0,0,0,0,0,0,0,0,0,0,0,0,0,0,0,0,0,0,0,0,0,0,0,0,0,0,0,0,0,0,0,0,0,0,0,0,0,0,0,0,0,0,0,0,0,0,0,0,0,0,0,0,0,0,0,0,0,0,0,0,0,0,0,0,0,0,0,0,0,0,0,0,0,0,0,0,0,0,0,0,0,0,0,0,0,0,0,0,0,0,0,0,0,0,0,0,0,0,0,0,0,102,142,203,203,0,0,0,0,0,0,0,0,0,0,0,0,0,0,0,0,214,131,52,132,152,152,254,253,255,253,255,253,0,0,0,0,0,0,0,0,0,0,0,0,0,0,21,183,253,252,253,252,253,252,253,252,253,252,253,171,0,0,0,0,0,0,0,0,0,0,0,0,0,0,132,253,254,213,203,162,102,102,41,0,0,82,102,20,0,0,0,0,0,0,0,0,0,0,0,0,0,123,253,252,172,10,0,0,0,0,0,0,0,0,0,0,0,0,0,0,0,0,0,0,0,0,0,0,132,253,254,253,234,30,0,0,0,0,0,0,0,0,0,0,0,0,0,0,0,0,0,0,0,0,21,183,253,252,253,252,253,131,0,0,0,0,0,0,0,0,0,0,0,0,0,0,0,0,0,0,51,152,52,253,254,233,203,243,254,151,0,0,0,0,0,0,0,0,0,0,0,0,0,0,0,0,0,0,193,252,132,131,131,30,21,223,253,111,0,0,0,0,0,0,0,0,0,0,0,0,0,0,0,0,0,0,254,253,123,0,0,0,72,253,254,50,0,0,0,0,0,0,0,0,0,0,0,0,0,0,0,0,0,0,253,252,41,0,21,142,233,252,172,10,0,0,0,0,0,0,0,0,0,0,0,0,0,0,0,0,0,0,254,253,132,173,254,253,244,162,0,0,0,0,0,0,0,0,0,0,0,0,0,0,0,0,0,0,0,0,213,252,253,252,253,212,81,0,0,0,0,0,0,0,0,0,0,0,0,0,0,0,0,0,0,0,0,0,21,183,203,162,41,0,0,0,0,0,0,0,0,0,0,0,0,0,0,0,0,0,0,0,0,0,0,0,0,0,0,0,0,0,0,0,0,0,0,0,0,0,0,0,0,0,0,0,0,0,0,0,0,0,0,0,0,0,0,0,0,0,0,0,0,0,0,0,0,0,0,0,0,0,0,0,0,0,0,0,0,0,0,0,0,0,0,0,0,0,0,0,0,0,0,0,0,0,0,0,0,0,0,0,0,0,0,0,0,0,0,0,0,0,0,0,0,0,0,0,0,0,0,0,0,0,0,0,0,0,0,0,0,0,0,0,0,0,0,0,0,0,0,0,0,0,0,0,0,0,0,0,0,0,0,0,0,0,0,0,0,0,0,0,0,0,0,0,0,0,0,0,0,0,0,0,0,0,0,0,0,0,0,0,0,0,0,0,0,0
3,0,0,0,0,0,0,0,0,0,0,0,0,0,0,0,0,0,0,0,0,0,0,0,0,0,0,0,0,0,0,0,0,0,0,0,0,0,0,0,0,0,0,0,0,0,0,0,0,0,0,0,0,0,0,0,0,0,0,0,0,0,0,0,0,0,0,0,0,0,0,0,0,0,0,0,0,0,0,0,0,0,0,0,0,0,0,0,0,0,0,0,0,0,0,0,0,0,0,0,0,0,0,0,0,0,0,0,0,0,0,0,0,0,0,0,0,0,0,0,0,0,0,0,0,0,0,0,0,0,0,0,0,0,0,0,0,0,0,0,0,0,0,0,0,0,0,0,0,64,128,128,191,191,128,191,255,255,255,191,64,0,0,0,0,0,0,0,0,0,0,0,0,0,0,0,191,255,255,255,255,255,255,255,255,255,255,255,255,64,0,0,0,0,0,0,0,0,0,0,0,0,0,0,255,255,255,255,255,255,255,255,255,255,255,255,255,128,0,0,0,0,0,0,0,0,0,0,0,0,0,0,191,255,128,128,128,0,0,0,191,255,255,255,255,0,0,0,0,0,0,0,0,0,0,0,0,0,0,0,0,0,0,0,0,0,128,255,255,255,255,255,191,0,0,0,0,0,0,0,0,0,0,0,0,0,0,0,0,0,0,64,191,255,255,255,255,255,255,64,0,0,0,0,0,0,0,0,0,0,0,0,0,0,0,0,0,128,255,255,255,255,255,255,255,128,0,0,0,0,0,0,0,0,0,0,0,0,0,0,0,0,0,0,191,255,255,255,255,255,255,255,255,64,0,0,0,0,0,0,0,0,0,0,0,0,0,0,0,0,0,0,191,255,255,255,255,255,255,255,255,191,0,0,0,0,0,0,0,0,0,0,0,0,0,0,0,0,0,0,64,128,0,0,0,0,191,255,255,255,191,0,0,0,0,0,0,0,0,0,0,0,0,0,0,0,0,0,0,0,0,0,0,0,0,191,255,255,255,191,0,0,0,0,0,0,0,0,0,0,0,0,0,0,0,0,0,0,0,0,0,0,0,0,191,255,255,255,128,0,0,0,0,0,0,0,0,0,0,0,0,0,0,0,0,0,0,0,0,0,0,0,0,191,255,255,255,64,0,0,0,0,0,0,0,0,0,0,0,0,0,0,0,0,0,0,0,0,0,0,0,0,191,255,255,128,0,0,0,0,0,0,0,0,0,0,0,0,0,0,0,0,0,0,0,0,0,0,0,0,128,255,255,255,0,0,0,0,0,0,0,0,0,0,0,0,0,0,0,64,128,64,0,0,0,0,0,0,128,255,255,255,0,0,0,0,0,0,0,0,0,0,0,0,0,0,0,191,255,255,255,128,64,64,128,128,255,255,255,191,0,0,0,0,0,0,0,0,0,0,0,0,0,0,0,255,255,255,255,255,255,255,255,255,255,255,255,64,0,0,0,0,0,0,0,0,0,0,0,0,0,0,0,64,255,255,255,255,255,255,255,255,255,255,64,0,0,0,0,0,0,0,0,0,0,0,0,0,0,0,0,0,0,128,191,255,255,255,255,191,191,0,0,0,0,0,0,0,0,0,0,0,0,0,0,0,0,0,0,0,0,0,0,0,0,0,0,0,0,0,0,0,0,0,0,0,0,0,0,0,0,0,0,0,0,0,0,0,0,0,0,0,0,0,0,0,0,0,0,0,0,0,0,0,0,0,0,0,0,0,0,0,0,0,0,0,0,0,0,0,0,0,0,0,0,0,0,0,0,0,0,0,0,0,0
1,0,0,0,0,0,0,0,0,0,0,0,0,0,0,0,0,0,0,0,0,0,0,0,0,0,0,0,0,0,0,0,0,0,0,0,0,0,0,0,0,0,0,0,0,0,0,0,0,0,0,0,0,0,0,0,0,0,0,0,0,0,0,0,0,0,0,0,0,0,0,0,0,0,0,0,0,0,0,0,0,0,0,0,0,0,0,0,0,0,0,0,0,0,0,0,0,0,0,0,0,0,0,0,0,0,0,0,0,0,0,0,0,0,0,0,0,0,0,0,0,0,0,0,0,0,0,0,0,195,161,13,0,0,0,0,0,0,0,0,0,0,0,0,0,0,0,0,0,0,0,0,0,0,0,0,90,251,253,30,0,0,0,0,0,0,0,0,0,0,0,0,0,0,0,0,0,0,0,0,0,0,0,0,139,253,237,19,0,0,0,0,0,0,0,0,0,0,0,0,0,0,0,0,0,0,0,0,0,0,0,15,230,253,151,0,0,0,0,0,0,0,0,0,0,0,0,0,0,0,0,0,0,0,0,0,0,0,0,97,253,253,68,0,0,0,0,0,0,0,0,0,0,0,0,0,0,0,0,0,0,0,0,0,0,0,0,157,254,243,18,0,0,0,0,0,0,0,0,0,0,0,0,0,0,0,0,0,0,0,0,0,0,0,18,241,253,159,0,0,0,0,0,0,0,0,0,0,0,0,0,0,0,0,0,0,0,0,0,0,0,0,75,254,253,85,0,0,0,0,0,0,0,0,0,0,0,0,0,0,0,0,0,0,0,0,0,0,0,0,145,254,242,12,0,0,0,0,0,0,0,0,0,0,0,0,0,0,0,0,0,0,0,0,0,0,0,40,250,254,128,0,0,0,0,0,0,0,0,0,0,0,0,0,0,0,0,0,0,0,0,0,0,0,0,76,254,255,67,0,0,0,0,0,0,0,0,0,0,0,0,0,0,0,0,0,0,0,0,0,0,0,8,212,253,189,8,0,0,0,0,0,0,0,0,0,0,0,0,0,0,0,0,0,0,0,0,0,0,0,20,253,253,145,0,0,0,0,0,0,0,0,0,0,0,0,0,0,0,0,0,0,0,0,0,0,0,0,126,253,253,62,0,0,0,0,0,0,0,0,0,0,0,0,0,0,0,0,0,0,0,0,0,0,0,0,230,253,209,0,0,0,0,0,0,0,0,0,0,0,0,0,0,0,0,0,0,0,0,0,0,0,0,43,250,254,170,0,0,0,0,0,0,0,0,0,0,0,0,0,0,0,0,0,0,0,0,0,0,0,0,139,253,253,87,0,0,0,0,0,0,0,0,0,0,0,0,0,0,0,0,0,0,0,0,0,0,0,0,209,253,224,11,0,0,0,0,0,0,0,0,0,0,0,0,0,0,0,0,0,0,0,0,0,0,0,6,217,253,151,0,0,0,0,0,0,0,0,0,0,0,0,0,0,0,0,0,0,0,0,0,0,0,0,30,253,253,68,0,0,0,0,0,0,0,0,0,0,0,0,0,0,0,0,0,0,0,0,0,0,0,0,0,0,0,0,0,0,0,0,0,0,0,0,0,0,0,0,0,0,0,0,0,0,0,0,0,0,0,0,0,0,0,0,0,0,0,0,0,0,0,0,0,0,0,0,0,0,0,0,0,0,0,0,0,0,0,0,0,0,0,0,0,0,0,0,0,0,0,0,0,0,0,0,0,0,0,0,0,0,0,0,0,0,0,0,0,0,0,0,0,0,0,0,0,0,0,0,0,0,0,0,0,0,0
5,0,0,0,0,0,0,0,0,0,0,0,0,0,0,0,0,0,0,0,0,0,0,0,0,0,0,0,0,0,0,0,0,0,0,0,0,0,0,0,0,0,0,0,0,0,0,0,0,0,0,0,0,0,0,0,0,0,0,0,0,0,0,0,0,0,0,0,0,0,0,0,0,0,0,0,0,0,0,0,0,0,0,0,0,0,0,0,0,0,0,0,0,0,0,0,0,0,0,0,0,0,0,0,0,0,0,0,0,0,0,0,0,0,0,0,0,0,0,0,0,0,0,0,0,0,0,0,0,0,0,0,0,0,0,0,0,0,0,0,0,0,0,0,0,0,0,77,254,255,251,165,109,77,10,0,0,0,0,0,121,165,59,0,0,0,0,0,0,0,0,0,0,0,0,73,244,254,254,254,254,254,243,241,241,241,241,241,253,254,222,0,0,0,0,0,0,0,0,0,0,0,0,27,236,254,235,204,253,254,254,254,254,254,254,254,254,228,121,0,0,0,0,0,0,0,0,0,0,0,0,50,254,250,103,0,39,40,40,40,109,128,128,128,79,20,0,0,0,0,0,0,0,0,0,0,0,0,0,89,254,231,0,0,0,0,0,0,0,0,0,0,0,0,0,0,0,0,0,0,0,0,0,0,0,0,0,138,254,231,0,0,0,0,0,0,0,0,0,0,0,0,0,0,0,0,0,0,0,0,0,0,0,0,0,138,254,231,0,0,0,0,0,0,0,0,0,0,0,0,0,0,0,0,0,0,0,0,0,0,0,0,0,163,254,253,184,161,161,161,161,161,154,71,0,0,0,0,0,0,0,0,0,0,0,0,0,0,0,0,0,228,254,254,254,254,254,254,254,254,254,253,237,96,5,0,0,0,0,0,0,0,0,0,0,0,0,0,0,212,254,250,206,120,120,120,120,120,189,241,254,254,156,7,0,0,0,0,0,0,0,0,0,0,0,0,0,91,147,122,0,0,0,0,0,0,0,32,132,253,254,109,0,0,0,0,0,0,0,0,0,0,0,0,0,0,0,0,0,0,0,0,0,0,0,0,0,208,254,210,21,0,0,0,0,0,0,0,0,0,0,0,0,0,0,0,0,0,0,0,0,0,0,0,0,123,253,254,82,0,0,0,0,0,0,0,0,0,0,0,0,0,0,0,0,0,0,0,0,0,0,0,0,0,232,254,166,0,0,0,0,0,0,0,0,0,0,0,0,0,0,0,0,0,19,5,0,0,0,0,0,0,232,254,227,0,0,0,0,0,0,0,0,0,0,0,0,0,0,0,0,48,237,213,18,0,0,0,0,0,232,254,176,0,0,0,0,0,0,0,0,0,0,0,0,0,0,0,0,100,254,254,59,0,0,0,0,11,236,254,137,0,0,0,0,0,0,0,0,0,0,0,0,0,0,0,0,125,234,254,245,194,79,27,27,181,254,254,128,0,0,0,0,0,0,0,0,0,0,0,0,0,0,0,0,0,18,165,243,254,254,254,254,254,254,187,12,0,0,0,0,0,0,0,0,0,0,0,0,0,0,0,0,0,0,0,14,118,233,254,254,254,184,37,0,0,0,0,0,0,0,0,0,0,0,0,0,0,0,0,0,0,0,0,0,0,0,0,0,0,0,0,0,0,0,0,0,0,0,0,0,0,0,0,0,0,0,0,0,0,0,0,0,0,0,0,0,0,0,0,0,0,0,0,0,0,0,0,0,0,0,0,0,0,0,0,0,0,0,0,0,0,0,0,0,0,0,0,0,0,0,0,0,0,0
3,0,0,0,0,0,0,0,0,0,0,0,0,0,0,0,0,0,0,0,0,0,0,0,0,0,0,0,0,0,0,0,0,0,0,0,0,0,0,0,0,0,0,0,0,0,0,0,0,0,0,0,0,0,0,0,0,0,0,0,0,0,0,0,0,0,0,0,0,0,0,0,0,0,0,0,0,0,0,0,0,0,0,0,0,0,0,0,0,0,0,0,0,0,0,0,0,0,0,0,0,0,0,0,0,0,0,0,0,0,0,0,0,0,0,0,0,0,0,0,0,0,0,0,0,0,0,0,0,0,0,0,0,0,0,0,0,0,0,0,0,0,0,0,0,0,0,0,0,0,0,0,0,0,0,0,0,0,0,0,0,0,0,0,0,0,0,0,0,0,0,0,0,0,0,38,63,63,83,158,158,158,237,255,238,155,63,6,0,0,0,0,0,0,0,0,0,0,0,0,0,0,91,241,254,254,254,254,254,254,254,254,254,254,254,154,0,0,0,0,0,0,0,0,0,0,0,0,0,11,212,254,254,254,254,254,189,214,179,162,212,254,254,215,0,0,0,0,0,0,0,0,0,0,0,0,0,0,165,254,248,163,44,4,2,3,1,0,45,254,254,193,0,0,0,0,0,0,0,0,0,0,0,0,0,0,49,192,208,0,0,0,0,0,0,37,179,254,254,38,0,0,0,0,0,0,0,0,0,0,0,0,0,0,0,0,0,0,0,0,0,0,113,204,254,254,229,16,0,0,0,0,0,0,0,0,0,0,0,0,0,0,0,0,0,0,0,0,0,49,234,254,254,168,7,0,0,0,0,0,0,0,0,0,0,0,0,0,0,0,0,0,0,0,0,0,0,144,254,254,254,176,14,0,0,0,0,0,0,0,0,0,0,0,0,0,0,0,0,0,0,0,0,0,0,144,254,254,254,254,232,79,0,0,0,0,0,0,0,0,0,0,0,0,0,0,0,0,0,0,0,0,0,26,74,138,232,254,254,251,72,0,0,0,0,0,0,0,0,0,0,0,0,0,0,0,0,0,0,0,0,0,0,0,43,147,249,254,231,11,0,0,0,0,0,0,0,0,0,0,0,0,0,0,0,0,0,0,0,0,0,0,0,0,54,238,254,186,0,0,0,0,0,0,0,0,0,0,0,0,0,0,0,0,0,0,0,0,0,0,0,0,0,141,254,186,0,0,0,0,0,0,0,0,0,0,0,0,0,0,0,0,0,0,0,0,0,0,0,0,0,134,254,186,0,0,0,0,0,0,0,0,0,0,0,0,0,0,0,0,0,0,0,0,0,0,0,0,0,162,254,186,0,0,0,0,0,0,0,0,0,0,0,0,0,0,0,0,0,0,0,0,0,0,0,0,90,243,254,172,0,0,0,0,0,0,0,0,0,0,0,0,0,0,0,0,0,0,0,0,0,0,0,121,234,254,212,21,0,0,0,0,0,0,0,0,0,0,0,0,0,16,68,19,0,0,0,0,0,0,79,235,254,243,76,0,0,0,0,0,0,0,0,0,0,0,0,0,0,192,254,131,14,0,11,34,118,226,252,254,244,78,0,0,0,0,0,0,0,0,0,0,0,0,0,0,0,250,254,254,217,192,212,254,254,254,254,213,77,0,0,0,0,0,0,0,0,0,0,0,0,0,0,0,0,0,0,0,0,0,0,0,0,0,0,0,0,0,0,0,0,0,0,0,0,0,0,0,0,0,0,0,0,0,0,0,0,0,0,0,0,0,0,0,0,0,0,0,0,0,0,0,0,0,0
3,0,0,0,0,0,0,0,0,0,0,0,0,0,0,0,0,0,0,0,0,0,0,0,0,0,0,0,0,0,0,0,0,0,0,0,0,0,0,0,0,0,0,0,0,0,0,0,0,0,0,0,0,0,0,0,0,0,0,0,0,0,0,0,0,0,0,0,0,0,0,0,0,0,0,0,0,0,0,0,0,0,0,0,0,0,0,0,0,0,0,0,0,0,0,0,0,0,0,0,0,0,0,0,0,0,0,0,0,0,0,0,0,0,0,0,0,0,0,0,0,0,0,0,0,19,87,161,161,254,203,161,69,0,0,0,0,0,0,0,0,0,0,0,0,0,0,0,0,0,0,47,138,237,253,253,253,207,249,253,211,68,0,0,0,0,0,0,0,0,0,0,0,0,0,0,0,7,125,245,253,247,213,129,46,0,42,173,253,216,11,0,0,0,0,0,0,0,0,0,0,0,0,0,0,70,253,253,219,50,0,0,0,0,0,116,253,228,15,0,0,0,0,0,0,0,0,0,0,0,0,0,0,26,142,167,0,0,0,0,0,0,55,237,254,160,0,0,0,0,0,0,0,0,0,0,0,0,0,0,0,0,0,0,0,0,0,0,0,130,243,253,236,42,0,0,0,0,0,0,0,0,0,0,0,0,0,0,0,0,0,3,24,116,199,132,182,254,248,187,54,0,0,0,0,0,0,0,0,0,0,0,0,0,0,0,0,0,34,191,253,254,253,253,253,254,139,0,0,0,0,0,0,0,0,0,0,0,0,0,0,0,0,0,0,0,198,254,254,254,254,197,210,254,237,88,0,0,0,0,0,0,0,0,0,0,0,0,0,0,0,0,0,0,163,253,236,182,64,4,9,169,253,234,38,0,0,0,0,0,0,0,0,0,0,0,0,0,0,0,0,0,9,46,29,0,0,0,0,55,243,253,111,0,0,0,0,0,0,0,0,0,0,0,0,0,0,0,0,0,0,0,0,0,0,0,0,0,230,253,160,0,0,0,0,0,0,0,0,0,0,0,0,0,0,0,0,0,0,0,0,0,0,0,0,0,139,254,161,0,0,0,0,0,0,0,0,0,0,0,0,0,0,0,0,0,0,0,0,0,0,0,0,0,138,253,160,0,0,0,0,0,0,0,0,0,0,0,0,0,0,0,0,0,13,99,116,116,116,108,24,24,216,253,119,0,0,0,0,0,0,0,0,0,0,0,0,0,0,0,0,119,222,253,253,254,253,253,253,254,253,253,69,0,0,0,0,0,0,0,0,0,0,0,0,0,0,32,170,255,254,197,118,68,102,191,254,254,254,254,161,0,0,0,0,0,0,0,0,0,0,0,0,0,0,116,253,228,77,51,47,47,64,182,253,254,244,206,98,0,0,0,0,0,0,0,0,0,0,0,0,0,0,108,253,254,253,253,253,254,253,253,253,214,79,0,0,0,0,0,0,0,0,0,0,0,0,0,0,0,0,7,103,161,160,236,253,254,253,244,94,25,0,0,0,0,0,0,0,0,0,0,0,0,0,0,0,0,0,0,0,0,0,0,0,0,0,0,0,0,0,0,0,0,0,0,0,0,0,0,0,0,0,0,0,0,0,0,0,0,0,0,0,0,0,0,0,0,0,0,0,0,0,0,0,0,0,0,0,0,0,0,0,0,0,0,0,0,0,0,0,0,0,0,0,0,0,0,0,0,0,0,0,0,0,0,0,0,0,0,0,0,0,0,0,0,0,0,0,0,0,0,0,0,0,0,0,0,0,0,0,0,0,0,0
8,0,0,0,0,0,0,0,0,0,0,0,0,0,0,0,0,0,0,0,0,0,0,0,0,0,0,0,0,0,0,0,0,0,0,0,0,0,0,0,0,0,0,0,0,0,0,0,0,0,0,0,0,0,0,0,0,0,0,0,0,0,0,0,0,0,0,0,0,0,0,0,0,0,0,0,0,0,0,0,0,0,0,0,0,0,0,0,0,0,0,0,0,0,0,0,0,0,0,0,0,0,0,0,0,0,0,0,0,0,0,0,0,0,0,0,0,0,0,0,0,0,0,0,0,0,0,0,0,0,0,0,0,0,0,0,0,0,0,0,0,0,0,0,0,0,0,0,0,0,0,0,0,12,46,172,255,254,77,11,96,136,29,0,0,0,0,0,0,0,0,0,0,0,0,0,0,0,0,1,47,217,253,253,253,253,154,163,253,253,53,0,0,0,0,0,0,0,0,0,0,0,0,0,0,0,23,168,253,253,253,237,156,82,119,253,253,253,53,0,0,0,0,0,0,0,0,0,0,0,0,0,0,67,216,253,253,253,203,72,0,0,249,253,253,205,14,0,0,0,0,0,0,0,0,0,0,0,0,0,100,223,253,253,245,91,14,0,0,133,252,253,253,92,0,0,0,0,0,0,0,0,0,0,0,0,0,23,216,253,253,251,78,0,0,0,85,251,253,253,253,70,0,0,0,0,0,0,0,0,0,0,0,0,0,166,253,253,253,21,0,0,0,2,154,253,253,253,252,69,0,0,0,0,0,0,0,0,0,0,0,0,0,160,253,253,253,144,24,9,0,143,253,253,247,112,91,0,0,0,0,0,0,0,0,0,0,0,0,0,0,54,253,253,253,253,253,194,160,232,253,253,243,18,0,0,0,0,0,0,0,0,0,0,0,0,0,0,0,41,211,253,253,253,253,253,253,253,253,253,253,106,0,0,0,0,0,0,0,0,0,0,0,0,0,0,0,0,17,59,59,171,219,253,253,253,253,253,208,25,0,0,0,0,0,0,0,0,0,0,0,0,0,0,0,0,0,0,0,0,142,253,253,253,253,253,233,133,0,0,0,0,0,0,0,0,0,0,0,0,0,0,0,0,0,0,0,0,142,253,253,253,159,141,251,251,132,0,0,0,0,0,0,0,0,0,0,0,0,0,0,0,0,0,0,3,194,253,253,172,1,0,249,253,252,129,0,0,0,0,0,0,0,0,0,0,0,0,0,0,0,0,0,32,207,253,205,25,0,0,249,253,253,174,0,0,0,0,0,0,0,0,0,0,0,0,0,0,0,0,0,243,253,226,27,0,40,155,252,253,244,57,0,0,0,0,0,0,0,0,0,0,0,0,0,0,0,0,0,212,253,222,66,156,242,253,253,253,175,0,0,0,0,0,0,0,0,0,0,0,0,0,0,0,0,0,0,86,253,253,253,253,253,253,253,136,19,0,0,0,0,0,0,0,0,0,0,0,0,0,0,0,0,0,0,6,253,253,253,253,253,209,93,15,0,0,0,0,0,0,0,0,0,0,0,0,0,0,0,0,0,0,0,1,95,253,253,162,91,10,0,0,0,0,0,0,0,0,0,0,0,0,0,0,0,0,0,0,0,0,0,0,0,0,0,0,0,0,0,0,0,0,0,0,0,0,0,0,0,0,0,0,0,0,0,0,0,0,0,0,0,0,0,0,0,0,0,0,0,0,0,0,0,0,0,0,0,0,0,0,0,0,0,0,0,0,0,0,0,0,0,0,0,0,0,0,0,0,0,0,0,0,0,0,0
9,0,0,0,0,0,0,0,0,0,0,0,0,0,0,0,0,0,0,0,0,0,0,0,0,0,0,0,0,0,0,0,0,0,0,0,0,0,0,0,0,0,0,0,0,0,0,0,0,0,0,0,0,0,0,0,0,0,0,0,0,0,0,0,0,0,0,0,0,0,0,0,0,0,0,0,0,0,0,0,0,0,0,0,0,0,0,0,0,0,0,0,0,0,0,0,0,0,0,0,0,0,0,0,0,0,0,0,0,0,0,0,0,0,0,0,0,0,0,0,0,0,0,0,0,0,0,0,0,0,0,0,0,0,0,0,0,0,0,0,0,0,0,0,0,0,0,0,0,0,0,0,0,0,0,0,0,0,0,0,0,0,0,0,0,0,0,0,0,0,0,0,0,0,0,0,0,0,0,0,0,0,0,0,0,0,0,0,0,0,0,0,0,0,0,0,0,0,0,0,0,0,0,0,0,0,128,255,255,191,255,191,128,64,0,0,0,0,0,0,0,0,0,0,0,0,0,0,0,0,0,0,0,128,255,255,255,255,255,255,255,191,128,0,0,0,0,0,0,0,0,0,0,0,0,0,0,0,0,0,128,255,255,255,255,255,255,255,255,255,128,0,64,0,0,0,0,0,0,0,0,0,0,0,0,0,0,0,255,255,255,64,255,255,191,255,255,255,255,255,255,128,0,0,0,0,0,0,0,0,0,0,0,0,0,191,255,255,128,0,64,0,0,0,191,255,255,255,255,255,0,0,0,0,0,0,0,0,0,0,0,0,0,255,255,255,0,0,0,0,0,0,64,255,255,255,255,255,0,0,0,0,0,0,0,0,0,0,0,0,0,255,255,255,128,64,0,0,0,0,64,255,255,255,255,191,0,0,0,0,0,0,0,0,0,0,0,0,0,255,255,255,255,255,128,128,128,255,191,255,255,255,255,128,0,0,0,0,0,0,0,0,0,0,0,0,0,191,255,255,255,255,255,255,255,255,255,255,255,255,255,64,0,0,0,0,0,0,0,0,0,0,0,0,0,0,191,255,255,255,255,255,255,255,255,255,255,255,255,128,0,0,0,0,0,0,0,0,0,0,0,0,0,0,64,191,255,255,255,255,191,255,255,128,191,255,255,128,0,0,0,0,0,0,0,0,0,0,0,0,0,0,0,0,128,0,128,128,0,0,0,0,128,255,255,191,0,0,0,0,0,0,0,0,0,0,0,0,0,0,0,0,0,0,0,0,0,0,0,0,128,255,255,128,0,0,0,0,0,0,0,0,0,0,0,0,0,0,0,0,0,0,0,0,0,0,0,0,0,255,255,255,0,0,0,0,0,0,0,0,0,0,0,0,0,0,0,0,0,0,0,0,0,0,0,0,0,255,255,255,0,0,0,0,0,0,0,0,0,0,0,0,0,0,0,0,0,0,0,0,0,0,0,0,0,255,255,255,64,0,0,0,0,0,0,0,0,0,0,0,0,0,0,0,0,0,0,0,0,0,0,0,0,128,255,255,255,0,0,0,0,0,0,0,0,0,0,0,0,0,0,0,0,0,0,0,0,0,0,0,0,0,255,255,255,0,0,0,0,0,0,0,0,0,0,0,0,0,0,0,0,0,0,0,0,0,0,0,0,0,128,255,191,0,0,0,0,0,0,0,0,0,0,0,0,0,0,0,0,0,0,0,0,0,0,0,0,0,128,255,64,0,0,0,0,0,0,0,0,0,0,0,0,0,0,0,0,0,0,0,0,0,0,0,0,0,0,0,0,0,0,0,0,0,0
5,0,0,0,0,0,0,0,0,0,0,0,0,0,0,0,0,0,0,0,0,0,0,0,0,0,0,0,0,0,0,0,0,0,0,0,0,0,0,0,0,0,0,0,0,0,0,0,0,0,0,0,0,0,0,0,0,0,0,0,0,0,0,0,0,0,0,0,0,0,0,0,0,0,0,0,0,0,0,0,0,0,0,0,0,0,0,0,0,0,0,0,0,0,0,0,0,0,0,0,0,0,0,0,0,0,0,0,0,0,0,0,0,0,0,0,0,0,0,0,0,0,0,0,0,0,0,0,9,126,250,254,165,0,0,0,0,0,0,0,0,0,0,0,0,0,0,0,0,0,0,0,12,67,67,129,197,253,253,253,165,0,0,0,0,0,0,0,0,0,0,0,0,0,0,0,0,0,0,5,175,253,253,254,253,253,158,82,29,0,0,0,0,0,0,0,0,0,0,0,0,0,0,0,0,0,0,7,210,253,244,169,92,10,1,0,0,0,0,0,0,0,0,0,0,0,0,0,0,0,0,0,0,0,0,12,253,253,71,0,0,0,0,0,0,0,0,0,0,0,0,0,0,0,0,0,0,0,0,0,0,0,0,12,253,253,33,0,0,0,0,0,0,0,0,0,0,0,0,0,0,0,0,0,0,0,0,0,0,0,0,7,210,253,42,123,122,122,15,0,0,0,0,0,0,0,0,0,0,0,0,0,0,0,0,0,0,0,0,7,210,253,253,254,253,253,245,54,0,0,0,0,0,0,0,0,0,0,0,0,0,0,0,0,0,0,0,12,253,253,253,196,115,253,253,186,17,0,0,0,0,0,0,0,0,0,0,0,0,0,0,0,0,0,0,2,120,220,95,15,9,76,249,253,103,0,0,0,0,0,0,0,0,0,0,0,0,0,0,0,0,0,0,0,0,0,0,0,0,0,244,255,165,0,0,0,0,0,0,0,0,0,0,0,0,0,0,0,0,0,0,0,0,0,0,0,0,0,166,253,188,6,0,0,0,0,0,0,0,0,0,0,0,0,0,0,0,22,148,9,0,0,0,0,0,0,42,253,253,65,0,0,0,0,0,0,0,0,0,0,0,0,0,0,22,246,111,1,0,0,0,0,0,0,1,169,253,131,0,0,0,0,0,0,0,0,0,0,0,0,0,0,95,253,55,0,0,0,0,0,0,0,0,166,253,131,0,0,0,0,0,0,0,0,0,0,0,0,0,0,171,234,36,0,0,0,0,0,0,0,18,235,253,131,0,0,0,0,0,0,0,0,0,0,0,0,0,0,243,200,3,0,0,0,0,0,0,0,177,253,250,30,0,0,0,0,0,0,0,0,0,0,0,0,0,0,224,253,90,4,0,0,0,20,12,136,250,253,145,0,0,0,0,0,0,0,0,0,0,0,0,0,0,0,100,253,253,193,188,188,188,217,205,253,247,152,14,0,0,0,0,0,0,0,0,0,0,0,0,0,0,0,13,167,253,253,253,253,253,254,224,143,34,0,0,0,0,0,0,0,0,0,0,0,0,0,0,0,0,0,0,0,0,0,0,0,0,0,0,0,0,0,0,0,0,0,0,0,0,0,0,0,0,0,0,0,0,0,0,0,0,0,0,0,0,0,0,0,0,0,0,0,0,0,0,0,0,0,0,0,0,0,0,0,0,0,0,0,0,0,0,0,0,0,0,0,0,0,0,0,0,0,0,0,0,0,0,0,0,0,0,0,0,0,0,0,0,0,0,0,0,0,0,0,0,0,0,0,0,0,0,0,0,0,0
1,0,0,0,0,0,0,0,0,0,0,0,0,0,0,0,0,0,0,0,0,0,0,0,0,0,0,0,0,0,0,0,0,0,0,0,0,0,0,0,0,0,0,0,0,0,0,0,0,0,0,0,0,0,0,0,0,0,0,0,0,0,0,0,0,0,0,0,0,0,0,0,0,0,0,0,0,0,0,0,0,0,0,0,0,0,0,0,0,0,0,0,0,0,0,0,0,0,0,0,0,0,0,0,0,0,0,0,0,0,0,0,0,0,0,0,0,0,0,0,0,0,0,0,0,0,0,0,0,0,105,145,17,0,0,0,0,0,0,0,0,0,0,0,0,0,0,0,0,0,0,0,0,0,0,0,0,17,240,240,43,0,0,0,0,0,0,0,0,0,0,0,0,0,0,0,0,0,0,0,0,0,0,0,0,141,254,65,0,0,0,0,0,0,0,0,0,0,0,0,0,0,0,0,0,0,0,0,0,0,0,0,0,215,213,16,0,0,0,0,0,0,0,0,0,0,0,0,0,0,0,0,0,0,0,0,0,0,0,0,42,242,85,0,0,0,0,0,0,0,0,0,0,0,0,0,0,0,0,0,0,0,0,0,0,0,0,3,199,254,85,0,0,0,0,0,0,0,0,0,0,0,0,0,0,0,0,0,0,0,0,0,0,0,0,6,254,249,57,0,0,0,0,0,0,0,0,0,0,0,0,0,0,0,0,0,0,0,0,0,0,0,0,116,254,168,0,0,0,0,0,0,0,0,0,0,0,0,0,0,0,0,0,0,0,0,0,0,0,0,19,224,254,40,0,0,0,0,0,0,0,0,0,0,0,0,0,0,0,0,0,0,0,0,0,0,0,0,70,254,175,1,0,0,0,0,0,0,0,0,0,0,0,0,0,0,0,0,0,0,0,0,0,0,0,2,192,252,56,0,0,0,0,0,0,0,0,0,0,0,0,0,0,0,0,0,0,0,0,0,0,0,0,96,254,226,0,0,0,0,0,0,0,0,0,0,0,0,0,0,0,0,0,0,0,0,0,0,0,0,3,183,252,62,0,0,0,0,0,0,0,0,0,0,0,0,0,0,0,0,0,0,0,0,0,0,0,0,108,254,177,0,0,0,0,0,0,0,0,0,0,0,0,0,0,0,0,0,0,0,0,0,0,0,0,0,189,255,95,0,0,0,0,0,0,0,0,0,0,0,0,0,0,0,0,0,0,0,0,0,0,0,0,131,250,187,2,0,0,0,0,0,0,0,0,0,0,0,0,0,0,0,0,0,0,0,0,0,0,0,30,222,249,59,0,0,0,0,0,0,0,0,0,0,0,0,0,0,0,0,0,0,0,0,0,0,0,0,205,254,139,0,0,0,0,0,0,0,0,0,0,0,0,0,0,0,0,0,0,0,0,0,0,0,0,43,244,188,10,0,0,0,0,0,0,0,0,0,0,0,0,0,0,0,0,0,0,0,0,0,0,0,0,17,236,70,0,0,0,0,0,0,0,0,0,0,0,0,0,0,0,0,0,0,0,0,0,0,0,0,0,0,0,0,0,0,0,0,0,0,0,0,0,0,0,0,0,0,0,0,0,0,0,0,0,0,0,0,0,0,0,0,0,0,0,0,0,0,0,0,0,0,0,0,0,0,0,0,0,0,0,0,0,0,0,0,0,0,0,0,0,0,0,0,0,0,0,0,0,0,0,0,0,0,0,0,0,0,0,0,0,0,0,0,0,0,0,0,0,0,0,0,0,0,0,0,0,0,0,0,0,0,0,0,0
0,0,0,0,0,0,0,0,0,0,0,0,0,0,0,0,0,0,0,0,0,0,0,0,0,0,0,0,0,0,0,0,0,0,0,0,0,0,0,0,0,0,0,0,0,0,0,0,0,0,0,0,0,0,0,0,0,0,0,0,0,0,0,0,0,0,0,0,0,0,0,0,0,0,0,0,0,0,0,0,0,0,0,0,0,0,0,0,0,0,0,0,0,0,0,0,0,0,0,0,0,0,0,0,0,0,0,0,0,0,0,0,0,0,0,0,0,0,0,0,0,0,0,0,0,0,0,0,0,0,0,0,0,0,0,0,0,0,0,0,0,0,0,0,0,0,0,0,0,0,0,0,0,0,0,0,0,0,0,0,0,0,0,0,0,0,0,0,0,0,0,0,0,0,0,0,0,0,0,0,0,0,0,0,0,0,0,0,0,0,0,0,0,0,0,0,0,0,0,0,0,0,0,0,0,0,0,0,0,0,0,29,85,85,85,85,85,85,28,0,0,0,0,0,0,0,0,0,0,0,0,0,0,0,0,0,0,0,114,197,251,253,251,253,251,253,196,114,0,0,0,0,0,0,0,0,0,0,0,0,0,0,0,29,85,254,253,254,253,254,253,254,253,254,253,198,28,0,0,0,0,0,0,0,0,0,0,0,0,57,168,197,251,253,251,253,251,253,251,253,251,253,251,253,83,0,0,0,0,0,0,0,0,0,0,29,197,255,253,255,253,254,253,254,253,114,0,0,0,85,253,254,196,0,0,0,0,0,0,0,0,0,0,85,251,253,251,253,251,253,251,253,251,0,0,0,0,197,251,253,83,0,0,0,0,0,0,0,0,29,197,254,253,254,253,254,253,254,253,169,0,0,0,29,197,254,253,169,0,0,0,0,0,0,0,0,0,85,251,253,251,196,196,253,251,253,251,168,0,0,0,85,251,253,251,168,0,0,0,0,0,0,0,0,0,141,253,226,168,85,253,254,253,254,196,0,0,29,85,254,253,254,196,0,0,0,0,0,0,0,0,0,0,139,251,56,0,85,251,253,251,253,83,0,114,197,251,253,251,196,28,0,0,0,0,0,0,0,0,0,0,57,56,0,0,85,253,254,253,254,253,254,253,254,253,254,196,0,0,0,0,0,0,0,0,0,0,0,0,0,0,0,0,85,251,253,251,253,251,253,251,253,251,196,28,0,0,0,0,0,0,0,0,0,0,0,0,0,0,0,0,57,225,254,253,254,253,254,253,254,196,0,0,0,0,0,0,0,0,0,0,0,0,0,0,0,0,0,0,0,56,253,251,253,251,253,251,196,28,0,0,0,0,0,0,0,0,0,0,0,0,0,0,0,0,0,0,0,0,0,0,57,56,0,0,0,0,0,0,0,0,0,0,0,0,0,0,0,0,0,0,0,0,0,0,0,0,0,0,0,0,0,0,0,0,0,0,0,0,0,0,0,0,0,0,0,0,0,0,0,0,0,0,0,0,0,0,0,0,0,0,0,0,0,0,0,0,0,0,0,0,0,0,0,0,0,0,0,0,0,0,0,0,0,0,0,0,0,0,0,0,0,0,0,0,0,0,0,0,0,0,0,0,0,0,0,0,0,0,0,0,0,0,0,0,0,0,0,0,0,0,0,0,0,0,0,0,0,0,0,0,0,0,0,0,0,0,0,0,0,0,0,0,0,0,0,0,0,0,0,0,0,0,0,0,0,0,0,0,0,0,0,0,0,0,0,0,0,0,0,0,0,0,0,0,0,0,0,0,0,0,0,0,0,0
7,0,0,0,0,0,0,0,0,0,0,0,0,0,0,0,0,0,0,0,0,0,0,0,0,0,0,0,0,0,0,0,0,0,0,0,0,0,0,0,0,0,0,0,0,0,0,0,0,0,0,0,0,0,0,0,0,0,0,0,0,0,0,0,0,0,0,0,0,0,0,0,0,0,0,0,0,0,0,0,0,0,0,0,0,0,0,0,0,0,0,0,0,0,0,0,0,0,0,0,0,0,0,0,0,0,0,0,0,0,0,0,0,0,0,0,0,0,0,0,0,0,0,0,0,0,0,0,0,0,0,0,0,0,0,0,0,0,0,0,0,0,0,0,0,0,0,0,0,0,0,0,0,0,0,0,0,0,0,0,0,0,0,0,0,0,0,0,0,0,0,0,0,0,0,0,0,0,0,0,0,0,0,0,0,0,0,0,0,0,0,0,0,0,0,0,0,0,0,0,0,0,0,0,0,0,0,0,0,0,16,26,96,116,174,200,164,18,0,0,0,0,0,0,0,0,0,0,0,0,0,0,0,32,67,112,180,190,254,253,253,253,253,244,253,107,0,0,0,0,0,0,0,0,0,0,0,0,119,206,206,254,253,253,253,238,221,195,127,107,47,125,253,112,0,0,0,0,0,0,0,0,0,0,0,0,161,253,213,135,111,111,66,22,10,0,0,0,0,194,253,47,0,0,0,0,0,0,0,0,0,0,0,0,8,16,6,0,0,0,0,0,0,0,0,0,75,254,233,18,0,0,0,0,0,0,0,0,0,0,0,0,0,0,0,0,0,0,0,0,0,0,0,0,80,255,192,0,0,0,0,0,0,0,0,0,0,0,0,0,0,0,0,0,0,0,0,0,0,0,0,0,80,254,142,0,0,0,0,0,0,0,0,0,0,0,0,0,0,0,0,0,0,0,0,0,0,0,0,0,144,254,103,0,0,0,0,0,0,0,0,0,0,0,0,0,0,0,0,0,0,0,0,0,0,0,0,16,232,225,28,0,0,0,0,0,0,0,0,0,0,0,0,0,0,0,0,0,0,0,0,0,0,0,0,89,253,158,0,0,0,0,0,0,0,0,0,0,0,0,0,0,0,0,0,0,0,0,0,0,0,0,18,209,254,75,0,0,0,0,0,0,0,0,0,0,0,0,0,0,0,0,0,0,0,0,0,0,0,0,58,253,183,0,0,0,0,0,0,0,0,0,0,0,0,0,0,0,0,0,0,0,0,0,0,0,0,6,175,241,52,0,0,0,0,0,0,0,0,0,0,0,0,0,0,0,0,0,0,0,0,0,0,0,0,52,253,189,0,0,0,0,0,0,0,0,0,0,0,0,0,0,0,0,0,0,0,0,0,0,0,0,10,225,253,91,0,0,0,0,0,0,0,0,0,0,0,0,0,0,0,0,0,0,0,0,0,0,0,0,76,254,206,0,0,0,0,0,0,0,0,0,0,0,0,0,0,0,0,0,0,0,0,0,0,0,0,10,234,249,81,0,0,0,0,0,0,0,0,0,0,0,0,0,0,0,0,0,0,0,0,0,0,0,0,120,254,221,0,0,0,0,0,0,0,0,0,0,0,0,0,0,0,0,0,0,0,0,0,0,0,0,0,228,254,131,0,0,0,0,0,0,0,0,0,0,0,0,0,0,0,0,0,0,0,0,0,0,0,0,0,163,189,4,0,0,0,0,0,0,0,0,0,0,0,0,0,0,0,0,0,0,0,0,0,0,0,0,0,0,0,0,0,0,0,0,0,0,0,0,0,0,0,0,0
9,0,0,0,0,0,0,0,0,0,0,0,0,0,0,0,0,0,0,0,0,0,0,0,0,0,0,0,0,0,0,0,0,0,0,0,0,0,0,0,0,0,0,0,0,0,0,0,0,0,0,0,0,0,0,0,0,0,0,0,0,0,0,0,0,0,0,0,0,0,0,0,0,0,0,0,0,0,0,0,0,0,0,0,0,0,0,0,0,0,0,0,0,0,0,0,0,0,0,0,0,0,0,0,0,0,0,0,0,0,0,0,0,0,0,0,0,0,0,0,0,0,0,0,0,0,0,0,0,0,0,0,0,0,0,0,0,0,0,0,0,0,0,0,0,0,0,0,0,0,0,0,0,0,0,0,0,0,0,0,0,0,0,0,0,0,0,0,0,0,0,0,0,0,0,0,0,0,0,0,0,0,54,191,254,255,196,15,0,15,90,0,0,0,0,0,0,0,0,0,0,0,0,0,0,0,0,0,26,174,249,254,254,254,254,104,0,15,132,0,0,0,0,0,0,0,0,0,0,0,0,0,0,0,0,28,194,254,253,196,113,72,108,118,0,5,21,0,0,0,0,0,0,0,0,0,0,0,0,0,0,0,27,214,254,254,156,0,0,0,0,0,0,0,18,0,0,0,0,0,0,0,0,0,0,0,0,0,0,5,147,254,253,112,2,0,0,0,0,0,0,10,113,0,0,0,0,0,0,0,0,0,0,0,0,0,0,60,254,254,113,0,0,0,0,0,0,0,0,15,132,0,0,0,0,0,0,0,0,0,0,0,0,0,0,106,254,160,2,0,0,0,0,20,164,149,3,15,132,0,0,0,0,0,0,0,0,0,0,0,0,0,0,133,254,141,0,0,1,56,160,253,254,254,51,15,132,0,0,0,0,0,0,0,0,0,0,0,0,0,0,111,254,248,225,225,225,254,254,251,253,254,51,15,132,0,0,0,0,0,0,0,0,0,0,0,0,0,0,17,201,254,254,254,253,206,123,45,229,244,29,15,132,0,0,0,0,0,0,0,0,0,0,0,0,0,0,0,14,37,83,55,36,0,0,124,254,169,0,15,69,0,0,0,0,0,0,0,0,0,0,0,0,0,0,0,0,0,0,0,0,0,29,251,254,76,0,5,18,0,0,0,0,0,0,0,0,0,0,0,0,0,0,0,0,0,0,0,0,0,128,254,183,2,0,0,0,0,0,0,0,0,0,0,0,0,0,0,0,0,0,0,0,0,0,0,0,32,242,254,90,0,0,0,0,0,0,0,0,0,0,0,0,0,0,0,0,0,0,0,0,0,0,0,1,163,254,193,9,0,0,0,0,0,0,0,0,0,0,0,0,0,0,0,0,0,0,0,0,0,0,0,60,254,254,100,0,0,0,0,0,0,0,0,0,0,0,0,0,0,0,0,0,0,0,0,0,0,0,9,230,254,220,2,0,0,0,0,0,0,0,0,0,0,0,0,0,0,0,0,0,0,0,0,0,0,0,92,254,242,61,0,0,0,0,0,0,0,0,0,0,0,0,0,0,0,0,0,0,0,0,0,0,0,0,192,254,129,0,0,0,0,0,0,0,0,0,0,0,0,0,0,0,0,0,0,0,0,0,0,0,0,0,192,251,9,0,0,0,0,0,0,0,0,0,0,0,0,0,0,0,0,0,0,0,0,0,0,0,0,0,0,0,0,0,0,0,0,0,0,0,0,0,0,0,0,0,0,0,0,0,0,0,0,0,0,0,0,0,0,0,0,0,0,0,0,0,0,0,0,0,0,0,0,0
4,0,0,0,0,0,0,0,0,0,0,0,0,0,0,0,0,0,0,0,0,0,0,0,0,0,0,0,0,0,0,0,0,0,0,0,0,0,0,0,0,0,0,0,0,0,0,0,0,0,0,0,0,0,0,0,0,0,0,0,0,0,0,0,0,0,0,0,0,0,0,0,0,0,0,0,0,0,0,0,0,0,0,0,0,0,0,0,0,0,0,0,0,0,0,0,0,0,0,0,0,0,0,0,0,0,0,0,0,0,0,0,0,0,0,0,0,0,0,0,0,0,0,0,0,0,0,0,0,0,0,0,0,0,0,0,0,0,0,0,0,0,0,0,0,0,0,0,0,0,0,0,0,0,0,0,0,0,0,0,0,0,77,121,57,0,0,0,0,0,0,0,0,0,0,0,0,0,23,34,0,0,0,0,0,0,0,0,0,39,247,252,245,0,0,0,0,0,0,0,0,0,0,0,0,110,232,234,83,0,0,0,0,0,0,0,0,41,252,252,252,0,0,0,0,0,0,0,0,0,0,0,68,244,252,252,93,0,0,0,0,0,0,0,0,41,252,252,209,0,0,0,0,0,0,0,0,0,0,0,116,252,252,252,93,0,0,0,0,0,0,0,15,166,252,248,88,0,0,0,0,0,0,0,0,0,0,70,242,252,252,243,73,0,0,0,0,0,0,0,82,252,252,238,0,0,0,0,0,0,0,0,0,0,0,115,252,252,243,108,0,0,0,0,0,0,0,0,67,210,252,147,0,0,0,0,0,0,0,0,0,0,152,243,252,252,184,0,0,0,0,0,0,0,0,43,179,252,249,95,0,0,0,0,0,0,0,0,0,7,240,252,252,206,28,0,0,0,0,0,0,0,0,67,252,252,225,0,0,0,0,0,0,0,0,0,0,190,252,252,252,53,0,0,0,0,0,0,0,0,0,137,252,252,225,0,0,0,0,0,0,0,0,0,0,255,253,253,253,253,253,253,168,121,121,121,121,76,144,253,253,253,93,0,0,0,0,0,0,0,0,0,0,197,252,252,252,252,252,252,252,252,252,253,252,247,250,252,252,235,54,0,0,0,0,0,0,0,0,0,0,76,198,252,252,252,252,252,252,252,252,253,252,252,252,252,252,212,0,0,0,0,0,0,0,0,0,0,0,0,17,39,39,75,172,172,172,176,252,253,252,61,177,252,252,169,0,0,0,0,0,0,0,0,0,0,0,0,0,0,0,0,0,0,0,3,53,53,53,6,186,252,252,115,0,0,0,0,0,0,0,0,0,0,0,0,0,0,0,0,0,0,0,0,0,0,0,20,221,252,252,212,0,0,0,0,0,0,0,0,0,0,0,0,0,0,0,0,0,0,0,0,0,0,0,94,252,252,252,191,0,0,0,0,0,0,0,0,0,0,0,0,0,0,0,0,0,0,0,0,0,0,0,178,252,252,204,29,0,0,0,0,0,0,0,0,0,0,0,0,0,0,0,0,0,0,0,0,0,0,0,144,250,252,66,0,0,0,0,0,0,0,0,0,0,0,0,0,0,0,0,0,0,0,0,0,0,0,0,0,101,119,31,0,0,0,0,0,0,0,0,0,0,0,0,0,0,0,0,0,0,0,0,0,0,0,0,0,0,0,0,0,0,0,0,0,0,0,0,0,0,0,0,0,0,0,0,0,0,0,0,0,0,0,0,0,0,0,0,0,0,0,0,0,0,0,0,0,0,0,0,0,0,0,0,0,0,0,0,0,0,0,0,0,0,0,0,0,0,0,0,0,0,0,0
6,0,0,0,0,0,0,0,0,0,0,0,0,0,0,0,0,0,0,0,0,0,0,0,0,0,0,0,0,0,0,0,0,0,0,0,0,0,0,0,0,0,0,0,0,0,0,0,0,0,0,0,0,0,0,0,0,0,0,0,0,0,0,0,0,0,0,0,0,0,0,0,0,0,94,226,12,0,0,0,0,0,0,0,0,0,0,0,0,0,0,0,0,0,0,0,0,0,0,0,0,34,227,214,9,0,0,0,0,0,0,0,0,0,0,0,0,0,0,0,0,0,0,0,0,0,0,0,6,206,254,105,0,0,0,0,0,0,0,0,0,0,0,0,0,0,0,0,0,0,0,0,0,0,0,0,223,254,251,60,0,0,0,0,0,0,0,0,0,0,0,0,0,0,0,0,0,0,0,0,0,0,6,83,254,247,59,0,0,0,0,0,0,0,0,0,0,0,0,0,0,0,0,0,0,0,0,0,0,0,78,254,254,97,0,0,0,0,0,0,0,0,0,0,0,0,0,0,0,0,0,0,0,0,0,0,0,41,243,254,176,9,0,0,0,0,0,0,0,0,0,0,0,0,0,0,0,0,0,0,0,0,0,0,19,206,254,254,39,0,0,0,0,0,0,0,0,0,0,0,0,0,0,0,0,0,0,0,0,0,0,0,130,254,250,121,0,0,0,0,0,0,0,0,0,0,0,0,0,0,0,0,0,0,0,0,0,0,0,15,234,254,155,0,0,0,0,0,0,0,0,0,0,0,0,0,0,0,0,0,0,0,0,0,0,0,0,114,254,240,63,0,0,35,139,78,0,0,0,0,0,0,0,0,0,0,0,0,0,0,0,0,0,0,8,169,254,183,0,0,63,230,254,245,66,0,0,0,0,0,0,0,0,0,0,0,0,0,0,0,0,0,121,254,250,29,0,43,254,254,247,254,187,2,0,0,0,0,0,0,0,0,0,0,0,0,0,0,0,0,141,254,169,0,19,232,254,254,59,197,254,110,0,0,0,0,0,0,0,0,0,0,0,0,0,0,0,0,229,254,82,0,99,254,255,148,31,248,254,124,0,0,0,0,0,0,0,0,0,0,0,0,0,0,0,0,236,254,75,47,247,254,200,8,185,254,173,9,0,0,0,0,0,0,0,0,0,0,0,0,0,0,0,0,236,254,75,89,254,254,175,180,254,254,81,0,0,0,0,0,0,0,0,0,0,0,0,0,0,0,0,0,124,254,181,212,254,254,254,254,251,141,1,0,0,0,0,0,0,0,0,0,0,0,0,0,0,0,0,0,7,168,254,254,254,254,247,211,92,0,0,0,0,0,0,0,0,0,0,0,0,0,0,0,0,0,0,0,0,30,97,159,240,183,49,0,0,0,0,0,0,0,0,0,0,0,0,0,0,0,0,0,0,0,0,0,0,0,0,0,0,0,0,0,0,0,0,0,0,0,0,0,0,0,0,0,0,0,0,0,0,0,0,0,0,0,0,0,0,0,0,0,0,0,0,0,0,0,0,0,0,0,0,0,0,0,0,0,0,0,0,0,0,0,0,0,0,0,0,0,0,0,0,0,0,0,0,0,0,0,0,0,0,0,0,0,0,0,0,0,0,0,0,0,0,0,0,0,0,0,0,0,0,0,0,0,0,0,0,0,0,0,0,0,0,0,0,0,0,0,0,0,0,0,0,0,0,0,0,0,0,0,0,0,0,0,0,0,0,0,0,0,0,0,0,0,0,0,0,0,0,0,0,0,0,0,0,0,0,0,0,0,0,0,0
9,0,0,0,0,0,0,0,0,0,0,0,0,0,0,0,0,0,0,0,0,0,0,0,0,0,0,0,0,0,0,0,0,0,0,0,0,0,0,0,0,0,0,0,0,0,0,0,0,0,0,0,0,0,0,0,0,0,0,0,0,0,0,0,0,0,0,0,0,0,0,0,0,0,0,0,0,0,0,0,0,0,0,0,0,0,0,0,0,0,0,0,0,0,0,0,0,0,0,0,0,0,0,0,0,0,0,0,0,0,0,0,0,0,0,0,0,0,0,0,0,0,0,0,0,0,0,0,0,0,0,0,0,0,0,0,0,0,0,0,0,0,0,0,0,0,0,0,0,0,0,0,0,0,0,0,0,0,0,0,0,0,0,0,0,0,0,0,0,0,0,0,0,0,0,0,0,0,0,0,0,0,0,0,0,0,0,0,0,0,0,0,0,0,0,0,0,0,0,0,0,0,0,0,0,0,0,24,122,199,255,255,254,255,213,85,0,0,0,0,0,0,0,0,0,0,0,0,0,0,0,0,0,0,41,227,253,253,253,226,177,177,207,246,91,0,0,0,0,0,0,0,0,0,0,0,0,0,0,0,0,74,237,253,252,195,117,21,0,0,98,253,218,19,0,0,0,0,0,0,0,0,0,0,0,0,0,0,26,228,253,245,93,0,0,0,0,0,162,253,214,17,0,0,0,0,0,0,0,0,0,0,0,0,0,0,125,253,250,93,0,0,0,0,0,126,241,253,188,0,0,0,0,0,0,0,0,0,0,0,0,0,0,0,151,253,243,0,0,0,0,0,76,245,253,252,88,0,0,0,0,0,0,0,0,0,0,0,0,0,0,0,151,253,243,0,0,0,0,18,241,253,253,226,0,0,0,0,0,0,0,0,0,0,0,0,0,0,0,0,115,253,251,128,21,43,110,216,253,253,253,226,0,0,0,0,0,0,0,0,0,0,0,0,0,0,0,0,4,141,253,253,238,243,253,253,253,253,253,173,0,0,0,0,0,0,0,0,0,0,0,0,0,0,0,0,0,30,144,253,253,253,242,199,181,253,253,119,0,0,0,0,0,0,0,0,0,0,0,0,0,0,0,0,0,0,3,75,161,62,42,0,130,253,253,33,0,0,0,0,0,0,0,0,0,0,0,0,0,0,0,0,0,0,0,0,0,0,0,0,185,253,203,5,0,0,0,0,0,0,0,0,0,0,0,0,0,0,0,0,0,0,0,0,0,0,0,0,238,253,156,0,0,0,0,0,0,0,0,0,0,0,0,0,0,0,0,0,0,0,0,0,0,0,0,0,238,253,156,0,0,0,0,0,0,0,0,0,0,0,0,0,0,0,0,0,0,0,0,0,0,0,0,10,240,253,156,0,0,0,0,0,0,0,0,0,0,0,0,0,0,0,0,0,0,0,0,0,0,0,0,93,253,253,83,0,0,0,0,0,0,0,0,0,0,0,0,0,0,0,0,0,0,0,0,0,0,0,0,136,253,253,48,0,0,0,0,0,0,0,0,0,0,0,0,0,0,0,0,0,0,0,0,0,0,0,31,230,253,220,22,0,0,0,0,0,0,0,0,0,0,0,0,0,0,0,0,0,0,0,0,0,0,0,55,253,253,194,0,0,0,0,0,0,0,0,0,0,0,0,0,0,0,0,0,0,0,0,0,0,0,0,8,162,253,102,0,0,0,0,0,0,0,0,0,0,0,0,0,0,0,0,0,0,0,0,0,0,0,0,0,0,0,0,0,0,0,0,0,0,0,0,0,0,0
6,0,0,0,0,0,0,0,0,0,0,0,0,0,0,0,0,0,0,0,0,0,0,0,0,0,0,0,0,0,0,0,0,0,0,0,0,0,0,0,0,0,0,0,0,0,0,0,0,0,0,0,0,0,0,0,0,0,0,0,0,0,0,0,0,0,0,0,24,212,137,5,0,0,0,0,0,0,0,0,0,0,0,0,0,0,0,0,0,0,0,0,0,0,0,0,159,252,252,45,0,0,0,0,0,0,0,0,0,0,0,0,0,0,0,0,0,0,0,0,0,0,0,85,253,252,233,33,0,0,0,0,0,0,0,0,0,0,0,0,0,0,0,0,0,0,0,0,0,0,0,210,253,252,141,0,0,0,0,0,0,0,0,0,0,0,0,0,0,0,0,0,0,0,0,0,0,0,0,230,253,231,37,0,0,0,0,0,0,0,0,0,0,0,0,0,0,0,0,0,0,0,0,0,0,0,93,253,255,196,0,0,0,0,0,0,0,0,0,0,0,0,0,0,0,0,0,0,0,0,0,0,0,0,166,252,249,75,0,0,0,0,0,0,0,0,0,0,0,0,0,0,0,0,0,0,0,0,0,0,0,51,240,252,146,0,0,0,0,0,0,0,0,0,0,0,0,0,0,0,0,0,0,0,0,0,0,0,0,70,252,252,116,0,0,0,0,0,17,25,0,0,0,0,0,0,0,0,0,0,0,0,0,0,0,0,0,70,252,252,116,22,116,210,230,231,234,236,188,116,0,0,0,0,0,0,0,0,0,0,0,0,0,0,0,132,253,253,202,253,253,253,253,255,253,253,253,253,244,61,0,0,0,0,0,0,0,0,0,0,0,0,0,184,252,252,253,252,240,206,206,196,164,206,206,227,253,214,13,0,0,0,0,0,0,0,0,0,0,0,0,184,252,252,253,187,50,0,0,0,0,0,0,32,253,252,100,0,0,0,0,0,0,0,0,0,0,0,0,184,252,252,243,50,0,0,0,0,0,0,0,95,253,252,141,0,0,0,0,0,0,0,0,0,0,0,0,184,252,252,253,238,230,135,63,0,0,0,85,240,253,157,6,0,0,0,0,0,0,0,0,0,0,0,0,185,253,253,255,249,230,230,126,3,24,108,233,253,242,42,0,0,0,0,0,0,0,0,0,0,0,0,0,111,252,252,253,236,161,161,161,170,252,252,252,252,135,0,0,0,0,0,0,0,0,0,0,0,0,0,0,19,188,252,253,252,252,252,252,253,252,252,252,189,0,0,0,0,0,0,0,0,0,0,0,0,0,0,0,0,17,234,253,252,252,252,252,253,252,252,134,4,0,0,0,0,0,0,0,0,0,0,0,0,0,0,0,0,0,21,137,137,137,137,189,243,137,54,4,0,0,0,0,0,0,0,0,0,0,0,0,0,0,0,0,0,0,0,0,0,0,0,0,0,0,0,0,0,0,0,0,0,0,0,0,0,0,0,0,0,0,0,0,0,0,0,0,0,0,0,0,0,0,0,0,0,0,0,0,0,0,0,0,0,0,0,0,0,0,0,0,0,0,0,0,0,0,0,0,0,0,0,0,0,0,0,0,0,0,0,0,0,0,0,0,0,0,0,0,0,0,0,0,0,0,0,0,0,0,0,0,0,0,0,0,0,0,0,0,0,0,0,0,0,0,0,0,0,0,0,0,0,0,0,0,0,0,0,0,0,0,0,0,0,0,0,0,0,0,0,0,0,0,0,0,0,0,0,0,0,0,0,0,0,0,0,0,0,0,0,0,0,0,0,0
9,0,0,0,0,0,0,0,0,0,0,0,0,0,0,0,0,0,0,0,0,0,0,0,0,0,0,0,0,0,0,0,0,0,0,0,0,0,0,0,0,0,0,0,0,0,0,0,0,0,0,0,0,0,0,0,0,0,0,0,0,0,0,0,0,0,0,0,0,0,0,0,0,0,0,0,0,0,0,0,0,0,0,0,0,0,0,0,0,0,0,0,0,0,0,0,0,0,0,0,0,0,0,0,0,0,0,0,0,0,0,0,0,0,0,0,0,0,0,0,0,0,0,0,0,0,0,0,0,0,0,0,0,0,0,0,0,0,0,0,0,0,0,0,0,0,0,0,0,0,0,0,0,0,0,0,0,0,0,0,0,0,0,0,0,0,0,0,0,0,0,0,0,0,0,0,0,0,2,105,223,255,226,109,3,0,0,0,0,0,0,0,0,0,0,0,0,0,0,0,0,0,0,0,0,4,150,254,249,237,244,254,124,0,0,0,0,0,0,0,0,0,0,0,0,0,0,0,0,0,0,0,0,58,254,197,47,0,83,254,218,32,0,0,0,0,0,0,0,0,0,0,0,0,0,0,0,0,0,0,0,168,254,69,0,0,9,254,254,207,7,0,0,0,0,0,0,0,0,0,0,0,0,0,0,0,0,0,34,246,254,24,0,0,9,254,254,254,49,0,0,0,0,0,0,0,0,0,0,0,0,0,0,0,0,0,20,233,254,40,0,0,9,254,254,254,92,0,0,0,0,0,0,0,0,0,0,0,0,0,0,0,0,0,0,149,254,151,0,0,81,245,146,254,130,0,0,0,0,0,0,0,0,0,0,0,0,0,0,0,0,0,0,37,245,226,52,0,159,247,219,254,130,0,0,0,0,0,0,0,0,0,0,0,0,0,0,0,0,0,0,0,147,254,249,185,254,254,254,254,130,0,0,0,0,0,0,0,0,0,0,0,0,0,0,0,0,0,0,0,2,104,222,254,225,166,106,254,184,0,0,0,0,0,0,0,0,0,0,0,0,0,0,0,0,0,0,0,0,0,0,0,0,0,25,254,213,0,0,0,0,0,0,0,0,0,0,0,0,0,0,0,0,0,0,0,0,0,0,0,0,0,25,254,242,29,0,0,0,0,0,0,0,0,0,0,0,0,0,0,0,0,0,0,0,0,0,0,0,0,60,254,254,41,0,0,0,0,0,0,0,0,0,0,0,0,0,0,0,0,0,0,0,0,0,0,0,0,44,254,254,41,0,0,0,0,0,0,0,0,0,0,0,0,0,0,0,0,0,0,0,0,0,0,0,0,25,254,254,41,0,0,0,0,0,0,0,0,0,0,0,0,0,0,0,0,0,0,0,0,0,0,0,0,25,254,254,41,0,0,0,0,0,0,0,0,0,0,0,0,0,0,0,0,0,0,0,0,0,0,0,0,25,254,254,41,0,0,0,0,0,0,0,0,0,0,0,0,0,0,0,0,0,0,0,0,0,0,0,0,73,254,216,4,0,0,0,0,0,0,0,0,0,0,0,0,0,0,0,0,0,0,0,0,0,0,0,0,107,254,189,0,0,0,0,0,0,0,0,0,0,0,0,0,0,0,0,0,0,0,0,0,0,0,0,0,107,254,130,0,0,0,0,0,0,0,0,0,0,0,0,0,0,0,0,0,0,0,0,0,0,0,0,0,0,0,0,0,0,0,0,0,0,0,0,0,0,0,0,0,0,0,0,0,0,0,0,0,0,0,0,0,0,0,0,0,0,0,0,0,0,0,0,0,0
7,0,0,0,0,0,0,0,0,0,0,0,0,0,0,0,0,0,0,0,0,0,0,0,0,0,0,0,0,0,0,0,0,0,0,0,0,0,0,0,0,0,0,0,0,0,0,0,0,0,0,0,0,0,0,0,0,0,0,0,0,0,0,0,0,0,0,0,0,0,0,0,0,0,0,0,0,0,0,0,0,0,0,0,0,0,0,0,0,0,0,0,0,0,0,0,0,0,0,0,0,0,0,0,0,0,0,0,0,0,0,0,0,0,0,0,0,0,0,0,0,0,0,0,0,0,0,0,0,0,0,0,0,0,0,0,0,0,0,0,0,0,0,0,0,0,0,0,0,0,0,0,0,0,0,0,0,0,0,0,0,0,0,0,0,0,0,0,0,0,0,0,0,0,0,0,0,0,0,0,0,0,0,0,0,0,0,0,0,0,0,0,0,0,0,0,0,0,0,0,0,5,111,144,84,0,0,0,0,0,0,34,111,144,250,254,216,139,28,0,0,0,0,0,0,0,0,0,0,34,253,253,237,91,91,67,86,128,177,254,253,253,253,253,253,253,240,46,0,0,0,0,0,0,0,0,0,21,223,253,253,253,253,253,253,253,253,254,227,154,154,154,188,253,253,187,13,0,0,0,0,0,0,0,0,0,37,169,130,231,231,251,231,149,73,11,8,0,0,0,50,244,253,247,30,0,0,0,0,0,0,0,0,0,0,0,0,0,0,77,0,0,0,0,0,0,0,0,113,253,253,152,0,0,0,0,0,0,0,0,0,0,0,0,0,0,0,0,0,0,0,0,0,0,0,59,218,253,253,66,0,0,0,0,0,0,0,0,0,0,0,0,0,0,0,0,0,0,0,0,0,0,21,208,253,253,155,6,0,0,0,0,0,0,0,0,0,0,0,0,0,0,0,0,0,0,0,0,0,18,245,253,253,204,0,0,0,0,0,0,0,0,0,0,0,0,0,0,0,0,0,0,0,0,0,0,50,214,253,253,188,6,0,0,0,0,0,0,0,0,0,0,0,0,0,0,0,0,0,0,0,0,0,0,163,253,253,181,45,0,0,0,0,0,0,0,0,0,0,0,0,0,0,0,0,0,0,0,0,0,0,97,254,254,227,39,0,0,0,0,0,0,0,0,0,0,0,0,0,0,0,0,0,0,0,0,0,0,30,221,253,253,44,0,0,0,0,0,0,0,0,0,0,0,0,0,0,0,0,0,0,0,0,0,0,0,202,254,253,214,7,0,0,0,0,0,0,0,0,0,0,0,0,0,0,0,0,0,0,0,0,0,0,51,238,255,180,7,0,0,0,0,0,0,0,0,0,0,0,0,0,0,0,0,0,0,0,0,0,0,30,231,253,223,60,0,0,0,0,0,0,0,0,0,0,0,0,0,0,0,0,0,0,0,0,0,0,0,131,253,253,111,0,0,0,0,0,0,0,0,0,0,0,0,0,0,0,0,0,0,0,0,0,0,0,117,245,253,195,10,0,0,0,0,0,0,0,0,0,0,0,0,0,0,0,0,0,0,0,0,0,0,55,245,253,253,33,0,0,0,0,0,0,0,0,0,0,0,0,0,0,0,0,0,0,0,0,0,0,0,62,247,253,253,33,0,0,0,0,0,0,0,0,0,0,0,0,0,0,0,0,0,0,0,0,0,0,0,0,135,253,253,33,0,0,0,0,0,0,0,0,0,0,0,0,0,0,0,0,0,0,0,0,0,0,0,0,0,0,0,0,0,0,0,0,0,0,0,0,0,0,0,0,0,0
0,0,0,0,0,0,0,0,0,0,0,0,0,0,0,0,0,0,0,0,0,0,0,0,0,0,0,0,0,0,0,0,0,0,0,0,0,0,0,0,0,0,0,0,0,0,0,0,0,0,0,0,0,0,0,0,0,0,0,0,0,0,0,0,0,0,0,0,0,0,0,0,0,0,0,0,0,0,0,0,0,0,0,0,0,0,0,0,0,0,0,0,0,0,0,0,0,0,0,0,0,0,0,0,0,0,0,0,0,0,0,0,0,0,0,0,0,0,0,0,0,0,0,0,0,0,0,0,0,0,0,0,0,0,0,0,0,0,0,0,0,0,0,0,0,0,0,0,0,0,0,8,123,148,78,25,0,0,22,43,43,36,0,0,0,0,0,0,0,0,0,0,0,0,0,0,0,0,36,201,252,252,252,226,191,190,221,252,252,243,111,7,0,0,0,0,0,0,0,0,0,0,0,0,2,75,241,253,252,252,252,252,253,252,252,252,252,253,252,172,7,0,0,0,0,0,0,0,0,0,0,0,92,252,252,253,252,252,252,252,253,252,252,252,252,253,252,252,84,0,0,0,0,0,0,0,0,0,0,0,215,252,252,253,252,252,252,208,147,147,147,217,252,253,252,252,172,0,0,0,0,0,0,0,0,0,0,146,253,253,253,212,243,161,35,0,0,0,0,27,106,254,253,253,227,42,0,0,0,0,0,0,0,0,15,211,252,252,217,0,48,5,0,0,0,0,0,0,0,218,252,252,252,182,0,0,0,0,0,0,0,0,105,252,252,252,147,0,0,0,0,0,0,0,0,0,0,48,247,252,252,252,0,0,0,0,0,0,0,0,253,252,252,252,121,0,0,0,0,0,0,0,0,0,0,0,190,252,252,252,0,0,0,0,0,0,0,0,253,252,252,199,7,0,0,0,0,0,0,0,0,0,0,0,190,252,252,252,0,0,0,0,0,0,0,0,254,253,253,190,0,0,0,0,0,0,0,0,0,0,0,0,191,253,253,253,0,0,0,0,0,0,0,0,253,252,252,189,0,0,0,0,0,0,0,0,0,0,0,15,211,252,252,217,0,0,0,0,0,0,0,0,253,252,252,189,0,0,0,0,0,0,0,0,0,0,0,52,252,252,252,138,0,0,0,0,0,0,0,0,227,252,252,231,28,0,0,0,0,0,0,0,0,0,0,218,252,252,236,31,0,0,0,0,0,0,0,0,148,252,252,252,174,0,0,0,0,0,0,0,0,71,194,253,252,252,189,0,0,0,0,0,0,0,0,0,43,253,253,253,253,148,148,148,148,148,148,148,245,253,253,255,253,253,172,0,0,0,0,0,0,0,0,0,29,231,252,252,252,253,252,252,252,252,253,252,252,252,252,253,110,63,21,0,0,0,0,0,0,0,0,0,0,95,233,252,252,253,252,252,252,252,253,252,252,247,231,109,5,0,0,0,0,0,0,0,0,0,0,0,0,0,51,205,252,253,252,252,252,252,243,189,180,63,0,0,0,0,0,0,0,0,0,0,0,0,0,0,0,0,0,11,42,42,42,95,121,42,35,0,0,0,0,0,0,0,0,0,0,0,0,0,0,0,0,0,0,0,0,0,0,0,0,0,0,0,0,0,0,0,0,0,0,0,0,0,0,0,0,0,0,0,0,0,0,0,0,0,0,0,0,0,0,0,0,0,0,0,0,0,0,0,0,0,0,0,0,0,0,0,0,0,0,0,0,0,0,0,0,0,0,0,0,0,0,0,0,0,0,0,0,0,0,0,0
8,0,0,0,0,0,0,0,0,0,0,0,0,0,0,0,0,0,0,0,0,0,0,0,0,0,0,0,0,0,0,0,0,0,0,0,0,0,0,0,0,0,0,0,0,0,0,0,0,0,0,0,0,0,0,0,0,0,0,0,0,0,0,0,0,0,0,0,0,0,0,0,0,0,0,0,0,0,0,0,0,0,0,0,0,0,0,0,0,0,0,0,0,0,0,0,0,0,0,0,0,0,0,0,0,0,0,0,0,0,0,0,0,0,0,0,0,0,0,0,0,0,0,0,0,0,0,0,0,0,0,0,0,0,0,0,0,0,0,0,0,0,0,0,0,0,0,0,0,0,0,0,0,51,70,153,203,254,229,99,0,0,0,0,0,0,0,0,0,0,0,0,0,0,0,0,0,0,0,60,214,247,254,253,253,253,254,232,42,0,0,0,0,0,0,0,0,0,0,0,0,0,0,0,0,9,174,249,253,253,230,179,146,238,254,253,179,17,17,0,0,0,0,0,0,0,0,0,0,0,0,0,17,209,254,253,135,69,0,0,9,151,254,253,196,184,235,17,0,0,0,0,0,0,0,0,0,0,0,0,83,254,254,124,0,0,0,0,174,254,236,167,65,254,255,23,0,0,0,0,0,0,0,0,0,0,0,0,116,253,254,23,0,0,0,0,207,185,17,26,224,253,140,2,0,0,0,0,0,0,0,0,0,0,0,0,108,253,254,40,0,0,0,0,38,13,41,174,253,244,17,0,0,0,0,0,0,0,0,0,0,0,0,0,24,253,254,240,101,0,0,0,0,34,229,253,244,69,0,0,0,0,0,0,0,0,0,0,0,0,0,0,0,34,229,254,254,186,26,0,100,229,254,241,67,0,0,0,0,0,0,0,0,0,0,0,0,0,0,0,0,0,40,207,253,253,239,197,249,253,254,106,0,0,0,0,0,0,0,0,0,0,0,0,0,0,0,0,0,0,0,9,129,246,254,253,253,253,155,4,0,0,0,0,0,0,0,0,0,0,0,0,0,0,0,0,0,0,0,0,9,209,254,253,253,253,127,0,0,0,0,0,0,0,0,0,0,0,0,0,0,0,0,0,0,0,0,13,187,254,254,216,241,254,254,107,0,0,0,0,0,0,0,0,0,0,0,0,0,0,0,0,0,0,0,181,253,253,224,27,61,198,254,232,42,0,0,0,0,0,0,0,0,0,0,0,0,0,0,0,0,0,0,230,253,253,84,0,0,17,211,253,213,0,0,0,0,0,0,0,0,0,0,0,0,0,0,0,0,0,51,247,253,185,0,0,0,0,95,253,230,0,0,0,0,0,0,0,0,0,0,0,0,0,0,0,0,0,70,254,254,69,0,0,0,0,70,254,254,69,0,0,0,0,0,0,0,0,0,0,0,0,0,0,0,0,7,232,253,69,0,0,0,0,87,253,248,56,0,0,0,0,0,0,0,0,0,0,0,0,0,0,0,0,0,230,253,119,9,0,3,57,237,253,221,0,0,0,0,0,0,0,0,0,0,0,0,0,0,0,0,0,0,163,253,253,210,134,174,253,254,236,88,0,0,0,0,0,0,0,0,0,0,0,0,0,0,0,0,0,0,0,0,0,0,0,0,0,0,0,0,0,0,0,0,0,0,0,0,0,0,0,0,0,0,0,0,0,0,0,0,0,0,0,0,0,0,0,0,0,0,0,0,0,0,0,0,0,0,0,0,0,0,0,0,0,0,0,0,0,0,0,0,0,0,0,0,0,0,0,0,0,0,0,0
9,0,0,0,0,0,0,0,0,0,0,0,0,0,0,0,0,0,0,0,0,0,0,0,0,0,0,0,0,0,0,0,0,0,0,0,0,0,0,0,0,0,0,0,0,0,0,0,0,0,0,0,0,0,0,0,0,0,0,0,0,0,0,0,0,0,0,0,0,0,0,0,0,0,0,0,0,0,0,0,0,0,0,0,0,0,0,0,0,0,0,0,0,0,0,0,0,0,0,0,0,0,0,0,0,0,0,0,0,0,0,0,0,0,0,0,0,0,0,0,0,0,0,0,0,0,0,0,0,0,0,0,0,0,0,0,0,0,0,0,0,0,0,0,0,0,0,0,0,0,0,0,0,0,0,0,0,0,0,0,0,0,0,0,0,0,0,0,0,0,0,0,0,0,0,0,0,0,0,0,0,0,0,0,0,0,0,0,0,0,0,0,0,0,0,0,0,0,0,0,0,0,0,0,0,0,0,32,139,174,253,254,253,253,253,165,80,0,0,0,0,0,0,0,0,0,0,0,0,0,0,0,0,36,146,237,252,252,252,253,252,252,252,252,243,83,0,0,0,0,0,0,0,0,0,0,0,0,0,2,48,223,253,252,252,247,231,245,252,252,252,252,253,168,0,0,0,0,0,0,0,0,0,0,0,0,0,22,252,252,253,252,185,63,0,49,84,212,252,252,253,168,0,0,0,0,0,0,0,0,0,0,0,0,0,66,252,252,253,137,4,0,0,0,0,215,252,252,253,168,0,0,0,0,0,0,0,0,0,0,0,0,0,128,253,253,254,63,0,0,0,0,15,237,253,253,254,218,12,0,0,0,0,0,0,0,0,0,0,0,0,127,252,252,222,16,0,0,0,0,85,252,252,252,253,189,5,0,0,0,0,0,0,0,0,0,0,0,0,119,252,252,250,67,0,0,0,75,213,252,252,252,253,168,0,0,0,0,0,0,0,0,0,0,0,0,0,22,252,252,253,189,64,91,169,218,252,252,252,252,253,141,0,0,0,0,0,0,0,0,0,0,0,0,0,13,217,252,253,252,252,252,252,253,252,252,252,252,174,11,0,0,0,0,0,0,0,0,0,0,0,0,0,0,27,194,254,253,253,253,253,255,253,253,253,191,0,0,0,0,0,0,0,0,0,0,0,0,0,0,0,0,0,0,125,168,168,168,168,183,252,252,252,147,0,0,0,0,0,0,0,0,0,0,0,0,0,0,0,0,0,0,0,0,0,0,0,52,252,252,252,50,0,0,0,0,0,0,0,0,0,0,0,0,0,0,0,0,0,0,0,0,0,0,0,148,252,252,252,42,0,0,0,0,0,0,0,0,0,0,0,0,0,0,0,0,0,0,0,0,0,0,0,148,252,252,252,42,0,0,0,0,0,0,0,0,0,0,0,0,0,0,0,0,0,0,0,0,0,0,0,148,253,253,253,42,0,0,0,0,0,0,0,0,0,0,0,0,0,0,0,0,0,0,0,0,0,0,0,148,252,252,252,42,0,0,0,0,0,0,0,0,0,0,0,0,0,0,0,0,0,0,0,0,0,0,0,148,252,252,252,42,0,0,0,0,0,0,0,0,0,0,0,0,0,0,0,0,0,0,0,0,0,0,0,148,252,252,252,42,0,0,0,0,0,0,0,0,0,0,0,0,0,0,0,0,0,0,0,0,0,0,0,104,252,244,121,7,0,0,0,0,0,0,0,0,0,0,0,0,0,0,0,0,0,0,0,0,0,0,0,0,0,0,0,0,0,0,0,0,0,0,0,0,0
6,0,0,0,0,0,0,0,0,0,0,0,0,0,0,0,0,0,0,0,0,0,0,0,0,0,0,0,0,0,0,0,0,0,0,0,0,0,0,0,0,0,0,0,0,0,0,0,0,0,0,0,0,0,0,0,0,0,0,0,0,0,0,0,0,0,0,0,0,0,0,0,0,0,0,0,0,0,0,0,0,0,0,0,0,0,0,0,0,0,0,0,0,0,0,0,0,0,0,0,0,0,0,0,0,0,0,0,0,0,0,0,0,0,0,0,0,0,0,0,0,0,0,0,0,0,0,0,11,51,92,213,92,10,0,0,0,0,0,0,0,0,0,0,0,0,0,0,0,0,0,0,0,0,0,41,173,252,253,212,131,10,0,0,0,0,0,0,0,0,0,0,0,0,0,0,0,0,0,0,0,0,52,213,254,253,183,0,0,0,0,0,0,0,0,0,0,0,0,0,0,0,0,0,0,0,0,0,0,41,253,252,253,212,20,0,0,0,0,0,0,0,0,0,0,0,0,0,0,0,0,0,0,0,0,0,51,233,254,253,163,20,0,0,0,0,0,0,0,0,0,0,0,0,0,0,0,0,0,0,0,0,0,0,193,252,253,252,61,0,0,0,0,0,0,0,0,0,0,0,0,0,0,0,0,0,0,0,0,0,0,102,254,253,254,50,0,0,0,0,0,0,0,0,0,0,0,0,0,0,0,0,0,0,0,0,0,0,0,142,253,252,172,10,0,0,0,0,0,0,0,0,0,0,0,0,0,0,0,0,0,0,0,0,0,0,31,233,254,253,0,0,0,0,0,0,0,0,0,0,0,0,0,0,0,0,0,0,0,0,0,0,0,0,51,252,253,252,183,102,82,0,0,0,0,0,0,0,0,0,0,0,0,0,0,0,0,0,0,0,0,0,113,253,254,233,123,203,234,213,92,31,0,0,0,0,0,0,0,0,0,0,0,0,0,0,0,0,0,0,152,252,253,151,0,0,30,91,253,232,0,0,0,0,0,0,0,0,0,0,0,0,0,0,0,0,0,0,92,253,254,151,0,0,0,0,193,253,62,0,0,0,0,0,0,0,0,0,0,0,0,0,0,0,0,0,31,232,253,151,0,0,0,0,233,252,102,0,0,0,0,0,0,0,0,0,0,0,0,0,0,0,0,0,0,203,254,213,0,0,0,21,254,253,0,0,0,0,0,0,0,0,0,0,0,0,0,0,0,0,0,0,0,122,253,252,0,0,21,203,253,252,0,0,0,0,0,0,0,0,0,0,0,0,0,0,0,0,0,0,0,41,234,253,21,0,152,253,255,91,0,0,0,0,0,0,0,0,0,0,0,0,0,0,0,0,0,0,0,0,112,252,203,102,233,252,233,30,0,0,0,0,0,0,0,0,0,0,0,0,0,0,0,0,0,0,0,0,21,203,255,253,255,253,142,0,0,0,0,0,0,0,0,0,0,0,0,0,0,0,0,0,0,0,0,0,0,20,151,232,253,130,20,0,0,0,0,0,0,0,0,0,0,0,0,0,0,0,0,0,0,0,0,0,0,0,0,0,0,0,0,0,0,0,0,0,0,0,0,0,0,0,0,0,0,0,0,0,0,0,0,0,0,0,0,0,0,0,0,0,0,0,0,0,0,0,0,0,0,0,0,0,0,0,0,0,0,0,0,0,0,0,0,0,0,0,0,0,0,0,0,0,0,0,0,0,0,0,0,0,0,0,0,0,0,0,0,0,0,0,0,0,0,0,0,0,0,0,0,0,0,0,0,0,0
3,0,0,0,0,0,0,0,0,0,0,0,0,0,0,0,0,0,0,0,0,0,0,0,0,0,0,0,0,0,0,0,0,0,0,0,0,0,0,0,0,0,0,0,0,0,0,0,0,0,0,0,0,0,0,0,0,0,0,0,0,0,0,0,0,0,0,0,0,0,0,0,0,0,0,0,0,0,0,0,0,0,0,0,0,0,0,0,0,0,0,0,0,0,0,0,0,0,0,0,0,0,0,0,0,0,0,0,0,0,0,0,0,0,0,0,0,0,0,0,0,0,57,70,70,178,220,220,136,91,0,0,0,0,0,0,0,0,0,0,0,0,0,0,0,0,0,0,0,43,249,253,245,253,253,253,254,249,188,89,0,0,0,0,0,0,0,0,0,0,0,0,0,0,0,0,0,9,154,205,230,213,171,104,138,234,253,169,0,0,0,0,0,0,0,0,0,0,0,0,0,0,0,0,0,0,0,0,0,0,0,0,0,138,253,219,0,0,0,0,0,0,0,0,0,0,0,0,0,0,0,0,0,0,0,0,0,0,0,85,221,254,247,118,0,0,0,0,0,0,0,0,0,0,0,0,0,0,0,0,0,0,0,0,0,26,164,247,254,210,71,0,0,0,0,0,0,0,0,0,0,0,0,0,0,0,0,0,0,0,0,0,7,216,253,253,122,21,0,0,0,0,0,0,0,0,0,0,0,0,0,0,0,0,0,0,0,0,0,0,70,253,253,253,176,50,0,0,0,0,0,0,0,0,0,0,0,0,0,0,0,0,0,0,0,0,0,0,85,197,254,254,254,254,211,69,0,0,0,0,0,0,0,0,0,0,0,0,0,0,0,0,0,0,0,0,0,5,99,148,237,253,253,245,68,0,0,0,0,0,0,0,0,0,0,0,0,0,0,0,0,0,0,0,0,0,0,0,88,137,224,253,184,0,0,0,0,0,0,0,0,0,0,0,0,0,0,0,0,0,0,0,0,0,0,0,0,0,40,228,184,0,0,0,0,0,0,0,0,0,0,0,0,0,0,0,0,0,0,0,0,0,0,0,0,0,0,185,185,0,0,0,0,0,0,0,0,0,0,0,0,0,0,0,72,155,92,0,0,0,0,0,0,0,30,222,184,0,0,0,0,0,0,0,0,0,0,0,0,0,0,43,254,253,224,182,149,32,5,0,0,0,124,253,134,0,0,0,0,0,0,0,0,0,0,0,0,0,0,93,254,253,253,253,254,253,46,0,0,134,240,185,0,0,0,0,0,0,0,0,0,0,0,0,0,0,0,0,0,68,241,254,255,254,211,161,221,254,254,69,0,0,0,0,0,0,0,0,0,0,0,0,0,0,0,0,0,0,61,115,254,253,253,253,254,253,164,6,0,0,0,0,0,0,0,0,0,0,0,0,0,0,0,0,0,0,0,0,71,226,253,253,254,164,9,0,0,0,0,0,0,0,0,0,0,0,0,0,0,0,0,0,0,0,0,0,0,30,236,253,169,6,0,0,0,0,0,0,0,0,0,0,0,0,0,0,0,0,0,0,0,0,0,0,0,0,0,0,0,0,0,0,0,0,0,0,0,0,0,0,0,0,0,0,0,0,0,0,0,0,0,0,0,0,0,0,0,0,0,0,0,0,0,0,0,0,0,0,0,0,0,0,0,0,0,0,0,0,0,0,0,0,0,0,0,0,0,0,0,0,0,0,0,0,0,0,0,0,0,0,0,0,0,0,0,0,0,0,0,0,0,0,0,0,0,0,0,0,0,0,0,0,0,0,0
8,0,0,0,0,0,0,0,0,0,0,0,0,0,0,0,0,0,0,0,0,0,0,0,0,0,0,0,0,0,0,0,0,0,0,0,0,0,0,0,0,0,0,0,0,0,0,0,0,0,0,0,0,0,0,0,0,0,0,0,0,0,0,0,0,0,0,0,0,0,0,0,0,0,0,0,0,0,0,0,0,0,0,0,0,0,0,0,0,0,0,0,0,0,0,0,0,0,0,0,0,0,0,0,0,0,0,0,0,0,0,0,0,0,0,0,0,0,0,0,0,0,0,0,0,0,0,0,0,0,0,0,0,0,0,0,0,0,0,0,0,0,0,0,0,0,0,0,0,0,0,0,0,0,0,0,0,37,59,89,156,156,156,201,254,117,0,0,0,0,0,0,0,0,0,0,0,0,0,0,0,10,50,132,214,239,253,253,253,253,249,233,135,18,0,0,0,0,0,0,0,0,0,0,0,0,0,99,176,211,253,253,253,254,253,253,240,174,60,0,0,0,0,0,0,0,0,0,0,0,0,0,4,107,189,248,254,253,253,253,253,214,130,211,235,47,0,0,0,0,0,0,0,0,0,0,0,0,0,0,20,253,253,253,254,253,253,147,58,0,8,205,253,155,0,0,0,0,0,0,0,0,0,0,0,0,0,0,118,254,254,254,173,91,0,0,0,14,149,254,244,83,0,0,0,0,0,0,0,0,0,0,0,0,0,0,71,247,253,253,96,3,0,0,0,141,253,253,161,0,0,0,0,0,0,0,0,0,0,0,0,0,0,0,0,122,247,253,254,187,108,6,31,224,253,198,6,0,0,0,0,0,0,0,0,0,0,0,0,0,0,0,0,0,86,229,254,253,253,145,219,254,234,73,0,0,0,0,0,0,0,0,0,0,0,0,0,0,0,0,0,0,0,23,119,238,253,253,253,254,99,0,0,0,0,0,0,0,0,0,0,0,0,0,0,0,0,0,0,0,0,0,0,20,254,254,254,255,122,0,0,0,0,0,0,0,0,0,0,0,0,0,0,0,0,0,0,0,0,0,0,73,253,253,253,254,250,74,0,0,0,0,0,0,0,0,0,0,0,0,0,0,0,0,0,0,0,0,41,241,253,240,100,223,253,199,6,0,0,0,0,0,0,0,0,0,0,0,0,0,0,0,0,0,0,0,164,253,253,71,0,12,202,253,87,0,0,0,0,0,0,0,0,0,0,0,0,0,0,0,0,0,0,76,254,253,154,5,0,0,154,253,213,0,0,0,0,0,0,0,0,0,0,0,0,0,0,0,0,0,10,171,255,241,30,0,46,217,254,254,131,0,0,0,0,0,0,0,0,0,0,0,0,0,0,0,0,0,85,253,254,159,88,207,244,254,253,179,3,0,0,0,0,0,0,0,0,0,0,0,0,0,0,0,0,0,136,253,254,253,253,253,253,254,171,24,0,0,0,0,0,0,0,0,0,0,0,0,0,0,0,0,0,0,136,253,254,253,253,253,222,117,25,0,0,0,0,0,0,0,0,0,0,0,0,0,0,0,0,0,0,0,47,193,254,245,155,103,14,0,0,0,0,0,0,0,0,0,0,0,0,0,0,0,0,0,0,0,0,0,0,0,0,0,0,0,0,0,0,0,0,0,0,0,0,0,0,0,0,0,0,0,0,0,0,0,0,0,0,0,0,0,0,0,0,0,0,0,0,0,0,0,0,0,0,0,0,0,0,0,0,0,0,0,0,0,0,0,0,0,0,0,0,0,0,0,0,0,0,0,0,0,0,0,0
5,0,0,0,0,0,0,0,0,0,0,0,0,0,0,0,0,0,0,0,0,0,0,0,0,0,0,0,0,0,0,0,0,0,0,0,0,0,0,0,0,0,0,0,0,0,0,0,0,0,0,0,0,0,0,0,0,0,0,0,0,0,0,0,0,0,0,0,0,0,0,0,0,0,0,0,0,0,0,0,0,0,0,0,0,0,0,0,0,0,0,0,0,0,0,0,0,0,0,0,0,0,0,0,0,0,0,0,0,0,0,0,0,0,0,0,0,0,0,0,0,0,0,0,0,0,0,0,0,0,0,0,0,0,0,0,0,0,0,0,0,0,0,0,0,0,0,0,0,0,0,0,0,6,0,6,0,0,3,13,13,53,133,243,196,0,0,0,0,0,0,0,0,0,0,0,0,0,0,0,126,197,145,198,145,145,166,253,253,253,253,253,253,0,0,0,0,0,0,0,0,0,0,0,0,0,0,0,218,253,253,254,253,253,253,253,253,253,253,253,253,0,0,0,0,0,0,0,0,0,0,0,0,0,0,0,218,253,253,254,253,253,253,218,205,205,205,205,205,0,0,0,0,0,0,0,0,0,0,0,0,0,0,21,226,253,253,188,72,72,72,21,0,0,0,0,0,0,0,0,0,0,0,0,0,0,0,0,0,0,21,133,253,253,218,0,0,0,0,0,0,0,0,0,0,0,0,0,0,0,0,0,0,0,0,0,0,0,114,253,253,253,34,86,85,85,29,0,0,0,0,0,0,0,0,0,0,0,0,0,0,0,0,0,0,156,245,253,253,253,220,254,253,253,230,109,0,0,0,0,0,0,0,0,0,0,0,0,0,0,0,0,21,212,253,253,253,253,253,254,253,253,253,248,107,0,0,0,0,0,0,0,0,0,0,0,0,0,0,0,49,253,253,253,253,253,253,249,132,207,253,253,180,0,0,0,0,0,0,0,0,0,0,0,0,0,0,0,47,251,254,250,196,12,0,0,0,18,205,254,220,25,0,0,0,0,0,0,0,0,0,0,0,0,0,0,0,78,166,72,0,0,0,0,0,0,49,253,253,59,0,0,0,0,0,0,0,0,0,0,0,0,0,0,0,0,0,0,0,0,0,0,0,0,67,253,253,151,0,0,0,0,0,0,0,0,0,0,0,0,0,0,0,0,0,0,0,0,0,0,0,25,226,253,204,16,0,0,0,0,0,0,0,0,0,0,0,0,30,0,0,0,0,0,0,0,0,0,0,66,253,253,180,0,0,0,0,0,0,0,0,0,0,0,0,45,222,194,194,108,18,0,0,0,0,0,54,231,253,253,146,0,0,0,0,0,0,0,0,0,0,0,0,232,253,253,253,253,182,86,12,0,0,86,181,253,253,192,40,0,0,0,0,0,0,0,0,0,0,0,0,104,253,253,253,253,253,253,223,218,218,254,253,253,235,45,0,0,0,0,0,0,0,0,0,0,0,0,0,2,93,144,165,253,253,253,253,253,253,254,253,238,59,0,0,0,0,0,0,0,0,0,0,0,0,0,0,0,0,0,3,11,46,132,132,132,132,132,121,10,0,0,0,0,0,0,0,0,0,0,0,0,0,0,0,0,0,0,0,0,0,0,0,0,0,0,0,0,0,0,0,0,0,0,0,0,0,0,0,0,0,0,0,0,0,0,0,0,0,0,0,0,0,0,0,0,0,0,0,0,0,0,0,0,0,0,0,0,0,0,0,0,0,0,0,0,0,0,0,0,0,0,0,0,0,0,0,0,0,0,0,0,0,0,0
4,0,0,0,0,0,0,0,0,0,0,0,0,0,0,0,0,0,0,0,0,0,0,0,0,0,0,0,0,0,0,0,0,0,0,0,0,0,0,0,0,0,0,0,0,0,0,0,0,0,0,0,0,0,0,0,0,0,0,0,0,0,0,0,0,0,0,0,0,0,0,0,0,0,0,0,0,0,0,0,0,0,0,0,0,0,0,0,0,0,0,0,0,0,0,0,0,0,0,0,0,0,0,0,0,0,0,0,0,0,0,0,0,0,0,0,0,0,0,0,0,0,0,0,0,0,0,0,0,0,8,196,226,0,0,0,0,0,0,0,0,0,0,0,0,0,0,0,0,0,0,0,0,0,0,0,0,0,185,254,225,0,0,0,0,0,0,0,0,0,0,0,0,0,0,0,0,0,0,0,0,0,26,0,0,0,232,254,225,0,0,0,0,0,0,0,0,0,0,0,0,0,0,0,0,0,0,0,0,107,220,58,0,27,238,254,225,0,0,0,0,0,0,0,0,0,0,0,0,0,0,0,0,0,0,0,47,234,254,173,0,137,254,254,128,0,0,0,0,0,0,0,0,0,0,0,0,0,0,0,0,0,0,0,175,254,254,90,33,231,254,249,62,0,0,0,0,0,0,0,0,0,0,0,0,0,0,0,0,0,0,161,254,254,234,39,78,254,254,240,0,0,0,0,0,0,0,0,0,0,0,0,0,0,0,0,0,0,62,242,254,252,137,0,78,254,254,124,0,0,0,0,0,0,0,0,0,0,0,0,0,0,0,0,0,46,237,254,254,231,0,0,97,254,254,124,0,0,0,0,0,0,0,0,0,0,0,0,0,0,0,0,13,170,254,254,254,236,60,60,210,255,254,41,0,0,0,0,0,0,0,0,0,0,0,0,0,0,0,11,170,254,254,254,254,254,254,254,254,254,254,136,78,78,109,196,119,0,0,0,0,0,0,0,0,0,16,220,254,254,254,254,254,254,254,255,254,255,254,254,254,254,254,254,153,0,0,0,0,0,0,0,0,0,18,254,254,254,215,141,141,152,254,254,254,254,254,254,254,254,254,254,46,0,0,0,0,0,0,0,0,0,1,78,124,91,4,0,0,1,46,254,254,254,135,124,124,124,124,30,1,0,0,0,0,0,0,0,0,0,0,0,0,0,0,0,0,0,56,255,254,243,20,0,0,0,0,0,0,0,0,0,0,0,0,0,0,0,0,0,0,0,0,0,0,5,178,254,254,159,0,0,0,0,0,0,0,0,0,0,0,0,0,0,0,0,0,0,0,0,0,0,0,24,254,254,254,129,0,0,0,0,0,0,0,0,0,0,0,0,0,0,0,0,0,0,0,0,0,0,0,24,254,254,254,135,0,0,0,0,0,0,0,0,0,0,0,0,0,0,0,0,0,0,0,0,0,0,0,80,254,254,254,159,0,0,0,0,0,0,0,0,0,0,0,0,0,0,0,0,0,0,0,0,0,0,0,24,254,254,218,86,0,0,0,0,0,0,0,0,0,0,0,0,0,0,0,0,0,0,0,0,0,0,0,0,0,0,0,0,0,0,0,0,0,0,0,0,0,0,0,0,0,0,0,0,0,0,0,0,0,0,0,0,0,0,0,0,0,0,0,0,0,0,0,0,0,0,0,0,0,0,0,0,0,0,0,0,0,0,0,0,0,0,0,0,0,0,0,0,0,0,0,0,0,0,0,0,0,0,0,0,0,0,0,0,0,0,0,0,0,0,0,0,0,0,0,0,0,0,0,0,0,0,0
4,0,0,0,0,0,0,0,0,0,0,0,0,0,0,0,0,0,0,0,0,0,0,0,0,0,0,0,0,0,0,0,0,0,0,0,0,0,0,0,0,0,0,0,0,0,0,0,0,0,0,0,0,0,0,0,0,0,0,0,0,0,0,0,0,0,0,0,0,0,0,0,0,0,0,0,0,0,0,0,0,0,0,0,0,0,0,0,0,0,0,0,0,0,0,0,0,0,0,0,0,0,0,0,0,0,0,0,0,0,0,0,0,0,0,0,0,0,0,0,0,0,0,0,0,0,0,0,0,0,0,0,0,0,0,0,0,0,0,0,0,0,0,0,0,0,0,0,0,0,0,0,0,0,0,0,29,198,57,0,0,0,0,0,0,0,0,0,0,0,0,0,0,0,0,0,0,0,0,0,0,0,0,0,86,255,114,0,0,0,0,0,0,0,0,0,0,0,0,0,0,0,0,0,0,0,29,0,0,0,0,0,86,255,170,0,0,0,0,0,0,0,0,0,0,0,0,0,0,0,0,0,0,0,170,57,0,0,0,0,86,255,170,0,0,0,0,0,0,0,0,0,0,0,0,0,0,0,0,0,0,0,170,170,0,0,0,0,86,255,86,0,0,0,0,0,0,0,0,0,0,0,0,0,0,0,0,0,0,0,86,170,0,0,0,0,86,255,86,0,0,0,0,0,0,0,0,0,0,0,0,0,0,0,0,0,0,0,86,255,57,0,0,0,86,255,86,0,0,0,0,0,0,0,0,0,0,0,0,0,0,0,0,0,0,0,86,255,114,0,0,29,141,255,141,0,0,0,0,0,0,0,0,0,0,0,0,0,0,0,0,0,0,0,86,255,170,0,0,86,255,255,170,0,0,0,0,0,0,0,0,0,0,0,0,0,0,0,0,0,0,0,86,255,198,114,198,255,255,255,86,0,0,0,0,0,0,0,0,0,0,0,0,0,0,0,0,0,0,0,86,255,255,255,255,141,114,255,86,0,0,0,0,0,0,0,0,0,0,0,0,0,0,0,0,0,0,0,29,114,141,86,0,0,86,255,170,0,0,0,0,0,0,0,0,0,0,0,0,0,0,0,0,0,0,0,0,0,0,0,0,0,57,255,170,0,0,0,0,0,0,0,0,0,0,0,0,0,0,0,0,0,0,0,0,0,0,0,0,0,0,255,170,0,0,0,0,0,0,0,0,0,0,0,0,0,0,0,0,0,0,0,0,0,0,0,0,0,0,198,170,0,0,0,0,0,0,0,0,0,0,0,0,0,0,0,0,0,0,0,0,0,0,0,0,0,0,141,255,0,0,0,0,0,0,0,0,0,0,0,0,0,0,0,0,0,0,0,0,0,0,0,0,0,0,86,255,57,0,0,0,0,0,0,0,0,0,0,0,0,0,0,0,0,0,0,0,0,0,0,0,0,0,86,255,86,0,0,0,0,0,0,0,0,0,0,0,0,0,0,0,0,0,0,0,0,0,0,0,0,0,86,255,141,0,0,0,0,0,0,0,0,0,0,0,0,0,0,0,0,0,0,0,0,0,0,0,0,0,57,198,57,0,0,0,0,0,0,0,0,0,0,0,0,0,0,0,0,0,0,0,0,0,0,0,0,0,0,0,0,0,0,0,0,0,0,0,0,0,0,0,0,0,0,0,0,0,0,0,0,0,0,0,0,0,0,0,0,0,0,0,0,0,0,0,0,0,0,0,0,0,0,0,0,0,0,0,0,0,0,0,0,0,0,0,0,0,0,0,0,0,0,0,0,0
8,0,0,0,0,0,0,0,0,0,0,0,0,0,0,0,0,0,0,0,0,0,0,0,0,0,0,0,0,0,0,0,0,0,0,0,0,0,0,0,0,0,0,0,0,0,0,0,0,0,0,0,0,0,0,0,0,0,0,0,0,0,0,0,0,0,0,0,0,0,0,0,0,0,0,0,0,0,0,0,0,0,0,0,0,0,0,0,0,0,0,0,0,0,0,0,0,0,0,0,0,0,0,0,0,0,0,0,0,0,0,0,0,0,0,0,0,0,0,0,0,0,0,0,0,0,0,0,0,0,0,0,0,0,0,0,0,0,0,0,0,0,0,0,0,0,0,0,0,0,0,30,132,159,205,254,136,8,52,22,0,0,0,0,0,0,0,0,0,0,0,0,0,0,0,0,0,0,74,220,253,253,253,253,254,228,247,234,225,107,12,0,0,0,0,0,0,0,0,0,0,0,0,0,1,101,228,252,177,249,252,243,150,149,153,243,245,253,182,11,0,0,0,0,0,0,0,0,0,0,0,0,101,253,239,129,0,227,124,0,0,0,0,0,16,159,253,196,0,0,0,0,0,0,0,0,0,0,0,21,228,253,102,0,0,14,0,0,0,0,0,0,0,15,211,249,35,0,0,0,0,0,0,0,0,0,0,38,253,191,4,0,0,0,0,0,0,0,0,0,0,65,239,206,7,0,0,0,0,0,0,0,0,0,0,38,253,231,80,0,0,0,0,0,0,0,0,0,65,239,253,130,0,0,0,0,0,0,0,0,0,0,0,2,178,253,195,49,0,0,0,0,0,0,3,120,242,248,133,4,0,0,0,0,0,0,0,0,0,0,0,0,19,202,253,236,184,32,5,0,0,15,141,253,237,104,0,0,0,0,0,0,0,0,0,0,0,0,0,0,0,20,118,235,253,253,141,0,60,211,253,190,36,0,0,0,0,0,0,0,0,0,0,0,0,0,0,0,0,0,0,42,126,227,254,254,255,254,160,0,0,0,0,0,0,0,0,0,0,0,0,0,0,0,0,0,0,0,0,0,0,67,253,253,254,239,35,0,0,0,0,0,0,0,0,0,0,0,0,0,0,0,0,0,0,0,0,1,10,133,238,115,174,252,209,107,5,0,0,0,0,0,0,0,0,0,0,0,0,0,0,0,0,0,0,110,253,187,44,0,0,124,236,253,112,0,0,0,0,0,0,0,0,0,0,0,0,0,0,0,0,32,186,246,174,11,0,0,0,0,58,253,225,26,0,0,0,0,0,0,0,0,0,0,0,0,0,0,5,206,249,112,0,0,0,0,0,0,2,184,253,47,0,0,0,0,0,0,0,0,0,0,0,0,0,0,76,253,109,0,0,0,0,0,0,0,39,228,253,47,0,0,0,0,0,0,0,0,0,0,0,0,0,0,173,253,71,32,0,0,0,21,57,154,248,253,130,2,0,0,0,0,0,0,0,0,0,0,0,0,0,0,94,253,253,236,216,216,216,230,254,253,241,133,3,0,0,0,0,0,0,0,0,0,0,0,0,0,0,0,3,128,159,159,225,253,253,253,254,169,60,0,0,0,0,0,0,0,0,0,0,0,0,0,0,0,0,0,0,0,0,0,0,0,0,0,0,0,0,0,0,0,0,0,0,0,0,0,0,0,0,0,0,0,0,0,0,0,0,0,0,0,0,0,0,0,0,0,0,0,0,0,0,0,0,0,0,0,0,0,0,0,0,0,0,0,0,0,0,0,0,0,0,0,0,0,0,0,0,0,0,0,0,0,0
3,0,0,0,0,0,0,0,0,0,0,0,0,0,0,0,0,0,0,0,0,0,0,0,0,0,0,0,0,0,0,0,0,0,0,0,0,0,0,0,0,0,0,0,0,0,0,0,0,0,0,0,0,0,0,0,0,0,0,0,0,0,0,0,0,0,0,0,0,0,0,0,0,0,0,0,0,0,0,0,0,0,0,0,0,0,0,0,0,0,0,0,0,0,0,0,0,0,0,0,0,0,0,0,0,0,0,0,0,0,0,0,0,0,0,0,0,0,0,0,0,19,120,161,195,229,245,169,45,0,0,0,0,0,0,0,0,0,0,0,0,0,0,0,0,0,0,13,138,237,253,253,236,237,253,253,245,34,0,0,0,0,0,0,0,0,0,0,0,0,0,0,0,0,0,89,246,239,96,46,29,29,96,179,246,183,95,0,0,0,0,0,0,0,0,0,0,0,0,0,0,0,0,0,50,25,0,0,0,0,0,0,84,220,240,101,0,0,0,0,0,0,0,0,0,0,0,0,0,0,0,0,0,0,0,0,0,0,0,0,0,70,254,237,19,0,0,0,0,0,0,0,0,0,0,0,0,0,0,0,0,0,0,0,0,0,0,0,0,87,253,232,6,0,0,0,0,0,0,0,0,0,0,0,0,0,0,0,0,0,0,0,0,0,5,24,91,237,253,179,0,0,0,0,0,0,0,0,0,0,0,0,0,0,0,0,0,26,93,93,93,93,189,253,253,254,219,13,0,0,0,0,0,0,0,0,0,0,0,0,0,0,0,0,0,162,254,254,254,254,254,254,254,254,207,0,0,0,0,0,0,0,0,0,0,0,0,0,0,0,0,0,0,144,253,253,253,254,253,253,253,254,232,76,0,0,0,0,0,0,0,0,0,0,0,0,0,0,0,0,0,13,129,213,162,138,137,137,171,230,234,224,40,7,3,0,0,0,0,0,0,0,0,0,0,0,0,0,0,0,0,0,0,0,0,0,0,0,30,202,228,204,23,0,0,0,0,0,0,0,0,0,0,0,0,0,0,0,0,0,0,0,0,0,0,0,0,0,102,254,73,0,0,0,0,0,0,0,0,0,0,0,0,106,30,0,0,0,0,0,0,0,0,0,0,0,0,254,206,0,0,0,0,0,0,0,0,0,0,0,0,207,202,0,0,0,0,0,0,0,0,0,0,0,43,254,206,0,0,0,0,0,0,0,0,0,0,0,0,140,253,160,9,0,0,0,0,0,0,0,0,9,151,254,173,0,0,0,0,0,0,0,0,0,0,0,0,91,254,254,237,120,70,26,0,32,70,19,70,187,254,255,23,0,0,0,0,0,0,0,0,0,0,0,0,3,124,173,249,253,253,239,230,241,253,237,253,253,253,23,2,0,0,0,0,0,0,0,0,0,0,0,0,0,0,0,142,249,253,254,253,253,253,254,240,221,104,0,0,0,0,0,0,0,0,0,0,0,0,0,0,0,0,0,0,65,160,103,203,253,185,103,31,0,0,0,0,0,0,0,0,0,0,0,0,0,0,0,0,0,0,0,0,0,0,0,0,0,0,0,0,0,0,0,0,0,0,0,0,0,0,0,0,0,0,0,0,0,0,0,0,0,0,0,0,0,0,0,0,0,0,0,0,0,0,0,0,0,0,0,0,0,0,0,0,0,0,0,0,0,0,0,0,0,0,0,0,0,0,0,0,0,0,0,0,0,0,0,0,0,0,0,0,0,0,0,0,0,0,0,0,0,0,0,0,0,0,0,0,0,0,0,0,0,0
1,0,0,0,0,0,0,0,0,0,0,0,0,0,0,0,0,0,0,0,0,0,0,0,0,0,0,0,0,0,0,0,0,0,0,0,0,0,0,0,0,0,0,0,0,0,0,0,0,0,0,0,0,0,0,0,0,0,0,0,0,0,0,0,0,0,0,0,0,0,0,0,0,0,0,0,0,0,0,0,0,0,0,0,0,0,0,0,0,0,0,0,0,0,0,0,0,0,0,0,0,0,0,0,0,0,0,0,0,0,0,0,0,0,0,0,0,0,0,0,0,0,0,0,0,0,0,37,239,101,0,0,0,0,0,0,0,0,0,0,0,0,0,0,0,0,0,0,0,0,0,0,0,0,0,59,253,235,15,0,0,0,0,0,0,0,0,0,0,0,0,0,0,0,0,0,0,0,0,0,0,0,0,59,253,107,0,0,0,0,0,0,0,0,0,0,0,0,0,0,0,0,0,0,0,0,0,83,98,60,0,164,253,179,3,0,0,0,0,0,0,0,0,0,0,0,0,0,0,0,0,0,0,0,0,0,0,23,38,254,253,253,95,0,0,0,0,0,0,0,0,0,0,0,0,0,0,0,0,0,0,0,0,0,0,0,0,156,254,78,0,0,0,0,0,0,0,0,0,0,0,0,0,0,0,0,0,0,0,0,0,0,0,0,0,163,253,78,0,0,0,0,0,0,0,0,0,0,0,0,0,0,0,0,0,0,0,0,0,0,0,0,0,254,253,78,0,0,0,0,0,0,0,0,0,0,0,0,0,0,0,0,0,0,0,0,0,0,0,0,0,254,253,78,0,0,0,0,0,0,0,0,0,0,0,0,0,0,0,0,0,0,0,0,0,0,0,0,0,254,253,78,0,0,0,0,0,0,0,0,0,0,0,0,0,0,0,0,0,0,0,0,0,0,0,0,0,255,254,78,0,0,0,0,0,0,0,0,0,0,0,0,0,0,0,0,0,0,0,0,0,0,0,0,8,254,236,12,0,0,0,0,0,0,0,0,0,0,0,0,0,0,0,0,0,0,0,0,0,0,0,0,98,254,233,0,0,0,0,0,0,0,0,0,0,0,0,0,0,0,0,0,0,0,0,0,0,0,0,0,98,254,233,0,0,0,0,0,0,0,0,0,0,0,0,0,0,0,0,0,0,0,0,0,0,0,0,0,135,254,233,0,0,0,0,0,0,0,0,0,0,0,0,0,0,0,0,0,0,0,0,0,0,0,0,0,196,255,136,0,0,0,0,0,0,0,0,0,0,0,0,0,0,0,0,0,0,0,0,0,0,0,0,0,195,254,135,0,0,0,0,0,0,0,0,0,0,0,0,0,0,0,0,0,0,0,0,0,0,0,0,0,195,254,106,0,0,0,0,0,0,0,0,0,0,0,0,0,0,0,0,0,0,0,0,0,0,0,0,22,226,254,39,0,0,0,0,0,0,0,0,0,0,0,0,0,0,0,0,0,0,0,0,0,0,0,0,40,253,254,39,0,0,0,0,0,0,0,0,0,0,0,0,0,0,0,0,0,0,0,0,0,0,0,0,0,0,0,0,0,0,0,0,0,0,0,0,0,0,0,0,0,0,0,0,0,0,0,0,0,0,0,0,0,0,0,0,0,0,0,0,0,0,0,0,0,0,0,0,0,0,0,0,0,0,0,0,0,0,0,0,0,0,0,0,0,0,0,0,0,0,0,0,0,0,0,0,0,0,0,0,0,0,0,0,0,0,0,0,0,0,0,0,0,0,0,0,0,0,0,0,0,0,0,0
0,0,0,0,0,0,0,0,0,0,0,0,0,0,0,0,0,0,0,0,0,0,0,0,0,0,0,0,0,0,0,0,0,0,0,0,0,0,0,0,0,0,0,0,0,0,0,0,0,0,0,0,0,0,0,0,0,0,0,0,0,0,0,0,0,0,0,0,0,0,0,0,0,0,0,0,0,0,0,0,0,0,0,0,0,0,0,0,0,0,0,0,0,0,0,0,0,0,0,0,0,0,0,0,0,0,0,0,0,0,0,0,0,0,0,0,0,0,0,0,0,0,0,0,0,0,0,124,255,253,245,122,7,0,0,0,0,0,0,0,0,0,0,0,0,0,0,0,0,0,0,0,0,8,155,242,253,252,252,252,42,0,0,0,0,0,0,0,0,0,0,0,0,0,0,0,0,0,0,0,43,181,252,190,109,72,244,247,38,0,0,0,0,0,0,0,0,0,0,0,0,0,0,0,0,0,0,38,171,252,252,138,126,232,238,63,0,0,0,0,0,0,0,0,0,0,0,0,0,0,0,0,0,0,45,192,252,252,252,252,253,252,240,106,18,0,0,0,0,0,0,0,0,0,0,0,0,0,0,0,0,11,219,254,204,9,27,106,212,225,253,253,253,193,55,0,0,0,0,0,0,0,0,0,0,0,0,0,8,127,252,204,68,0,0,0,0,21,72,168,239,253,196,43,0,0,0,0,0,0,0,0,0,0,0,0,84,252,252,97,0,0,0,0,0,0,0,0,17,191,252,225,7,0,0,0,0,0,0,0,0,0,0,22,237,252,155,0,0,0,0,0,0,0,0,0,0,14,184,252,154,0,0,0,0,0,0,0,0,0,0,85,252,252,42,0,0,0,0,0,0,0,0,0,0,0,85,252,242,35,0,0,0,0,0,0,0,0,0,146,253,128,0,0,0,0,0,0,0,0,0,0,0,0,86,253,253,42,0,0,0,0,0,0,0,0,32,237,245,56,0,0,0,0,0,0,0,0,0,0,0,0,121,252,231,28,0,0,0,0,0,0,0,0,96,252,231,0,0,0,0,0,0,0,0,0,0,0,0,31,221,251,86,0,0,0,0,0,0,0,0,0,148,252,231,0,0,0,0,0,0,0,0,0,0,0,0,148,252,205,0,0,0,0,0,0,0,0,0,0,104,252,231,0,0,0,0,0,0,0,0,0,0,0,89,236,252,82,0,0,0,0,0,0,0,0,0,0,43,253,232,0,0,0,0,0,0,0,0,0,4,114,236,247,140,0,0,0,0,0,0,0,0,0,0,0,11,205,247,99,0,0,0,0,0,0,0,64,187,252,252,97,0,0,0,0,0,0,0,0,0,0,0,0,0,86,251,247,144,66,22,22,22,110,189,247,251,205,38,0,0,0,0,0,0,0,0,0,0,0,0,0,0,0,135,252,252,253,252,252,252,252,253,205,129,0,0,0,0,0,0,0,0,0,0,0,0,0,0,0,0,0,4,42,129,209,252,252,252,164,42,11,0,0,0,0,0,0,0,0,0,0,0,0,0,0,0,0,0,0,0,0,0,0,0,0,0,0,0,0,0,0,0,0,0,0,0,0,0,0,0,0,0,0,0,0,0,0,0,0,0,0,0,0,0,0,0,0,0,0,0,0,0,0,0,0,0,0,0,0,0,0,0,0,0,0,0,0,0,0,0,0,0,0,0,0,0,0,0,0,0,0,0,0,0,0,0,0,0,0,0,0,0,0,0,0,0,0,0,0,0,0,0,0,0,0,0,0,0,0,0,0,0,0,0
9,0,0,0,0,0,0,0,0,0,0,0,0,0,0,0,0,0,0,0,0,0,0,0,0,0,0,0,0,0,0,0,0,0,0,0,0,0,0,0,0,0,0,0,0,0,0,0,0,0,0,0,0,0,0,0,0,0,0,0,0,0,0,0,0,0,0,0,0,0,0,0,0,0,0,0,0,0,0,0,0,0,0,0,0,0,0,0,0,0,0,0,0,0,0,0,0,0,0,0,0,0,0,0,0,0,0,0,0,0,0,0,0,0,0,0,0,0,0,0,0,0,0,0,0,0,0,0,0,0,0,0,0,0,0,0,0,0,0,0,0,0,0,0,0,0,0,0,0,0,0,0,0,0,0,0,0,0,0,0,0,0,0,0,0,0,0,0,0,0,0,0,0,0,0,0,0,0,0,56,245,253,253,255,253,253,182,12,0,0,0,0,0,0,0,0,0,0,0,0,0,0,0,0,0,18,78,231,252,252,252,253,252,252,252,151,0,0,0,0,0,0,0,0,0,0,0,0,0,0,0,0,0,171,252,252,252,240,237,238,249,252,252,177,0,0,0,0,0,0,0,0,0,0,0,0,0,0,0,0,0,223,252,252,209,31,0,0,208,252,252,177,0,0,0,0,0,0,0,0,0,0,0,0,0,0,0,0,106,248,252,252,31,0,0,0,24,173,252,177,0,0,0,0,0,0,0,0,0,0,0,0,0,0,0,0,120,252,252,156,4,0,0,0,8,174,252,186,9,0,0,0,0,0,0,0,0,0,0,0,0,0,0,0,120,252,252,118,0,0,0,0,139,252,252,212,35,0,0,0,0,0,0,0,0,0,0,0,0,0,0,0,120,252,252,118,0,0,0,0,208,252,252,177,0,0,0,0,0,0,0,0,0,0,0,0,0,0,0,0,99,246,252,221,37,0,27,194,242,252,252,177,0,0,0,0,0,0,0,0,0,0,0,0,0,0,0,0,0,223,252,252,215,149,209,253,252,252,252,221,44,0,0,0,0,0,0,0,0,0,0,0,0,0,0,0,0,163,253,253,253,253,253,255,167,155,253,253,74,0,0,0,0,0,0,0,0,0,0,0,0,0,0,0,0,13,156,252,252,252,252,193,34,15,252,252,74,0,0,0,0,0,0,0,0,0,0,0,0,0,0,0,0,0,11,88,176,88,88,0,0,15,252,252,170,0,0,0,0,0,0,0,0,0,0,0,0,0,0,0,0,0,0,0,0,0,0,0,0,15,252,252,222,0,0,0,0,0,0,0,0,0,0,0,0,0,0,0,0,0,0,0,0,0,0,0,0,15,252,252,222,0,0,0,0,0,0,0,0,0,0,0,0,0,0,0,0,0,0,0,0,0,0,0,0,15,252,252,222,0,0,0,0,0,0,0,0,0,0,0,0,0,0,0,0,0,0,0,0,0,0,0,0,15,252,252,238,63,0,0,0,0,0,0,0,0,0,0,0,0,0,0,0,0,0,0,0,0,0,0,0,15,252,252,252,118,0,0,0,0,0,0,0,0,0,0,0,0,0,0,0,0,0,0,0,0,0,0,0,13,228,252,246,97,0,0,0,0,0,0,0,0,0,0,0,0,0,0,0,0,0,0,0,0,0,0,0,0,49,191,91,0,0,0,0,0,0,0,0,0,0,0,0,0,0,0,0,0,0,0,0,0,0,0,0,0,0,0,0,0,0,0,0,0,0,0,0,0,0,0,0,0,0,0,0,0,0,0,0,0,0,0,0,0,0,0,0,0,0,0,0,0,0,0,0
1,0,0,0,0,0,0,0,0,0,0,0,0,0,0,0,0,0,0,0,0,0,0,0,0,0,0,0,0,0,0,0,0,0,0,0,0,0,0,0,0,0,0,0,0,0,0,0,0,0,0,0,0,0,0,0,0,0,0,0,0,0,0,0,0,0,0,0,0,0,0,0,0,0,0,0,0,0,0,0,0,0,0,0,0,0,0,0,0,0,0,0,0,0,0,0,0,0,0,0,0,0,0,0,0,0,0,0,0,0,0,0,0,0,0,0,0,0,0,0,0,0,0,0,0,0,0,0,0,0,0,0,0,0,0,0,0,0,0,0,0,0,0,0,0,0,0,0,0,0,0,0,0,0,59,222,215,11,0,0,0,0,0,0,0,0,0,0,0,0,0,0,0,0,0,0,0,0,0,0,0,63,216,254,253,68,0,0,0,0,0,0,0,0,0,0,0,0,0,0,0,0,0,0,0,0,0,0,6,129,253,254,206,5,0,0,0,0,0,0,0,0,0,0,0,0,0,0,0,0,0,0,0,0,0,0,54,191,253,254,192,0,0,0,0,0,0,0,0,0,0,0,0,0,0,0,0,0,0,0,0,0,0,0,0,109,253,254,108,0,0,0,0,0,0,0,0,0,0,0,0,0,0,0,0,0,0,0,0,0,0,0,0,110,254,255,109,0,0,0,0,0,0,0,0,0,0,0,0,0,0,0,0,0,0,0,0,0,0,0,0,109,253,254,108,0,0,0,0,0,0,0,0,0,0,0,0,0,0,0,0,0,0,0,0,0,0,0,0,64,253,254,121,0,0,0,0,0,0,0,0,0,0,0,0,0,0,0,0,0,0,0,0,0,0,0,0,58,253,254,198,0,0,0,0,0,0,0,0,0,0,0,0,0,0,0,0,0,0,0,0,0,0,0,0,109,253,254,133,0,0,0,0,0,0,0,0,0,0,0,0,0,0,0,0,0,0,0,0,0,0,0,0,110,254,255,109,0,0,0,0,0,0,0,0,0,0,0,0,0,0,0,0,0,0,0,0,0,0,0,0,109,253,254,108,0,0,0,0,0,0,0,0,0,0,0,0,0,0,0,0,0,0,0,0,0,0,0,0,109,253,254,108,0,0,0,0,0,0,0,0,0,0,0,0,0,0,0,0,0,0,0,0,0,0,0,0,109,253,254,108,0,0,0,0,0,0,0,0,0,0,0,0,0,0,0,0,0,0,0,0,0,0,0,0,109,253,254,108,0,0,0,0,0,0,0,0,0,0,0,0,0,0,0,0,0,0,0,0,0,0,0,0,110,254,255,109,0,0,0,0,0,0,0,0,0,0,0,0,0,0,0,0,0,0,0,0,0,0,0,0,109,253,254,89,0,0,0,0,0,0,0,0,0,0,0,0,0,0,0,0,0,0,0,0,0,0,0,0,109,253,254,63,0,0,0,0,0,0,0,0,0,0,0,0,0,0,0,0,0,0,0,0,0,0,0,0,109,253,254,166,13,0,0,0,0,0,0,0,0,0,0,0,0,0,0,0,0,0,0,0,0,0,0,0,38,227,254,166,0,0,0,0,0,0,0,0,0,0,0,0,0,0,0,0,0,0,0,0,0,0,0,0,0,0,0,0,0,0,0,0,0,0,0,0,0,0,0,0,0,0,0,0,0,0,0,0,0,0,0,0,0,0,0,0,0,0,0,0,0,0,0,0,0,0,0,0,0,0,0,0,0,0,0,0,0,0,0,0,0,0,0,0,0,0,0,0,0,0,0,0,0,0,0,0
9,0,0,0,0,0,0,0,0,0,0,0,0,0,0,0,0,0,0,0,0,0,0,0,0,0,0,0,0,0,0,0,0,0,0,0,0,0,0,0,0,0,0,0,0,0,0,0,0,0,0,0,0,0,0,0,0,0,0,0,0,0,0,0,0,0,0,0,0,0,0,0,0,0,0,0,0,0,0,0,0,0,0,0,0,0,0,0,0,0,0,0,0,0,0,0,0,0,0,0,0,0,0,0,0,0,0,0,0,0,0,0,0,0,0,0,0,0,0,0,0,0,0,0,0,0,0,0,0,0,0,0,0,0,0,0,0,0,0,0,0,0,0,0,0,0,0,0,0,0,0,0,0,59,80,196,207,33,0,0,0,0,0,0,0,0,0,0,0,0,0,0,0,0,0,0,0,0,0,128,159,229,254,254,254,198,16,0,0,0,0,0,0,0,0,0,0,0,0,0,0,0,0,0,0,11,62,216,254,254,254,254,254,254,68,0,0,0,0,0,0,0,0,0,0,0,0,0,0,0,0,0,0,142,254,254,254,254,254,254,254,254,104,0,99,0,0,0,0,0,0,0,0,0,0,0,0,0,0,11,142,250,254,254,254,216,34,150,210,210,30,136,244,221,84,0,0,0,0,0,0,0,0,0,0,0,0,148,254,254,254,254,203,36,0,0,0,74,151,254,254,254,237,0,0,0,0,0,0,0,0,0,0,0,0,239,254,254,254,215,30,0,0,0,0,150,254,254,254,254,237,0,0,0,0,0,0,0,0,0,0,0,67,245,254,254,254,52,0,0,0,0,30,194,254,254,254,254,244,66,0,0,0,0,0,0,0,0,0,59,229,254,254,254,250,50,0,0,0,6,200,254,254,254,254,254,254,157,0,0,0,0,0,0,0,0,0,80,254,254,254,239,86,0,37,89,89,198,254,254,236,212,254,254,254,157,0,0,0,0,0,0,0,0,0,196,254,254,254,210,0,134,204,254,254,254,254,254,86,132,254,254,254,157,0,0,0,0,0,0,0,0,0,85,254,254,254,253,247,253,254,254,254,208,134,8,1,132,254,254,254,184,22,0,0,0,0,0,0,0,0,80,254,254,254,254,254,254,254,254,202,36,0,0,0,55,229,254,254,254,78,0,0,0,0,0,0,0,0,8,135,251,254,254,254,254,232,73,17,0,0,0,0,0,212,254,254,254,237,0,0,0,0,0,0,0,0,0,0,115,123,123,186,148,72,0,0,0,0,0,0,0,121,254,254,254,254,0,0,0,0,0,0,0,0,0,0,0,0,0,21,9,0,0,0,0,0,0,0,0,36,254,254,254,108,0,0,0,0,0,0,0,0,0,0,0,0,0,0,0,0,0,0,0,0,0,0,0,36,255,254,254,78,0,0,0,0,0,0,0,0,0,0,0,0,0,0,0,0,0,0,0,0,0,0,0,33,245,254,180,19,0,0,0,0,0,0,0,0,0,0,0,0,0,0,0,0,0,0,0,0,0,0,0,0,116,248,98,0,0,0,0,0,0,0,0,0,0,0,0,0,0,0,0,0,0,0,0,0,0,0,0,0,36,73,0,0,0,0,0,0,0,0,0,0,0,0,0,0,0,0,0,0,0,0,0,0,0,0,0,0,0,0,0,0,0,0,0,0,0,0,0,0,0,0,0,0,0,0,0,0,0,0,0,0,0,0,0,0,0,0,0,0,0,0,0,0,0,0,0,0,0,0,0,0,0,0,0,0,0,0,0,0,0,0,0,0,0,0,0,0,0,0,0,0
5,0,0,0,0,0,0,0,0,0,0,0,0,0,0,0,0,0,0,0,0,0,0,0,0,0,0,0,0,0,0,0,0,0,0,0,0,0,0,0,0,0,0,0,0,0,0,0,0,0,0,0,0,0,0,0,0,0,0,0,0,0,0,0,0,0,0,0,0,0,0,0,0,0,0,0,0,0,0,0,0,0,0,0,0,0,0,0,0,0,0,0,0,0,0,0,0,0,0,0,0,0,0,0,0,0,0,0,0,0,0,0,0,0,0,0,0,0,0,0,0,0,0,0,0,0,0,0,0,0,0,0,0,0,0,0,0,0,0,0,0,0,0,0,0,0,0,0,0,0,0,0,0,0,0,0,0,0,0,0,0,0,0,0,0,0,0,0,0,0,0,0,0,0,0,0,0,0,0,0,0,19,7,0,4,179,253,253,129,10,0,0,0,0,0,0,0,0,0,0,0,0,0,0,0,0,0,0,120,225,149,7,54,252,252,252,253,171,38,0,0,0,0,0,0,0,0,0,0,0,0,0,0,0,0,126,253,252,252,65,191,252,252,252,253,252,234,197,86,85,19,0,0,0,0,0,0,0,0,0,0,26,150,249,253,227,228,40,91,252,164,40,140,215,252,252,253,252,231,25,0,0,0,0,0,0,0,0,4,128,253,253,214,0,89,13,0,0,0,0,0,0,89,213,226,200,76,0,0,0,0,0,0,0,0,0,104,252,252,252,113,0,0,0,0,0,0,0,0,0,0,0,0,0,0,0,0,0,0,0,0,0,0,0,104,252,252,252,223,122,85,85,38,0,0,0,0,0,0,0,0,0,0,0,0,0,0,0,0,0,0,0,4,128,252,252,253,252,252,252,238,175,0,0,0,0,0,0,0,0,0,0,0,0,0,0,0,0,0,0,0,26,113,163,242,253,253,253,255,253,216,16,0,0,0,0,0,0,0,0,0,0,0,0,0,0,0,0,0,0,0,0,47,84,84,133,178,252,252,28,0,0,0,0,0,0,0,0,0,0,0,0,0,0,0,0,0,0,0,0,0,0,0,0,31,187,252,28,0,0,0,0,0,0,0,0,0,0,0,0,0,0,0,0,0,0,0,0,0,0,0,0,0,169,252,28,0,0,0,0,0,0,0,0,0,0,0,0,0,0,0,0,0,0,0,0,0,0,0,0,16,216,253,28,0,0,0,0,0,0,0,0,0,0,0,0,0,0,0,0,0,0,0,0,0,0,0,0,104,252,233,22,0,0,0,0,0,0,0,0,0,0,0,0,0,0,0,0,0,38,0,0,0,0,0,38,229,252,130,0,0,0,0,0,0,0,0,0,0,0,0,0,0,0,0,0,26,212,25,0,0,0,0,163,253,151,6,0,0,0,0,0,0,0,0,0,0,0,0,0,0,0,0,0,141,253,168,0,16,54,229,253,151,0,0,0,0,0,0,0,0,0,0,0,0,0,0,0,0,0,0,0,141,252,224,169,216,252,252,151,0,0,0,0,0,0,0,0,0,0,0,0,0,0,0,0,0,0,0,0,44,224,252,252,253,233,130,6,0,0,0,0,0,0,0,0,0,0,0,0,0,0,0,0,0,0,0,0,0,44,228,252,190,109,0,0,0,0,0,0,0,0,0,0,0,0,0,0,0,0,0,0,0,0,0,0,0,0,0,0,0,0,0,0,0,0,0,0,0,0,0,0,0,0,0,0,0,0,0,0,0,0,0,0,0,0,0,0,0,0,0,0,0,0,0,0,0,0,0,0,0,0,0,0,0
0,0,0,0,0,0,0,0,0,0,0,0,0,0,0,0,0,0,0,0,0,0,0,0,0,0,0,0,0,0,0,0,0,0,0,0,0,0,0,0,0,0,0,0,0,0,0,0,0,0,0,0,0,0,0,0,0,0,0,0,0,0,0,0,0,0,0,0,0,0,0,0,0,0,0,0,0,0,0,0,0,0,0,0,0,0,0,0,0,0,0,0,0,0,0,0,0,0,0,0,0,0,0,0,0,0,0,0,0,0,0,0,0,0,0,0,0,0,0,0,0,0,0,0,0,0,0,0,0,0,0,0,10,134,217,254,254,186,14,0,0,0,0,0,0,0,0,0,0,0,0,0,0,0,0,0,0,0,0,7,168,253,254,243,239,253,148,0,0,0,0,0,0,0,0,0,0,0,0,0,0,0,0,0,0,0,44,199,253,253,116,42,24,93,235,0,0,0,0,0,0,0,0,0,0,0,0,0,0,0,0,0,0,62,228,253,253,253,0,0,0,0,128,0,0,0,0,0,0,0,0,0,0,0,0,0,0,0,0,16,173,254,253,253,253,253,0,0,0,0,0,0,0,0,0,0,0,0,0,0,0,0,0,0,0,0,41,201,254,255,196,206,254,96,0,0,0,0,0,0,0,0,0,0,0,0,0,0,0,0,0,0,0,25,211,253,207,76,8,181,253,58,0,0,0,0,0,0,0,0,0,0,0,0,0,0,0,0,0,0,19,226,253,195,48,0,20,253,253,58,0,0,0,0,0,0,0,0,0,0,0,0,0,0,0,0,0,16,239,253,195,16,0,0,35,253,231,27,0,0,0,0,0,0,0,0,0,0,0,0,0,0,0,0,16,195,254,245,48,0,0,0,118,253,138,0,0,0,0,0,0,0,0,0,0,0,0,0,0,0,0,19,201,254,241,68,0,0,0,37,239,254,19,0,0,0,0,0,0,0,0,0,0,0,0,0,0,0,10,129,253,245,68,0,0,0,0,112,253,186,3,0,0,0,0,0,0,0,0,0,0,0,0,0,0,0,147,253,240,70,0,0,0,0,68,254,253,107,0,0,0,0,0,0,0,0,0,0,0,0,0,0,0,70,250,253,146,0,0,0,0,37,219,254,167,6,0,0,0,0,0,0,0,0,0,0,0,0,0,0,0,156,253,192,5,0,0,0,0,174,253,208,9,0,0,0,0,0,0,0,0,0,0,0,0,0,0,0,0,255,241,30,0,0,0,5,156,254,193,0,0,0,0,0,0,0,0,0,0,0,0,0,0,0,0,0,0,254,195,0,0,8,118,203,253,227,46,0,0,0,0,0,0,0,0,0,0,0,0,0,0,0,0,0,0,254,247,108,94,205,254,253,198,43,0,0,0,0,0,0,0,0,0,0,0,0,0,0,0,0,0,0,0,238,253,253,253,253,244,130,36,0,0,0,0,0,0,0,0,0,0,0,0,0,0,0,0,0,0,0,0,96,238,253,237,155,45,0,0,0,0,0,0,0,0,0,0,0,0,0,0,0,0,0,0,0,0,0,0,0,0,0,0,0,0,0,0,0,0,0,0,0,0,0,0,0,0,0,0,0,0,0,0,0,0,0,0,0,0,0,0,0,0,0,0,0,0,0,0,0,0,0,0,0,0,0,0,0,0,0,0,0,0,0,0,0,0,0,0,0,0,0,0,0,0,0,0,0,0,0,0,0,0,0,0,0,0,0,0,0,0,0,0,0,0,0,0,0,0,0,0,0,0,0,0,0,0,0,0,0,0,0,0,0,0
9,0,0,0,0,0,0,0,0,0,0,0,0,0,0,0,0,0,0,0,0,0,0,0,0,0,0,0,0,0,0,0,0,0,0,0,0,0,0,0,0,0,0,0,0,0,0,0,0,0,0,0,0,0,0,0,0,0,0,0,0,0,0,0,0,0,0,0,0,0,0,0,0,0,0,0,0,0,0,0,0,0,0,0,0,0,0,0,0,0,0,0,0,0,0,0,0,0,0,0,0,0,0,0,0,0,0,0,0,0,0,0,0,0,0,0,0,0,0,0,0,0,0,0,0,0,0,0,0,0,0,0,0,0,0,0,0,0,0,0,0,0,0,0,0,0,0,0,0,0,0,0,0,0,0,0,0,0,0,0,0,0,0,0,0,0,0,0,0,0,0,0,0,0,0,0,0,0,0,0,0,0,11,34,144,143,235,253,253,128,3,0,0,0,0,0,0,0,0,0,0,0,0,0,0,0,0,0,0,41,171,252,253,252,252,252,252,252,99,0,0,0,0,0,0,0,0,0,0,0,0,0,0,0,0,79,200,236,252,252,154,77,44,44,44,207,131,0,0,0,0,0,0,0,0,0,0,0,0,0,0,70,156,250,252,220,87,10,0,0,0,0,0,198,238,19,0,0,0,0,0,0,0,0,0,0,0,0,22,206,252,252,149,34,0,0,0,0,0,0,0,198,252,208,0,0,0,0,0,0,0,0,0,0,0,0,186,252,233,126,5,0,0,0,0,0,0,8,113,241,252,208,0,0,0,0,0,0,0,0,0,0,0,0,209,242,55,0,0,0,0,0,0,0,0,80,252,252,252,203,0,0,0,0,0,0,0,0,0,0,0,41,236,163,0,0,0,0,0,0,0,31,88,248,252,252,159,39,0,0,0,0,0,0,0,0,0,0,0,67,252,121,0,0,0,0,34,68,188,233,252,252,252,106,6,0,0,0,0,0,0,0,0,0,0,0,0,38,233,236,220,220,172,220,234,248,253,252,252,243,71,7,0,0,0,0,0,0,0,0,0,0,0,0,0,0,196,253,253,253,253,253,239,253,255,253,240,57,0,0,0,0,0,0,0,0,0,0,0,0,0,0,0,0,30,182,186,186,181,77,64,238,253,235,66,0,0,0,0,0,0,0,0,0,0,0,0,0,0,0,0,0,0,0,0,0,0,61,194,252,240,66,0,0,0,0,0,0,0,0,0,0,0,0,0,0,0,0,0,0,0,0,0,0,26,206,252,252,57,0,0,0,0,0,0,0,0,0,0,0,0,0,0,0,0,0,0,0,0,0,0,58,245,252,235,149,0,0,0,0,0,0,0,0,0,0,0,0,0,0,0,0,0,0,0,0,0,0,20,193,252,252,89,0,0,0,0,0,0,0,0,0,0,0,0,0,0,0,0,0,0,0,0,0,0,79,236,252,252,154,6,0,0,0,0,0,0,0,0,0,0,0,0,0,0,0,0,0,0,0,0,0,61,248,252,252,154,0,0,0,0,0,0,0,0,0,0,0,0,0,0,0,0,0,0,0,0,0,0,0,69,249,252,153,6,0,0,0,0,0,0,0,0,0,0,0,0,0,0,0,0,0,0,0,0,0,0,0,0,194,204,7,0,0,0,0,0,0,0,0,0,0,0,0,0,0,0,0,0,0,0,0,0,0,0,0,0,0,0,0,0,0,0,0,0,0,0,0,0,0,0,0,0,0,0,0,0,0,0,0,0,0,0,0,0,0,0,0,0,0,0,0,0,0,0,0,0,0,0,0,0,0,0,0,0
1,0,0,0,0,0,0,0,0,0,0,0,0,0,0,0,0,0,0,0,0,0,0,0,0,0,0,0,0,0,0,0,0,0,0,0,0,0,0,0,0,0,0,0,0,0,0,0,0,0,0,0,0,0,0,0,0,0,0,0,0,0,0,0,0,0,0,0,0,0,0,0,0,0,0,0,0,0,0,0,0,0,0,0,0,0,0,0,0,0,0,0,0,0,0,0,0,0,0,0,0,0,0,0,0,0,0,0,0,0,0,0,0,0,0,0,0,0,0,0,0,0,0,0,0,0,0,0,139,255,109,1,0,0,0,0,0,0,0,0,0,0,0,0,0,0,0,0,0,0,0,0,0,0,0,0,199,253,253,37,0,0,0,0,0,0,0,0,0,0,0,0,0,0,0,0,0,0,0,0,0,0,0,39,229,253,247,34,0,0,0,0,0,0,0,0,0,0,0,0,0,0,0,0,0,0,0,0,0,0,0,141,253,253,94,0,0,0,0,0,0,0,0,0,0,0,0,0,0,0,0,0,0,0,0,0,0,0,0,192,253,253,104,0,0,0,0,0,0,0,0,0,0,0,0,0,0,0,0,0,0,0,0,0,0,0,0,192,253,253,43,0,0,0,0,0,0,0,0,0,0,0,0,0,0,0,0,0,0,0,0,0,0,0,42,233,253,253,43,0,0,0,0,0,0,0,0,0,0,0,0,0,0,0,0,0,0,0,0,0,0,0,87,253,253,253,43,0,0,0,0,0,0,0,0,0,0,0,0,0,0,0,0,0,0,0,0,0,0,0,186,253,253,196,13,0,0,0,0,0,0,0,0,0,0,0,0,0,0,0,0,0,0,0,0,0,0,42,235,253,253,172,0,0,0,0,0,0,0,0,0,0,0,0,0,0,0,0,0,0,0,0,0,0,0,56,253,253,253,79,0,0,0,0,0,0,0,0,0,0,0,0,0,0,0,0,0,0,0,0,0,0,0,153,253,253,195,11,0,0,0,0,0,0,0,0,0,0,0,0,0,0,0,0,0,0,0,0,0,0,41,239,253,253,179,0,0,0,0,0,0,0,0,0,0,0,0,0,0,0,0,0,0,0,0,0,0,0,153,253,253,253,136,0,0,0,0,0,0,0,0,0,0,0,0,0,0,0,0,0,0,0,0,0,0,17,203,253,253,253,55,0,0,0,0,0,0,0,0,0,0,0,0,0,0,0,0,0,0,0,0,0,0,153,253,253,253,144,7,0,0,0,0,0,0,0,0,0,0,0,0,0,0,0,0,0,0,0,0,0,16,203,253,253,253,61,0,0,0,0,0,0,0,0,0,0,0,0,0,0,0,0,0,0,0,0,0,0,38,253,253,253,226,35,0,0,0,0,0,0,0,0,0,0,0,0,0,0,0,0,0,0,0,0,0,0,38,253,253,253,73,0,0,0,0,0,0,0,0,0,0,0,0,0,0,0,0,0,0,0,0,0,0,0,1,109,253,137,2,0,0,0,0,0,0,0,0,0,0,0,0,0,0,0,0,0,0,0,0,0,0,0,0,0,0,0,0,0,0,0,0,0,0,0,0,0,0,0,0,0,0,0,0,0,0,0,0,0,0,0,0,0,0,0,0,0,0,0,0,0,0,0,0,0,0,0,0,0,0,0,0,0,0,0,0,0,0,0,0,0,0,0,0,0,0,0,0,0,0,0,0,0,0,0,0,0,0,0,0,0,0,0,0,0,0,0,0,0,0,0,0,0,0,0,0,0,0,0,0,0,0,0,0,0,0
8,0,0,0,0,0,0,0,0,0,0,0,0,0,0,0,0,0,0,0,0,0,0,0,0,0,0,0,0,0,0,0,0,0,0,0,0,0,0,0,0,0,0,0,0,0,0,0,0,0,0,0,0,0,0,0,0,0,0,0,0,0,0,0,0,0,0,0,0,0,0,0,0,0,0,0,0,0,0,0,0,0,0,0,0,0,0,0,0,0,0,0,0,0,0,0,0,0,0,0,0,0,0,0,0,0,0,0,0,0,0,0,0,0,0,0,0,0,0,0,0,0,0,0,0,0,0,0,0,0,0,0,0,0,0,0,0,0,0,0,0,0,0,0,0,0,0,0,0,0,0,0,0,0,0,0,13,82,150,253,253,184,3,0,0,0,0,0,0,0,0,0,0,0,0,0,0,0,0,0,0,21,77,145,253,252,252,252,252,252,117,0,0,0,0,0,0,0,0,0,0,0,0,0,0,0,0,11,77,239,252,252,253,252,252,252,252,252,220,22,0,0,0,0,0,0,0,0,0,0,0,0,0,10,135,193,252,252,252,252,253,252,222,181,204,252,252,36,0,0,0,0,0,0,0,0,0,0,0,0,27,194,252,252,252,252,226,192,129,72,27,0,52,181,232,27,0,0,0,0,0,0,0,0,0,0,0,0,71,252,252,252,252,87,34,0,0,0,0,0,0,17,40,0,0,0,0,0,0,0,0,0,0,0,0,0,157,252,252,228,128,7,0,0,0,61,188,69,0,0,0,0,0,0,0,0,0,0,0,0,0,0,0,0,157,252,252,180,0,0,0,0,57,237,252,204,0,0,0,0,0,0,0,0,0,0,0,0,0,0,0,0,48,252,252,180,0,0,0,0,242,252,252,204,0,0,0,0,0,0,0,0,0,0,0,0,0,0,0,0,19,212,252,249,103,0,0,0,253,252,252,89,0,0,0,0,0,0,0,0,0,0,0,0,0,0,0,0,0,24,216,253,253,104,13,128,255,253,217,0,0,0,0,0,0,0,0,0,0,0,0,0,0,0,0,0,0,0,169,252,252,252,252,252,253,252,216,0,0,0,0,0,0,0,0,0,0,0,0,0,0,0,0,0,0,0,23,198,252,252,252,252,253,252,238,70,0,0,0,0,0,0,0,0,0,0,0,0,0,0,0,0,0,0,0,24,84,205,252,252,253,252,252,236,48,0,0,0,0,0,0,0,0,0,0,0,0,0,0,0,0,0,0,0,0,126,252,252,253,252,252,252,172,15,0,0,0,0,0,0,0,0,0,0,0,0,0,0,0,0,0,0,0,217,252,252,253,252,252,252,252,60,0,0,0,0,0,0,0,0,0,0,0,0,0,0,0,0,0,0,0,217,252,252,253,252,252,252,252,60,0,0,0,0,0,0,0,0,0,0,0,0,0,0,0,0,0,0,0,217,252,252,253,252,252,252,229,37,0,0,0,0,0,0,0,0,0,0,0,0,0,0,0,0,0,0,0,217,252,252,253,252,236,143,52,0,0,0,0,0,0,0,0,0,0,0,0,0,0,0,0,0,0,0,0,56,241,252,132,63,10,0,0,0,0,0,0,0,0,0,0,0,0,0,0,0,0,0,0,0,0,0,0,0,0,0,0,0,0,0,0,0,0,0,0,0,0,0,0,0,0,0,0,0,0,0,0,0,0,0,0,0,0,0,0,0,0,0,0,0,0,0,0,0,0,0,0,0,0,0,0,0,0,0,0,0,0,0,0,0,0,0,0,0,0,0,0,0,0,0,0,0,0,0,0
6,0,0,0,0,0,0,0,0,0,0,0,0,0,0,0,0,0,0,0,0,0,0,0,0,0,0,0,0,0,0,0,0,0,0,0,0,0,0,0,0,0,0,0,0,0,0,0,0,0,0,0,0,0,0,0,0,0,0,0,0,0,0,0,0,0,0,0,0,102,254,5,0,0,0,0,0,0,0,0,0,0,0,0,0,0,0,0,0,0,0,0,0,0,0,0,4,183,253,4,0,0,0,0,0,0,0,0,0,0,0,0,0,0,0,0,0,0,0,0,0,0,0,0,85,253,253,4,0,0,0,0,0,0,0,0,0,0,0,0,0,0,0,0,0,0,0,0,0,0,0,0,93,253,246,4,0,0,0,0,0,0,0,0,0,0,0,0,0,0,0,0,0,0,0,0,0,0,0,9,205,253,158,0,0,0,0,0,0,0,0,0,0,0,0,0,0,0,0,0,0,0,0,0,0,0,0,82,253,249,62,0,0,0,0,0,0,0,0,0,0,0,0,0,0,0,0,0,0,0,0,0,0,0,0,129,253,213,0,0,0,0,0,0,0,0,0,0,0,0,0,0,0,0,0,0,0,0,0,0,0,0,0,185,253,198,0,0,0,10,40,40,40,12,0,0,0,0,0,0,0,0,0,0,0,0,0,0,0,0,0,229,253,114,0,0,0,136,253,253,254,150,0,0,0,0,0,0,0,0,0,0,0,0,0,0,0,0,45,244,253,114,0,0,124,252,253,234,253,252,19,0,0,0,0,0,0,0,0,0,0,0,0,0,0,0,117,253,253,73,0,124,244,252,120,87,253,220,12,0,0,0,0,0,0,0,0,0,0,0,0,0,0,0,174,253,253,14,84,252,252,109,0,132,254,150,0,0,0,0,0,0,0,0,0,0,0,0,0,0,0,2,179,253,182,42,244,253,120,0,13,208,242,41,0,0,0,0,0,0,0,0,0,0,0,0,0,0,0,21,253,253,168,167,253,192,17,0,115,253,228,0,0,0,0,0,0,0,0,0,0,0,0,0,0,0,0,21,253,253,244,252,253,55,0,79,183,253,169,0,0,0,0,0,0,0,0,0,0,0,0,0,0,0,0,21,253,253,253,253,253,52,122,226,253,172,9,0,0,0,0,0,0,0,0,0,0,0,0,0,0,0,0,2,180,253,253,253,253,246,253,254,173,7,0,0,0,0,0,0,0,0,0,0,0,0,0,0,0,0,0,0,45,200,253,253,253,253,253,232,26,0,0,0,0,0,0,0,0,0,0,0,0,0,0,0,0,0,0,0,0,68,241,253,254,253,235,81,0,0,0,0,0,0,0,0,0,0,0,0,0,0,0,0,0,0,0,0,0,0,73,169,253,234,51,0,0,0,0,0,0,0,0,0,0,0,0,0,0,0,0,0,0,0,0,0,0,0,0,0,0,0,0,0,0,0,0,0,0,0,0,0,0,0,0,0,0,0,0,0,0,0,0,0,0,0,0,0,0,0,0,0,0,0,0,0,0,0,0,0,0,0,0,0,0,0,0,0,0,0,0,0,0,0,0,0,0,0,0,0,0,0,0,0,0,0,0,0,0,0,0,0,0,0,0,0,0,0,0,0,0,0,0,0,0,0,0,0,0,0,0,0,0,0,0,0,0,0,0,0,0,0,0,0,0,0,0,0,0,0,0,0,0,0,0,0,0,0,0,0,0,0,0,0,0,0,0,0,0,0,0,0,0,0,0,0,0,0,0,0,0,0,0,0,0,0,0,0,0,0,0,0,0,0,0
7,0,0,0,0,0,0,0,0,0,0,0,0,0,0,0,0,0,0,0,0,0,0,0,0,0,0,0,0,0,0,0,0,0,0,0,0,0,0,0,0,0,0,0,0,0,0,0,0,0,0,0,0,0,0,0,0,0,0,0,0,0,0,0,0,0,0,0,0,0,0,0,0,0,0,0,0,0,0,0,0,0,0,0,0,0,0,0,0,0,0,0,0,0,0,0,0,0,0,0,0,0,0,0,0,0,0,0,0,0,0,0,0,0,0,0,0,0,0,0,0,0,0,0,0,0,0,0,0,0,0,0,0,0,0,0,0,0,0,0,0,0,0,0,0,0,0,0,0,0,0,0,0,0,0,0,0,0,0,0,0,0,0,0,0,0,0,0,0,0,0,0,0,0,0,0,0,0,0,0,0,0,0,0,0,0,0,0,0,0,0,0,0,0,0,0,0,0,0,0,0,0,0,0,0,0,85,255,254,195,73,21,0,0,0,0,0,0,0,27,0,0,0,0,0,0,0,0,0,0,0,0,0,0,181,254,253,253,253,240,236,216,145,145,145,145,229,242,102,0,0,0,0,0,0,0,0,0,0,0,0,0,155,101,55,171,216,242,254,253,253,253,253,254,253,221,59,0,0,0,0,0,0,0,0,0,0,0,0,0,0,0,0,0,0,39,54,87,70,233,253,254,100,8,0,0,0,0,0,0,0,0,0,0,0,0,0,0,0,0,0,0,0,0,0,0,69,253,253,136,5,0,0,0,0,0,0,0,0,0,0,0,0,0,0,0,0,0,0,0,0,0,0,62,241,254,169,0,0,0,0,0,0,0,0,0,0,0,0,0,0,0,0,0,0,0,0,0,0,0,42,239,253,164,5,0,0,0,0,0,0,0,0,0,0,0,0,0,0,0,0,0,0,0,0,0,0,14,196,253,195,8,0,0,0,0,0,0,0,0,0,0,0,0,0,0,0,0,0,0,0,0,0,0,2,103,254,203,8,0,0,0,0,0,0,0,0,0,0,0,0,0,0,0,0,0,0,0,0,0,0,0,84,253,254,76,0,0,0,0,0,0,0,0,0,0,0,0,0,0,0,0,0,0,0,0,0,0,0,50,234,254,156,0,0,0,0,0,0,0,0,0,0,0,0,0,0,0,0,0,0,0,0,0,0,0,12,186,253,201,7,0,0,0,0,0,0,0,0,0,0,0,0,0,0,0,0,0,0,0,0,0,0,0,145,253,198,49,0,0,0,0,0,0,0,0,0,0,0,0,0,0,0,0,0,0,0,0,0,0,0,97,249,231,50,0,0,0,0,0,0,0,0,0,0,0,0,0,0,0,0,0,0,0,0,0,0,0,66,228,253,94,0,0,0,0,0,0,0,0,0,0,0,0,0,0,0,0,0,0,0,0,0,0,0,38,228,255,140,0,0,0,0,0,0,0,0,0,0,0,0,0,0,0,0,0,0,0,0,0,0,0,8,204,253,160,14,0,0,0,0,0,0,0,0,0,0,0,0,0,0,0,0,0,0,0,0,0,0,0,159,253,194,13,0,0,0,0,0,0,0,0,0,0,0,0,0,0,0,0,0,0,0,0,0,0,0,89,245,232,41,0,0,0,0,0,0,0,0,0,0,0,0,0,0,0,0,0,0,0,0,0,0,0,0,235,240,35,0,0,0,0,0,0,0,0,0,0,0,0,0,0,0,0,0,0,0,0,0,0,0,0,0,0,0,0,0,0,0,0,0,0,0,0,0,0,0,0,0,0,0,0,0,0,0
4,0,0,0,0,0,0,0,0,0,0,0,0,0,0,0,0,0,0,0,0,0,0,0,0,0,0,0,0,0,0,0,0,0,0,0,0,0,0,0,0,0,0,0,0,0,0,0,0,0,0,0,0,0,0,0,0,0,0,0,0,0,0,0,0,0,0,0,0,0,0,0,0,0,0,0,0,0,0,0,0,0,0,0,0,0,0,0,0,0,0,0,0,0,0,0,0,0,0,0,0,0,0,0,0,0,0,0,0,0,0,0,0,0,0,0,0,0,0,0,0,0,0,0,0,0,0,0,0,0,0,0,0,0,0,0,0,0,0,0,0,0,0,0,0,0,0,0,0,0,0,0,0,0,0,0,0,0,0,0,0,82,214,131,0,0,0,0,0,0,0,0,0,0,0,0,0,0,0,0,0,0,0,0,0,0,0,0,21,223,233,30,0,0,0,0,0,0,0,0,0,0,0,0,0,0,0,0,0,0,0,0,0,0,0,21,254,253,82,0,0,0,0,0,0,0,0,0,0,0,0,0,0,0,0,0,0,41,203,81,0,0,21,203,253,130,0,0,0,0,0,0,0,0,0,0,0,0,0,0,0,0,0,0,0,102,254,151,0,0,72,253,244,81,0,0,0,0,0,0,0,0,0,0,0,0,0,0,0,0,0,0,0,183,253,111,0,0,233,252,122,0,0,0,0,0,0,0,0,0,0,0,0,0,0,0,0,0,0,0,132,253,183,0,0,62,254,192,0,0,0,0,0,0,0,0,0,0,0,0,0,0,0,0,0,0,0,82,253,252,20,0,41,223,233,50,0,0,0,0,0,0,0,0,0,0,0,0,0,0,0,0,0,0,92,233,234,71,0,0,152,253,224,20,21,0,0,0,0,0,0,0,0,0,0,0,0,0,0,0,0,123,233,252,253,131,102,102,233,252,223,183,61,0,0,0,0,0,0,0,0,0,0,0,0,0,0,0,52,253,254,253,254,253,254,253,254,253,254,233,82,0,0,0,0,0,0,0,0,0,0,0,0,0,0,0,132,252,192,151,151,151,253,252,253,252,151,50,0,0,0,0,0,0,0,0,0,0,0,0,0,0,0,0,62,61,0,0,0,0,193,253,183,20,0,0,0,0,0,0,0,0,0,0,0,0,0,0,0,0,0,0,0,0,0,0,0,82,233,212,81,0,0,0,0,0,0,0,0,0,0,0,0,0,0,0,0,0,0,0,0,0,0,0,11,173,254,131,0,0,0,0,0,0,0,0,0,0,0,0,0,0,0,0,0,0,0,0,0,0,0,0,31,232,253,50,0,0,0,0,0,0,0,0,0,0,0,0,0,0,0,0,0,0,0,0,0,0,0,0,173,253,103,0,0,0,0,0,0,0,0,0,0,0,0,0,0,0,0,0,0,0,0,0,0,0,0,0,253,252,61,0,0,0,0,0,0,0,0,0,0,0,0,0,0,0,0,0,0,0,0,0,0,0,0,123,255,172,0,0,0,0,0,0,0,0,0,0,0,0,0,0,0,0,0,0,0,0,0,0,0,0,0,40,253,50,0,0,0,0,0,0,0,0,0,0,0,0,0,0,0,0,0,0,0,0,0,0,0,0,0,0,0,0,0,0,0,0,0,0,0,0,0,0,0,0,0,0,0,0,0,0,0,0,0,0,0,0,0,0,0,0,0,0,0,0,0,0,0,0,0,0,0,0,0,0,0,0,0,0,0,0,0,0,0,0,0,0,0,0,0,0,0,0,0,0,0,0,0,0,0,0,0,0,0
5,0,0,0,0,0,0,0,0,0,0,0,0,0,0,0,0,0,0,0,0,0,0,0,0,0,0,0,0,0,0,0,0,0,0,0,0,0,0,0,0,0,0,0,0,0,0,0,0,0,0,0,0,0,0,0,0,0,0,0,0,0,0,0,0,0,0,0,0,0,0,0,0,0,0,0,0,0,0,0,0,0,0,0,0,0,0,0,0,0,0,0,0,0,0,0,0,0,0,0,0,0,0,0,0,0,0,0,0,0,0,0,0,0,0,0,0,0,0,0,0,0,0,0,0,0,0,0,0,0,0,0,0,0,0,0,0,0,0,0,0,0,0,0,0,0,0,0,0,0,0,0,0,0,0,0,0,0,0,0,0,0,0,45,150,90,0,0,0,0,0,0,0,0,0,0,0,0,0,0,0,0,0,0,75,2,0,89,126,197,197,246,253,192,0,0,0,0,0,0,0,0,0,0,0,0,0,0,0,0,16,122,252,244,244,253,253,253,253,237,194,67,0,0,0,0,0,0,0,0,0,0,0,0,0,0,0,21,199,253,253,253,253,253,228,170,101,37,0,0,0,0,0,0,0,0,0,0,0,0,0,0,0,0,2,167,253,248,187,22,20,20,14,0,0,0,0,0,0,0,0,0,0,0,0,0,0,0,0,0,0,0,46,253,252,102,0,0,0,0,0,0,0,0,0,0,0,0,0,0,0,0,0,0,0,0,0,0,0,5,213,253,199,0,0,0,0,0,0,0,0,0,0,0,0,0,0,0,0,0,0,0,0,0,0,0,32,160,253,253,216,166,127,2,0,0,0,0,0,0,0,0,0,0,0,0,0,0,0,0,0,0,0,0,217,253,253,253,253,253,253,214,54,0,0,0,0,0,0,0,0,0,0,0,0,0,0,0,0,0,0,0,191,217,111,98,98,120,222,253,165,0,0,0,0,0,0,0,0,0,0,0,0,0,0,0,0,0,0,0,6,16,0,0,0,0,20,250,199,6,0,0,0,0,0,0,0,0,0,0,0,0,0,0,0,0,0,0,0,0,0,0,0,0,0,249,253,15,0,0,0,0,0,0,0,0,0,0,0,0,0,0,0,0,0,0,0,0,0,0,0,0,41,251,253,15,0,0,0,0,0,0,0,0,0,0,0,0,0,0,135,55,2,0,0,0,0,0,0,0,53,252,206,7,0,0,0,0,0,0,0,0,0,0,0,0,0,0,255,253,85,0,0,0,0,0,0,16,189,253,165,0,0,0,0,0,0,0,0,0,0,0,0,0,0,0,237,253,240,112,0,0,0,0,0,61,253,250,67,0,0,0,0,0,0,0,0,0,0,0,0,0,0,0,16,188,253,227,84,0,0,17,113,222,253,184,0,0,0,0,0,0,0,0,0,0,0,0,0,0,0,0,0,14,194,253,235,188,121,227,253,251,203,17,0,0,0,0,0,0,0,0,0,0,0,0,0,0,0,0,0,0,14,127,249,253,253,239,196,114,0,0,0,0,0,0,0,0,0,0,0,0,0,0,0,0,0,0,0,0,0,0,53,149,101,35,0,0,0,0,0,0,0,0,0,0,0,0,0,0,0,0,0,0,0,0,0,0,0,0,0,0,0,0,0,0,0,0,0,0,0,0,0,0,0,0,0,0,0,0,0,0,0,0,0,0,0,0,0,0,0,0,0,0,0,0,0,0,0,0,0,0,0,0,0,0,0,0,0,0,0,0,0,0,0,0,0,0,0,0,0,0,0,0,0,0,0,0,0,0,0,0,0,0,0
1,0,0,0,0,0,0,0,0,0,0,0,0,0,0,0,0,0,0,0,0,0,0,0,0,0,0,0,0,0,0,0,0,0,0,0,0,0,0,0,0,0,0,0,0,0,0,0,0,0,0,0,0,0,0,0,0,0,0,0,0,0,0,0,0,0,0,0,0,0,0,0,0,0,0,0,0,0,0,0,0,0,0,0,0,0,0,0,0,0,0,0,0,0,0,0,0,0,0,0,0,0,0,0,0,0,0,0,0,0,0,0,0,0,0,0,0,0,0,0,0,0,0,0,0,0,0,0,0,0,0,0,0,0,0,0,0,0,0,0,0,0,0,0,0,0,0,0,0,0,0,0,0,0,0,0,0,0,0,0,0,0,0,0,0,0,0,0,0,0,0,0,0,0,0,0,0,0,0,0,0,0,0,163,234,51,0,0,0,0,0,0,0,0,0,0,0,0,0,0,0,0,0,0,0,0,0,0,0,0,0,203,253,151,0,0,0,0,0,0,0,0,0,0,0,0,0,0,0,0,0,0,0,0,0,0,0,0,0,204,255,131,0,0,0,0,0,0,0,0,0,0,0,0,0,0,0,0,0,0,0,0,0,0,0,0,0,203,253,50,0,0,0,0,0,0,0,0,0,0,0,0,0,0,0,0,0,0,0,0,0,0,0,0,31,233,234,30,0,0,0,0,0,0,0,0,0,0,0,0,0,0,0,0,0,0,0,0,0,0,0,0,51,252,253,50,0,0,0,0,0,0,0,0,0,0,0,0,0,0,0,0,0,0,0,0,0,0,0,0,51,253,224,20,0,0,0,0,0,0,0,0,0,0,0,0,0,0,0,0,0,0,0,0,0,0,0,0,51,252,203,0,0,0,0,0,0,0,0,0,0,0,0,0,0,0,0,0,0,0,0,0,0,0,0,0,113,253,203,0,0,0,0,0,0,0,0,0,0,0,0,0,0,0,0,0,0,0,0,0,0,0,0,0,112,252,203,0,0,0,0,0,0,0,0,0,0,0,0,0,0,0,0,0,0,0,0,0,0,0,0,0,51,253,203,0,0,0,0,0,0,0,0,0,0,0,0,0,0,0,0,0,0,0,0,0,0,0,0,0,51,252,203,0,0,0,0,0,0,0,0,0,0,0,0,0,0,0,0,0,0,0,0,0,0,0,0,0,51,253,203,0,0,0,0,0,0,0,0,0,0,0,0,0,0,0,0,0,0,0,0,0,0,0,0,0,51,252,203,0,0,0,0,0,0,0,0,0,0,0,0,0,0,0,0,0,0,0,0,0,0,0,0,0,51,253,102,0,0,0,0,0,0,0,0,0,0,0,0,0,0,0,0,0,0,0,0,0,0,0,0,0,51,252,102,0,0,0,0,0,0,0,0,0,0,0,0,0,0,0,0,0,0,0,0,0,0,0,0,0,92,253,103,0,0,0,0,0,0,0,0,0,0,0,0,0,0,0,0,0,0,0,0,0,0,0,0,0,51,252,102,0,0,0,0,0,0,0,0,0,0,0,0,0,0,0,0,0,0,0,0,0,0,0,0,0,0,142,0,0,0,0,0,0,0,0,0,0,0,0,0,0,0,0,0,0,0,0,0,0,0,0,0,0,0,102,0,0,0,0,0,0,0,0,0,0,0,0,0,0,0,0,0,0,0,0,0,0,0,0,0,0,0,0,0,0,0,0,0,0,0,0,0,0,0,0,0,0,0,0,0,0,0,0,0,0,0,0,0,0,0,0,0,0,0,0,0,0,0,0,0,0,0,0,0
8,0,0,0,0,0,0,0,0,0,0,0,0,0,0,0,0,0,0,0,0,0,0,0,0,0,0,0,0,0,0,0,0,0,0,0,0,0,0,0,0,0,0,0,0,0,0,0,0,0,0,0,0,0,0,0,0,0,0,0,0,0,0,0,0,0,0,0,0,0,0,0,0,0,0,0,0,0,0,0,0,0,0,0,0,0,0,0,0,0,0,0,0,0,0,0,0,0,0,0,0,0,0,0,0,0,0,0,0,0,0,0,0,0,0,0,0,0,0,0,0,0,0,0,0,0,0,0,0,0,0,0,0,0,0,0,0,0,0,0,0,0,0,0,0,0,0,0,0,0,0,0,0,0,0,0,0,23,125,208,254,254,174,0,0,0,0,0,0,0,0,0,0,0,0,0,0,0,0,0,0,0,31,118,212,249,253,253,253,253,173,0,0,0,0,0,0,0,0,0,0,0,0,0,0,0,0,0,0,126,244,253,253,253,253,253,253,253,253,111,0,0,0,0,0,0,0,0,0,0,0,0,0,0,0,0,127,250,253,253,253,253,253,253,253,253,253,117,0,0,0,0,0,0,0,0,0,0,0,0,0,0,36,141,249,253,253,253,233,155,135,55,253,253,253,117,0,0,0,0,0,0,0,0,0,0,0,0,0,0,45,234,253,253,230,162,62,0,15,113,253,253,248,141,0,0,0,0,0,0,0,0,0,0,0,0,0,0,92,253,253,253,78,0,0,83,221,253,253,253,129,0,0,0,0,0,0,0,0,0,0,0,0,0,0,0,17,222,253,253,185,79,106,240,253,253,253,197,20,0,0,0,0,0,0,0,0,0,0,0,0,0,0,0,0,112,253,253,253,253,253,253,253,253,195,21,0,0,0,0,0,0,0,0,0,0,0,0,0,0,0,0,0,42,230,253,253,253,253,253,243,105,22,0,0,0,0,0,0,0,0,0,0,0,0,0,0,0,0,0,22,191,253,253,253,253,253,253,147,0,0,0,0,0,0,0,0,0,0,0,0,0,0,0,0,0,49,170,208,253,253,253,253,253,253,253,234,47,0,0,0,0,0,0,0,0,0,0,0,0,0,0,22,170,248,253,253,253,253,217,174,78,105,239,241,63,0,0,0,0,0,0,0,0,0,0,0,0,0,0,205,253,253,253,253,220,174,17,0,0,0,176,253,91,0,0,0,0,0,0,0,0,0,0,0,0,0,17,249,253,253,253,111,14,0,0,0,0,34,226,253,91,0,0,0,0,0,0,0,0,0,0,0,0,0,48,250,253,253,113,12,0,0,0,0,0,133,253,249,81,0,0,0,0,0,0,0,0,0,0,0,0,0,0,229,252,253,110,13,0,0,0,16,118,224,253,214,0,0,0,0,0,0,0,0,0,0,0,0,0,0,0,0,241,253,253,214,143,143,143,228,253,253,227,93,0,0,0,0,0,0,0,0,0,0,0,0,0,0,0,0,168,249,253,253,253,253,253,253,253,222,96,0,0,0,0,0,0,0,0,0,0,0,0,0,0,0,0,0,0,105,253,253,253,253,253,152,123,35,0,0,0,0,0,0,0,0,0,0,0,0,0,0,0,0,0,0,0,0,0,0,0,0,0,0,0,0,0,0,0,0,0,0,0,0,0,0,0,0,0,0,0,0,0,0,0,0,0,0,0,0,0,0,0,0,0,0,0,0,0,0,0,0,0,0,0,0,0,0,0,0,0,0,0,0,0,0,0,0,0,0,0,0,0,0,0,0,0,0,0,0,0,0,0,0
0,0,0,0,0,0,0,0,0,0,0,0,0,0,0,0,0,0,0,0,0,0,0,0,0,0,0,0,0,0,0,0,0,0,0,0,0,0,0,0,0,0,0,0,0,0,0,0,0,0,0,0,0,0,0,0,0,0,0,0,0,0,0,0,0,0,0,0,0,0,0,0,0,0,0,0,0,0,0,0,0,0,0,0,0,0,0,0,0,0,0,0,0,0,0,0,0,0,0,0,0,0,0,0,0,0,0,0,0,0,0,0,0,0,0,0,0,0,0,0,0,0,0,4,89,130,219,254,254,218,130,88,1,0,0,0,0,0,0,0,0,0,0,0,0,0,0,0,0,14,136,211,253,253,253,253,253,253,253,253,108,8,0,0,0,0,0,0,0,0,0,0,0,0,0,0,20,153,253,253,250,149,111,111,111,111,150,250,253,161,11,0,0,0,0,0,0,0,0,0,0,0,0,0,143,253,250,149,87,0,0,0,0,0,0,88,220,253,210,11,0,0,0,0,0,0,0,0,0,0,0,8,210,253,207,0,0,0,0,0,0,0,0,0,37,220,253,108,2,0,0,0,0,0,0,0,0,0,0,92,253,237,36,0,0,0,0,0,0,0,0,0,0,37,238,253,30,0,0,0,0,0,0,0,0,0,5,214,253,146,0,0,0,0,0,0,0,0,0,0,0,0,147,253,135,0,0,0,0,0,0,0,0,0,7,253,240,33,0,0,0,0,0,0,0,0,0,0,0,0,86,250,135,0,0,0,0,0,0,0,0,0,7,253,146,0,0,0,0,0,0,0,0,0,0,0,0,0,0,236,219,4,0,0,0,0,0,0,0,0,98,253,111,0,0,0,0,0,0,0,0,0,0,0,0,0,0,236,253,5,0,0,0,0,0,0,0,0,130,253,111,0,0,0,0,0,0,0,0,0,0,0,0,0,0,236,253,5,0,0,0,0,0,0,0,0,130,253,111,0,0,0,0,0,0,0,0,0,0,0,0,0,0,236,161,2,0,0,0,0,0,0,0,0,91,253,111,0,0,0,0,0,0,0,0,0,0,0,0,0,0,236,135,0,0,0,0,0,0,0,0,0,7,253,153,0,0,0,0,0,0,0,0,0,0,0,0,0,130,250,135,0,0,0,0,0,0,0,0,0,7,253,251,90,0,0,0,0,0,0,0,0,0,0,0,131,250,253,29,0,0,0,0,0,0,0,0,0,1,150,253,214,0,0,0,0,0,0,0,0,0,35,206,250,253,154,2,0,0,0,0,0,0,0,0,0,0,19,207,251,230,150,106,106,31,78,106,106,206,238,253,253,253,30,0,0,0,0,0,0,0,0,0,0,0,0,89,253,253,253,253,253,241,249,253,253,253,253,253,209,30,2,0,0,0,0,0,0,0,0,0,0,0,0,1,35,253,253,253,253,253,253,253,253,253,213,90,7,0,0,0,0,0,0,0,0,0,0,0,0,0,0,0,1,5,24,129,153,253,223,129,32,5,4,0,0,0,0,0,0,0,0,0,0,0,0,0,0,0,0,0,0,0,0,0,0,0,0,0,0,0,0,0,0,0,0,0,0,0,0,0,0,0,0,0,0,0,0,0,0,0,0,0,0,0,0,0,0,0,0,0,0,0,0,0,0,0,0,0,0,0,0,0,0,0,0,0,0,0,0,0,0,0,0,0,0,0,0,0,0,0,0,0,0,0,0,0,0,0,0,0,0,0,0,0,0,0,0,0,0,0,0,0,0,0,0,0,0,0,0,0,0,0,0,0
3,0,0,0,0,0,0,0,0,0,0,0,0,0,0,0,0,0,0,0,0,0,0,0,0,0,0,0,0,0,0,0,0,0,0,0,0,0,0,0,0,0,0,0,0,0,0,0,0,0,0,0,0,0,0,0,0,0,0,0,0,0,0,0,0,0,0,0,0,0,0,0,0,0,0,0,0,0,0,0,0,0,0,0,0,0,0,0,0,0,0,0,0,0,0,0,0,0,0,0,0,0,0,0,0,0,0,0,0,0,0,0,0,0,0,0,0,0,0,0,0,0,0,0,0,0,0,0,0,0,0,0,0,0,0,0,0,0,0,0,0,0,0,0,0,0,0,0,0,0,0,0,0,8,63,40,0,0,0,0,0,0,0,0,0,0,0,0,0,0,0,0,0,0,0,0,0,0,0,0,0,112,254,242,138,138,57,42,0,0,0,0,0,0,0,0,0,0,0,0,0,0,0,0,0,0,0,0,0,73,233,254,254,254,254,247,205,88,0,0,0,0,0,0,0,0,0,0,0,0,0,0,0,0,0,0,0,0,23,86,170,237,254,254,254,251,169,0,0,0,0,0,0,0,0,0,0,0,0,0,0,0,0,0,0,0,0,0,0,18,86,171,254,254,254,0,0,0,0,0,0,0,0,0,0,0,0,0,0,0,0,0,0,0,0,0,0,0,18,112,254,254,254,0,0,0,0,0,0,0,0,0,0,0,0,0,0,0,0,0,0,0,0,0,0,93,243,254,254,250,151,0,0,0,0,0,0,0,0,0,0,0,0,0,0,0,0,0,0,0,83,147,175,253,254,254,247,123,0,0,0,0,0,0,0,0,0,0,0,0,0,0,0,0,0,0,8,161,247,254,254,254,254,232,45,0,0,0,0,0,0,0,0,0,0,0,0,0,0,0,0,0,0,0,40,248,254,253,222,242,254,247,52,0,0,0,0,0,0,0,0,0,0,0,0,0,0,0,0,0,0,0,0,132,198,82,0,59,245,254,175,0,0,0,0,0,0,0,0,0,0,0,0,0,0,0,0,0,0,0,0,0,0,0,0,2,233,254,227,0,0,0,0,0,0,0,0,0,0,0,0,0,0,0,0,0,0,0,0,0,0,0,26,157,254,254,198,0,0,0,0,0,0,0,0,0,0,71,95,0,0,0,0,0,0,0,0,0,52,69,187,254,254,229,22,0,0,0,0,0,0,0,0,0,0,247,197,6,0,5,54,54,111,143,158,232,249,254,254,254,186,31,0,0,0,0,0,0,0,0,0,0,0,255,254,222,219,222,254,254,254,254,254,254,237,213,153,38,3,0,0,0,0,0,0,0,0,0,0,0,0,76,222,251,254,254,254,235,227,227,148,64,28,0,0,0,0,0,0,0,0,0,0,0,0,0,0,0,0,0,0,56,62,62,62,20,0,0,0,0,0,0,0,0,0,0,0,0,0,0,0,0,0,0,0,0,0,0,0,0,0,0,0,0,0,0,0,0,0,0,0,0,0,0,0,0,0,0,0,0,0,0,0,0,0,0,0,0,0,0,0,0,0,0,0,0,0,0,0,0,0,0,0,0,0,0,0,0,0,0,0,0,0,0,0,0,0,0,0,0,0,0,0,0,0,0,0,0,0,0,0,0,0,0,0,0,0,0,0,0,0,0,0,0,0,0,0,0,0,0,0,0,0,0,0,0,0,0,0,0,0,0,0,0,0,0,0,0,0,0,0,0,0,0,0,0,0,0,0,0,0,0,0,0,0,0,0,0,0,0,0,0,0,0,0
1,0,0,0,0,0,0,0,0,0,0,0,0,0,0,0,0,0,0,0,0,0,0,0,0,0,0,0,0,0,0,0,0,0,0,0,0,0,0,0,0,0,0,0,0,0,0,0,0,0,0,0,0,0,0,0,0,0,0,0,0,0,0,0,0,0,0,0,0,0,0,0,0,0,0,0,0,0,0,0,0,0,0,0,0,0,0,0,0,0,0,0,0,0,0,0,0,0,0,0,0,0,0,0,0,0,0,0,0,0,0,0,0,0,0,0,0,0,0,0,0,0,0,0,0,193,78,0,0,0,0,0,0,0,0,0,0,0,0,0,0,0,0,0,0,0,0,0,0,0,0,0,0,213,243,62,0,0,0,0,0,0,0,0,0,0,0,0,0,0,0,0,0,0,0,0,0,0,0,0,0,110,253,181,16,0,0,0,0,0,0,0,0,0,0,0,0,0,0,0,0,0,0,0,0,0,0,0,0,47,233,253,191,0,0,0,0,0,0,0,0,0,0,0,0,0,0,0,0,0,0,0,0,0,0,0,0,0,218,253,253,63,0,0,0,0,0,0,0,0,0,0,0,0,0,0,0,0,0,0,0,0,0,0,0,0,155,233,253,145,0,0,0,0,0,0,0,0,0,0,0,0,0,0,0,0,0,0,0,0,0,0,0,0,0,182,253,145,0,0,0,0,0,0,0,0,0,0,0,0,0,0,0,0,0,0,0,0,0,0,0,0,0,182,253,145,0,0,0,0,0,0,0,0,0,0,0,0,0,0,0,0,0,0,0,0,0,0,0,0,0,121,255,146,0,0,0,0,0,0,0,0,0,0,0,0,0,0,0,0,0,0,0,0,0,0,0,0,0,37,253,145,0,0,0,0,0,0,0,0,0,0,0,0,0,0,0,0,0,0,0,0,0,0,0,0,0,37,169,161,6,0,0,0,0,0,0,0,0,0,0,0,0,0,0,0,0,0,0,0,0,0,0,0,0,121,253,192,15,0,0,0,0,0,0,0,0,0,0,0,0,0,0,0,0,0,0,0,0,0,0,0,0,183,255,146,0,0,0,0,0,0,0,0,0,0,0,0,0,0,0,0,0,0,0,0,0,0,0,0,0,182,253,145,0,0,0,0,0,0,0,0,0,0,0,0,0,0,0,0,0,0,0,0,0,0,0,0,0,182,253,145,0,0,0,0,0,0,0,0,0,0,0,0,0,0,0,0,0,0,0,0,0,0,0,0,0,182,253,145,0,0,0,0,0,0,0,0,0,0,0,0,0,0,0,0,0,0,0,0,0,0,0,0,74,254,255,0,0,0,0,0,0,0,0,0,0,0,0,0,0,0,0,0,0,0,0,0,0,21,104,74,125,253,253,84,0,0,0,0,0,0,0,0,0,0,0,0,0,0,0,0,0,0,0,0,0,0,145,254,253,253,232,0,0,0,0,0,0,0,0,0,0,0,0,0,0,0,0,0,0,0,0,0,0,0,62,109,233,253,108,0,0,0,0,0,0,0,0,0,0,0,0,0,0,0,0,0,0,0,0,0,0,0,0,0,0,0,0,0,0,0,0,0,0,0,0,0,0,0,0,0,0,0,0,0,0,0,0,0,0,0,0,0,0,0,0,0,0,0,0,0,0,0,0,0,0,0,0,0,0,0,0,0,0,0,0,0,0,0,0,0,0,0,0,0,0,0,0,0,0,0,0,0,0,0,0,0,0,0,0,0,0,0,0,0,0,0,0,0,0,0,0,0,0,0,0,0,0,0,0,0,0,0,0
6,0,0,0,0,0,0,0,0,0,0,0,0,0,0,0,0,0,0,0,0,0,0,0,0,0,0,0,0,0,0,0,0,0,0,0,0,0,0,0,0,0,0,0,0,0,0,0,0,0,0,0,0,0,0,0,0,0,0,0,0,0,0,0,0,0,0,0,0,0,0,2,99,226,219,26,0,0,0,0,0,0,0,0,0,0,0,0,0,0,0,0,0,0,0,0,0,0,27,163,254,254,254,49,0,0,0,0,0,0,0,0,0,0,0,0,0,0,0,0,0,0,0,0,0,4,127,254,254,254,249,46,0,0,0,0,0,0,0,0,0,0,0,0,0,0,0,0,0,0,0,0,0,118,254,254,248,135,75,0,0,0,0,0,0,0,0,0,0,0,0,0,0,0,0,0,0,0,0,0,39,221,254,248,108,0,0,0,0,0,0,0,0,0,0,0,0,0,0,0,0,0,0,0,0,0,0,20,221,254,247,109,0,0,0,0,0,0,0,0,0,0,0,0,0,0,0,0,0,0,0,0,0,0,5,130,254,254,183,0,0,0,0,0,0,0,0,0,0,0,0,0,0,0,0,0,0,0,0,0,0,0,111,254,254,200,26,0,0,0,0,0,0,0,0,0,0,0,0,0,0,0,0,0,0,0,0,0,0,5,173,254,254,87,0,0,0,0,0,0,0,0,0,0,0,0,0,0,0,0,0,0,0,0,0,0,0,50,254,254,245,66,0,0,0,0,0,0,0,54,63,6,0,0,0,0,0,0,0,0,0,0,0,0,10,228,254,254,183,0,0,0,0,86,193,193,193,246,254,147,5,0,0,0,0,0,0,0,0,0,0,0,13,254,254,230,20,0,0,17,166,241,254,254,254,254,254,254,148,4,0,0,0,0,0,0,0,0,0,0,114,254,254,183,0,0,81,217,254,254,254,254,254,254,254,254,164,3,0,0,0,0,0,0,0,0,0,0,137,254,254,99,0,80,241,254,254,254,254,212,254,254,254,254,142,0,0,0,0,0,0,0,0,0,0,0,137,254,254,99,79,242,254,254,254,209,156,213,254,254,254,215,29,0,0,0,0,0,0,0,0,0,0,0,137,254,254,147,162,254,254,254,224,148,254,254,254,254,166,30,0,0,0,0,0,0,0,0,0,0,0,0,137,254,254,252,246,254,254,254,254,254,254,254,254,118,3,0,0,0,0,0,0,0,0,0,0,0,0,0,83,254,254,254,254,254,254,254,254,254,254,219,100,3,0,0,0,0,0,0,0,0,0,0,0,0,0,0,1,148,254,254,254,254,254,254,254,222,100,8,0,0,0,0,0,0,0,0,0,0,0,0,0,0,0,0,0,3,91,255,255,255,255,166,100,4,0,0,0,0,0,0,0,0,0,0,0,0,0,0,0,0,0,0,0,0,0,0,0,0,0,0,0,0,0,0,0,0,0,0,0,0,0,0,0,0,0,0,0,0,0,0,0,0,0,0,0,0,0,0,0,0,0,0,0,0,0,0,0,0,0,0,0,0,0,0,0,0,0,0,0,0,0,0,0,0,0,0,0,0,0,0,0,0,0,0,0,0,0,0,0,0,0,0,0,0,0,0,0,0,0,0,0,0,0,0,0,0,0,0,0,0,0,0,0,0,0,0,0,0,0,0,0,0,0,0,0,0,0,0,0,0,0,0,0,0,0,0,0,0,0,0,0,0,0,0,0,0,0,0,0,0,0,0,0,0,0,0,0,0,0,0,0,0,0,0,0,0,0,0,0,0,0,0,0
1,0,0,0,0,0,0,0,0,0,0,0,0,0,0,0,0,0,0,0,0,0,0,0,0,0,0,0,0,0,0,0,0,0,0,0,0,0,0,0,0,0,0,0,0,0,0,0,0,0,0,0,0,0,0,0,0,0,0,0,0,0,0,0,0,0,0,0,0,0,0,0,0,0,0,0,0,0,0,0,0,0,0,0,0,0,0,0,0,0,0,0,0,0,0,0,0,0,0,0,0,0,0,0,0,0,0,0,0,0,0,0,0,0,0,0,0,0,0,0,0,0,0,0,0,0,0,0,0,0,0,0,0,0,0,0,0,0,0,0,0,0,0,0,0,0,0,0,0,0,0,0,0,0,0,0,0,0,0,0,0,55,230,83,0,0,0,0,0,0,0,0,0,0,0,0,0,0,0,0,0,0,0,0,0,0,0,0,12,158,244,36,0,0,0,0,0,0,0,0,0,0,0,0,0,0,0,0,0,0,0,0,0,0,0,1,55,245,191,0,0,0,0,0,0,0,0,0,0,0,0,0,0,0,0,0,0,0,0,0,0,0,0,66,254,196,18,0,0,0,0,0,0,0,0,0,0,0,0,0,0,0,0,0,0,0,0,0,0,13,76,250,194,15,0,0,0,0,0,0,0,0,0,0,0,0,0,0,0,0,0,0,0,0,0,0,0,150,254,162,16,0,0,0,0,0,0,0,0,0,0,0,0,0,0,0,0,0,0,0,0,0,0,0,99,255,160,17,0,0,0,0,0,0,0,0,0,0,0,0,0,0,0,0,0,0,0,0,0,0,0,105,251,194,15,0,0,0,0,0,0,0,0,0,0,0,0,0,0,0,0,0,0,0,0,0,0,0,59,248,197,14,0,0,0,0,0,0,0,0,0,0,0,0,0,0,0,0,0,0,0,0,0,0,0,0,221,243,41,0,0,0,0,0,0,0,0,0,0,0,0,0,0,0,0,0,0,0,0,0,0,0,0,79,251,142,0,0,0,0,0,0,0,0,0,0,0,0,0,0,0,0,0,0,0,0,0,0,0,0,3,190,245,102,0,0,0,0,0,0,0,0,0,0,0,0,0,0,0,0,0,0,0,0,0,0,0,2,63,254,155,0,0,0,0,0,0,0,0,0,0,0,0,0,0,0,0,0,0,0,0,0,0,0,0,16,223,254,44,0,0,0,0,0,0,0,0,0,0,0,0,0,0,0,0,0,0,0,0,0,0,0,0,44,230,175,4,0,0,0,0,0,0,0,0,0,0,0,0,0,0,0,0,0,0,0,0,0,0,0,6,185,242,56,0,0,0,0,0,0,0,0,0,0,0,0,0,0,0,0,0,0,0,0,0,0,0,0,23,241,110,0,0,0,0,0,0,0,0,0,0,0,0,0,0,0,0,0,0,0,0,0,0,0,0,0,129,235,30,0,0,0,0,0,0,0,0,0,0,0,0,0,0,0,0,0,0,0,0,0,0,0,0,4,201,231,24,0,0,0,0,0,0,0,0,0,0,0,0,0,0,0,0,0,0,0,0,0,0,0,0,0,170,171,0,0,0,0,0,0,0,0,0,0,0,0,0,0,0,0,0,0,0,0,0,0,0,0,0,0,0,0,0,0,0,0,0,0,0,0,0,0,0,0,0,0,0,0,0,0,0,0,0,0,0,0,0,0,0,0,0,0,0,0,0,0,0,0,0,0,0,0,0,0,0,0,0,0,0,0,0,0,0,0,0,0,0,0,0,0,0,0,0,0,0,0,0,0,0,0,0,0,0,0,0
1,0,0,0,0,0,0,0,0,0,0,0,0,0,0,0,0,0,0,0,0,0,0,0,0,0,0,0,0,0,0,0,0,0,0,0,0,0,0,0,0,0,0,0,0,0,0,0,0,0,0,0,0,0,0,0,0,0,0,0,0,0,0,0,0,0,0,0,0,0,0,0,0,0,0,0,0,0,0,0,0,0,0,0,0,0,0,0,0,0,0,0,0,0,0,0,0,0,0,0,0,0,0,0,0,0,0,0,0,0,0,0,0,0,0,0,0,0,0,0,0,0,0,0,0,0,18,193,55,0,0,0,0,0,0,0,0,0,0,0,0,0,0,0,0,0,0,0,0,0,0,0,0,0,27,253,196,7,0,0,0,0,0,0,0,0,0,0,0,0,0,0,0,0,0,0,0,0,0,0,0,0,0,253,252,21,0,0,0,0,0,0,0,0,0,0,0,0,0,0,0,0,0,0,0,0,0,0,0,0,0,253,252,21,0,0,0,0,0,0,0,0,0,0,0,0,0,0,0,0,0,0,0,0,0,0,0,0,0,253,252,21,0,0,0,0,0,0,0,0,0,0,0,0,0,0,0,0,0,0,0,0,0,0,0,0,0,254,253,21,0,0,0,0,0,0,0,0,0,0,0,0,0,0,0,0,0,0,0,0,0,0,0,0,0,209,252,21,0,0,0,0,0,0,0,0,0,0,0,0,0,0,0,0,0,0,0,0,0,0,0,0,54,253,210,11,0,0,0,0,0,0,0,0,0,0,0,0,0,0,0,0,0,0,0,0,0,0,0,0,106,253,141,0,0,0,0,0,0,0,0,0,0,0,0,0,0,0,0,0,0,0,0,0,0,0,0,0,106,253,63,0,0,0,0,0,0,0,0,0,0,0,0,0,0,0,0,0,0,0,0,0,0,0,0,0,107,255,63,0,0,0,0,0,0,0,0,0,0,0,0,0,0,0,0,0,0,0,0,0,0,0,0,0,141,253,63,0,0,0,0,0,0,0,0,0,0,0,0,0,0,0,0,0,0,0,0,0,0,0,0,0,211,232,32,0,0,0,0,0,0,0,0,0,0,0,0,0,0,0,0,0,0,0,0,0,0,0,0,70,239,211,0,0,0,0,0,0,0,0,0,0,0,0,0,0,0,0,0,0,0,0,0,0,0,0,0,169,252,211,0,0,0,0,0,0,0,0,0,0,0,0,0,0,0,0,0,0,0,0,0,0,0,0,0,169,253,150,0,0,0,0,0,0,0,0,0,0,0,0,0,0,0,0,0,0,0,0,0,0,0,0,0,169,252,71,0,0,0,0,0,0,0,0,0,0,0,0,0,0,0,0,0,0,0,0,0,0,0,0,73,246,199,0,0,0,0,0,0,0,0,0,0,0,0,0,0,0,0,0,0,0,0,0,0,0,0,0,127,252,147,0,0,0,0,0,0,0,0,0,0,0,0,0,0,0,0,0,0,0,0,0,0,0,0,0,127,252,103,0,0,0,0,0,0,0,0,0,0,0,0,0,0,0,0,0,0,0,0,0,0,0,0,0,0,0,0,0,0,0,0,0,0,0,0,0,0,0,0,0,0,0,0,0,0,0,0,0,0,0,0,0,0,0,0,0,0,0,0,0,0,0,0,0,0,0,0,0,0,0,0,0,0,0,0,0,0,0,0,0,0,0,0,0,0,0,0,0,0,0,0,0,0,0,0,0,0,0,0,0,0,0,0,0,0,0,0,0,0,0,0,0,0,0,0,0,0,0,0,0,0,0,0,0,0
4,0,0,0,0,0,0,0,0,0,0,0,0,0,0,0,0,0,0,0,0,0,0,0,0,0,0,0,0,0,0,0,0,0,0,0,0,0,0,0,0,0,0,0,0,0,0,0,0,0,0,0,0,0,0,0,0,0,0,0,0,0,0,0,0,0,0,0,0,0,0,0,0,0,0,0,0,0,0,0,0,0,0,0,0,0,0,0,0,0,0,0,0,0,0,0,0,0,0,0,0,0,0,0,0,0,0,0,0,0,0,0,0,0,0,0,0,0,0,0,0,0,0,0,0,0,0,0,0,0,0,0,0,0,0,0,0,0,0,0,0,0,0,0,0,0,0,0,0,0,0,0,0,0,0,0,0,0,0,0,0,0,0,0,0,0,0,0,0,0,0,0,0,0,0,0,0,0,0,0,0,0,0,0,0,0,0,66,232,113,0,0,0,0,0,0,0,0,0,0,0,0,0,0,0,0,0,0,10,136,89,0,0,0,32,231,206,17,0,0,0,0,0,0,0,0,0,0,0,0,0,0,0,0,0,11,213,247,122,0,0,10,180,239,57,0,0,0,0,0,0,0,0,0,0,0,0,0,0,0,0,0,0,181,254,116,0,0,0,147,254,125,0,0,0,0,0,0,0,0,0,0,0,0,0,0,0,0,0,0,143,252,186,0,0,0,30,242,212,12,0,0,0,0,0,0,0,0,0,0,0,0,0,0,0,0,0,69,252,234,12,0,0,0,77,254,128,0,0,0,0,0,0,0,0,0,0,0,0,0,0,0,0,0,0,208,254,50,0,0,0,1,187,233,13,0,0,0,0,0,0,0,0,0,0,0,0,0,0,0,0,0,0,211,217,8,0,0,0,41,254,158,0,0,0,0,0,0,0,0,0,0,0,0,0,0,0,0,0,0,0,167,254,172,31,9,4,117,254,109,0,0,3,29,15,0,0,0,0,0,0,0,0,0,0,0,0,0,0,10,216,255,254,218,208,255,254,225,203,203,207,236,83,0,0,0,0,0,0,0,0,0,0,0,0,0,0,0,23,115,148,202,224,254,227,202,126,122,89,23,0,0,0,0,0,0,0,0,0,0,0,0,0,0,0,0,0,0,0,0,110,254,101,0,0,0,0,0,0,0,0,0,0,0,0,0,0,0,0,0,0,0,0,0,0,0,0,5,205,216,3,0,0,0,0,0,0,0,0,0,0,0,0,0,0,0,0,0,0,0,0,0,0,0,0,19,254,185,0,0,0,0,0,0,0,0,0,0,0,0,0,0,0,0,0,0,0,0,0,0,0,0,0,104,252,71,0,0,0,0,0,0,0,0,0,0,0,0,0,0,0,0,0,0,0,0,0,0,0,0,2,212,226,0,0,0,0,0,0,0,0,0,0,0,0,0,0,0,0,0,0,0,0,0,0,0,0,0,5,254,146,0,0,0,0,0,0,0,0,0,0,0,0,0,0,0,0,0,0,0,0,0,0,0,0,0,74,246,30,0,0,0,0,0,0,0,0,0,0,0,0,0,0,0,0,0,0,0,0,0,0,0,0,0,158,216,0,0,0,0,0,0,0,0,0,0,0,0,0,0,0,0,0,0,0,0,0,0,0,0,0,0,166,131,0,0,0,0,0,0,0,0,0,0,0,0,0,0,0,0,0,0,0,0,0,0,0,0,0,0,0,0,0,0,0,0,0,0,0,0,0,0,0,0,0,0,0,0,0,0,0,0,0,0,0,0,0,0,0,0,0,0,0,0,0,0,0,0,0,0,0,0,0,0,0
8,0,0,0,0,0,0,0,0,0,0,0,0,0,0,0,0,0,0,0,0,0,0,0,0,0,0,0,0,0,0,0,0,0,0,0,0,0,0,0,0,0,0,0,0,0,0,0,0,0,0,0,0,0,0,0,0,0,0,0,0,0,0,0,0,0,0,0,0,0,0,0,0,0,0,0,0,0,0,0,0,0,0,0,0,0,0,0,0,0,0,0,0,0,0,0,0,0,0,0,0,0,0,0,0,0,0,0,0,0,0,0,0,0,0,0,0,0,0,0,0,0,0,163,214,31,11,51,51,10,0,0,0,0,0,0,0,0,0,0,0,0,0,0,0,0,0,0,0,0,123,243,253,232,213,252,253,212,183,61,0,0,0,0,0,0,0,0,0,0,0,0,0,0,0,0,0,21,254,253,183,102,102,102,163,243,254,253,193,30,0,0,0,0,0,0,0,0,0,0,0,0,0,0,0,102,253,90,0,0,0,0,0,40,213,252,253,131,0,0,0,0,0,0,0,0,0,0,0,0,0,0,31,233,183,0,0,0,0,0,0,0,0,82,254,213,0,0,0,0,0,0,0,0,0,0,0,0,0,0,51,252,102,0,0,0,0,0,0,0,0,0,253,212,0,0,0,0,0,0,0,0,0,0,0,0,0,0,52,253,102,0,0,0,0,0,0,0,0,62,224,20,0,0,0,0,0,0,0,0,0,0,0,0,0,0,51,252,102,0,0,0,0,0,0,0,62,203,203,0,0,0,0,0,0,0,0,0,0,0,0,0,0,0,52,253,254,91,51,51,51,51,113,152,254,253,123,0,0,0,0,0,0,0,0,0,0,0,0,0,0,0,51,252,253,252,253,252,253,252,253,252,253,212,0,0,0,0,0,0,0,0,0,0,0,0,0,0,0,0,0,41,254,253,254,253,254,253,254,253,254,253,123,0,0,0,0,0,0,0,0,0,0,0,0,0,0,0,0,0,253,252,253,212,172,252,253,171,213,252,243,162,0,0,0,0,0,0,0,0,0,0,0,0,0,0,0,123,254,253,142,0,0,41,0,0,62,162,254,253,82,0,0,0,0,0,0,0,0,0,0,0,0,0,0,122,253,252,142,0,0,0,0,0,0,20,131,252,203,0,0,0,0,0,0,0,0,0,0,0,0,0,0,203,254,213,163,21,0,0,0,0,0,0,51,253,244,40,0,0,0,0,0,0,0,0,0,0,0,0,41,243,253,131,122,20,0,0,0,0,0,0,51,252,243,40,0,0,0,0,0,0,0,0,0,0,0,0,0,142,255,253,193,112,21,0,0,41,31,92,214,253,183,0,0,0,0,0,0,0,0,0,0,0,0,0,0,61,253,252,253,252,223,203,203,243,233,252,253,252,20,0,0,0,0,0,0,0,0,0,0,0,0,0,0,0,82,243,254,253,254,253,254,253,254,253,183,61,0,0,0,0,0,0,0,0,0,0,0,0,0,0,0,0,0,40,71,151,151,192,253,171,151,70,0,0,0,0,0,0,0,0,0,0,0,0,0,0,0,0,0,0,0,0,0,0,0,0,0,0,0,0,0,0,0,0,0,0,0,0,0,0,0,0,0,0,0,0,0,0,0,0,0,0,0,0,0,0,0,0,0,0,0,0,0,0,0,0,0,0,0,0,0,0,0,0,0,0,0,0,0,0,0,0,0,0,0,0,0,0,0,0,0,0,0,0,0,0,0,0,0,0,0,0,0,0,0,0,0,0,0,0,0,0,0,0,0,0,0,0,0,0,0,0,0
9,0,0,0,0,0,0,0,0,0,0,0,0,0,0,0,0,0,0,0,0,0,0,0,0,0,0,0,0,0,0,0,0,0,0,0,0,0,0,0,0,0,0,0,0,0,0,0,0,0,0,0,0,0,0,0,0,0,0,0,0,0,0,0,0,0,0,0,0,0,0,0,0,0,0,0,0,0,0,0,0,0,0,0,0,0,0,0,0,0,0,0,0,0,0,0,0,0,0,0,0,0,0,0,0,0,0,0,0,0,0,0,0,0,0,0,0,0,0,0,0,0,0,0,0,0,0,0,0,0,0,0,0,0,0,0,0,0,0,0,0,0,0,0,0,0,0,0,0,0,0,0,0,0,0,0,0,0,0,0,0,0,0,0,0,0,0,0,0,0,0,0,0,0,0,0,0,0,0,0,0,0,0,55,137,191,203,167,151,69,0,0,0,0,0,0,0,0,0,0,0,0,0,0,0,0,0,0,8,107,191,251,254,254,254,254,254,253,75,0,0,0,0,0,0,0,0,0,0,0,0,0,0,0,0,42,190,254,251,192,135,81,17,17,89,245,76,0,0,0,0,0,0,0,0,0,0,0,0,0,0,0,43,226,254,177,80,0,0,0,0,11,119,238,47,0,0,0,0,0,0,0,0,0,0,0,0,0,0,10,183,254,185,9,0,0,0,0,0,68,254,248,86,0,0,0,0,0,0,0,0,0,0,0,0,0,0,96,254,194,42,0,0,0,0,0,106,234,248,98,0,0,0,0,0,0,0,0,0,0,0,0,0,0,0,140,254,143,6,0,0,0,54,169,250,254,161,0,0,0,0,0,0,0,0,0,0,0,0,0,0,0,0,101,251,254,196,112,193,193,254,254,254,171,9,0,0,0,0,0,0,0,0,0,0,0,0,0,0,0,0,0,106,230,249,254,253,248,255,254,206,7,0,0,0,0,0,0,0,0,0,0,0,0,0,0,0,0,0,0,0,0,36,79,76,119,254,205,33,0,0,0,0,0,0,0,0,0,0,0,0,0,0,0,0,0,0,0,0,0,0,0,95,254,231,36,0,0,0,0,0,0,0,0,0,0,0,0,0,0,0,0,0,0,0,0,0,0,0,36,227,254,97,0,0,0,0,0,0,0,0,0,0,0,0,0,0,0,0,0,0,0,0,0,0,0,37,192,254,150,0,0,0,0,0,0,0,0,0,0,0,0,0,0,0,0,0,0,0,0,0,0,0,0,132,254,197,8,0,0,0,0,0,0,0,0,0,0,0,0,0,0,0,0,0,0,0,0,0,0,0,77,247,229,46,0,0,0,0,0,0,0,0,0,0,0,0,0,0,0,0,0,0,0,0,0,0,0,7,202,250,98,0,0,0,0,0,0,0,0,0,0,0,0,0,0,0,0,0,0,0,0,0,0,0,0,124,254,148,2,17,0,0,0,0,0,0,0,0,0,0,0,0,0,0,0,0,0,0,0,0,0,0,77,245,254,115,196,86,0,0,0,0,0,0,0,0,0,0,0,0,0,0,0,0,0,0,0,0,0,0,137,254,254,254,169,0,0,0,0,0,0,0,0,0,0,0,0,0,0,0,0,0,0,0,0,0,0,0,35,242,241,127,19,0,0,0,0,0,0,0,0,0,0,0,0,0,0,0,0,0,0,0,0,0,0,0,0,0,0,0,0,0,0,0,0,0,0,0,0,0,0,0,0,0,0,0,0,0,0,0,0,0,0,0,0,0,0,0,0,0,0,0,0,0,0,0,0,0,0,0,0,0,0,0
6,0,0,0,0,0,0,0,0,0,0,0,0,0,0,0,0,0,0,0,0,0,0,0,0,0,0,0,0,0,0,0,0,0,0,0,0,0,0,0,0,0,0,0,0,0,0,0,0,0,0,0,0,0,0,0,0,0,0,0,0,0,0,0,0,15,227,72,0,0,0,0,0,0,0,0,0,0,0,0,0,0,0,0,0,0,0,0,0,0,0,0,0,58,254,72,0,0,0,0,0,0,0,0,0,0,0,0,0,0,0,0,0,0,0,0,0,0,0,0,0,58,254,72,0,0,0,0,0,0,0,0,0,0,0,0,0,0,0,0,0,0,0,0,0,0,0,0,0,117,254,72,0,0,0,0,0,0,0,0,0,0,0,0,0,0,0,0,0,0,0,0,0,0,0,0,0,154,254,72,0,0,0,0,0,0,0,0,0,0,0,0,0,0,0,0,0,0,0,0,0,0,0,0,0,154,254,72,0,0,0,0,0,0,0,0,0,0,0,0,0,0,0,0,0,0,0,0,0,0,0,0,0,154,240,30,0,0,0,0,0,0,0,0,0,0,0,0,0,0,0,0,0,0,0,0,0,0,0,0,0,198,230,0,0,0,0,0,9,20,20,4,0,0,0,0,0,0,0,0,0,0,0,0,0,0,0,0,0,251,230,0,0,0,0,97,211,254,254,190,28,0,0,0,0,0,0,0,0,0,0,0,0,0,0,0,0,251,230,0,0,30,212,254,254,254,254,254,246,77,0,0,0,0,0,0,0,0,0,0,0,0,0,0,0,251,230,0,4,160,254,254,254,240,240,252,254,164,4,0,0,0,0,0,0,0,0,0,0,0,0,0,0,251,247,49,83,254,254,192,77,0,0,69,228,254,57,0,0,0,0,0,0,0,0,0,0,0,0,0,0,251,254,88,149,254,209,50,0,0,0,0,116,254,146,0,0,0,0,0,0,0,0,0,0,0,0,0,0,170,254,237,233,254,172,0,0,0,0,0,18,237,153,0,0,0,0,0,0,0,0,0,0,0,0,0,0,20,230,254,254,254,109,0,0,0,0,0,136,254,127,0,0,0,0,0,0,0,0,0,0,0,0,0,0,0,151,254,254,254,91,0,0,0,0,35,214,249,49,0,0,0,0,0,0,0,0,0,0,0,0,0,0,0,6,199,254,254,205,102,102,102,154,243,254,177,0,0,0,0,0,0,0,0,0,0,0,0,0,0,0,0,0,66,223,254,254,254,254,254,254,254,254,58,0,0,0,0,0,0,0,0,0,0,0,0,0,0,0,0,0,0,74,220,254,254,254,254,254,240,129,3,0,0,0,0,0,0,0,0,0,0,0,0,0,0,0,0,0,0,0,29,160,254,254,254,165,56,0,0,0,0,0,0,0,0,0,0,0,0,0,0,0,0,0,0,0,0,0,0,0,0,0,0,0,0,0,0,0,0,0,0,0,0,0,0,0,0,0,0,0,0,0,0,0,0,0,0,0,0,0,0,0,0,0,0,0,0,0,0,0,0,0,0,0,0,0,0,0,0,0,0,0,0,0,0,0,0,0,0,0,0,0,0,0,0,0,0,0,0,0,0,0,0,0,0,0,0,0,0,0,0,0,0,0,0,0,0,0,0,0,0,0,0,0,0,0,0,0,0,0,0,0,0,0,0,0,0,0,0,0,0,0,0,0,0,0,0,0,0,0,0,0,0,0,0,0,0,0,0,0,0,0,0,0,0,0,0,0,0,0,0,0,0,0,0,0,0,0,0,0,0,0,0,0
3,0,0,0,0,0,0,0,0,0,0,0,0,0,0,0,0,0,0,0,0,0,0,0,0,0,0,0,0,0,0,0,0,0,0,0,0,0,0,0,0,0,0,0,0,0,0,0,0,0,0,0,0,0,0,0,0,0,0,0,0,0,0,0,0,0,0,0,0,0,0,0,0,0,0,0,0,0,0,0,0,0,0,0,0,0,0,0,0,0,0,0,0,0,0,0,0,0,0,0,0,0,0,0,0,0,0,0,0,0,0,0,0,0,0,0,0,0,0,0,0,0,0,0,0,0,44,184,254,196,114,0,0,0,0,0,0,0,0,0,0,0,0,0,0,0,0,0,0,0,0,0,11,25,206,204,197,253,253,120,0,0,0,0,0,0,0,0,0,0,0,0,0,0,0,0,0,0,0,68,224,240,146,3,1,107,238,243,56,0,0,0,0,0,0,0,0,0,0,0,0,0,0,0,0,0,11,241,245,103,0,0,0,0,57,254,176,0,0,0,0,0,0,0,0,0,0,0,0,0,0,0,0,0,170,253,142,0,0,0,0,0,0,254,193,0,0,0,0,0,0,0,0,0,0,0,0,0,0,0,0,114,254,190,0,0,0,0,0,0,115,255,163,0,0,0,0,0,0,0,0,0,0,0,0,0,0,0,18,241,125,3,0,0,0,0,4,130,248,238,34,0,0,0,0,0,0,0,0,0,0,0,0,0,0,0,5,59,3,0,0,0,7,55,209,253,174,57,0,0,0,0,0,0,0,0,0,0,0,0,0,0,0,0,0,0,0,0,8,89,175,253,253,240,48,0,0,0,0,0,0,0,0,0,0,0,0,0,0,0,0,0,0,0,0,0,133,253,254,253,253,253,244,111,0,0,0,0,0,0,0,0,0,0,0,0,0,0,0,0,0,0,0,0,84,180,45,0,0,71,233,246,63,0,0,0,0,0,0,0,0,0,0,0,0,0,0,0,0,0,0,0,0,0,0,0,0,0,49,254,180,0,0,0,0,0,0,0,0,0,0,0,0,0,0,0,0,0,0,0,0,0,0,0,0,0,0,227,232,14,0,0,0,0,0,0,0,0,0,0,0,0,0,0,0,0,0,0,0,0,0,0,0,0,0,166,253,89,0,0,0,0,0,0,0,0,0,0,0,0,0,0,0,0,0,0,0,0,0,0,0,0,0,105,253,112,0,0,0,0,0,0,0,0,0,0,0,0,0,0,0,0,0,0,0,0,0,0,0,0,0,144,254,112,0,0,0,0,0,0,0,0,0,0,0,0,26,50,0,0,0,0,0,0,0,0,0,0,120,254,239,46,0,0,0,0,0,0,0,0,0,0,0,0,112,246,195,36,0,0,0,0,0,13,20,138,251,243,104,0,0,0,0,0,0,0,0,0,0,0,0,0,48,169,248,247,194,124,120,120,194,243,253,253,191,53,0,0,0,0,0,0,0,0,0,0,0,0,0,0,0,0,70,157,240,253,253,253,201,139,104,69,4,0,0,0,0,0,0,0,0,0,0,0,0,0,0,0,0,0,0,0,0,0,0,0,0,0,0,0,0,0,0,0,0,0,0,0,0,0,0,0,0,0,0,0,0,0,0,0,0,0,0,0,0,0,0,0,0,0,0,0,0,0,0,0,0,0,0,0,0,0,0,0,0,0,0,0,0,0,0,0,0,0,0,0,0,0,0,0,0,0,0,0,0,0,0,0,0,0,0,0,0,0,0,0,0,0,0,0,0,0,0,0,0,0,0,0,0,0,0,0,0,0,0
8,0,0,0,0,0,0,0,0,0,0,0,0,0,0,0,0,0,0,0,0,0,0,0,0,0,0,0,0,0,0,0,0,0,0,0,0,0,0,0,0,0,0,0,0,0,0,0,0,0,0,0,0,0,0,0,0,0,0,0,0,0,0,0,0,0,0,0,0,0,0,0,0,0,0,0,0,0,0,0,0,0,0,0,0,0,0,0,0,0,0,0,0,0,0,0,0,0,0,0,0,0,0,0,0,0,0,0,0,0,0,0,0,0,0,0,0,0,0,0,0,0,0,0,0,0,0,0,0,0,0,0,0,0,0,0,0,0,0,0,0,0,0,0,0,0,0,0,0,0,0,0,0,0,0,0,0,0,0,0,0,0,0,0,0,0,0,0,0,0,0,0,0,0,0,0,0,0,0,0,0,0,0,0,45,112,87,72,14,0,0,0,0,0,0,0,0,0,0,0,0,0,0,0,0,0,0,0,0,6,103,206,235,254,253,253,150,0,0,0,0,0,0,0,0,0,0,0,0,0,0,0,0,0,0,0,0,146,253,253,253,230,189,221,245,83,0,0,0,0,0,0,0,0,0,0,0,0,0,0,0,0,0,0,65,249,253,233,75,10,0,8,199,169,134,40,15,80,80,0,0,0,0,0,0,0,0,0,0,0,0,0,170,254,236,20,0,0,0,0,9,190,255,63,128,254,254,0,0,0,0,0,0,0,0,0,0,0,0,0,204,253,170,0,0,0,0,56,216,253,254,98,152,245,226,0,0,0,0,0,0,0,0,0,0,0,0,0,159,253,127,0,0,18,118,230,253,253,236,66,24,36,45,0,0,0,0,0,0,0,0,0,0,0,0,0,76,253,183,84,142,234,228,253,217,91,20,0,0,0,0,0,0,0,0,0,0,0,0,0,0,0,0,0,36,233,253,253,253,254,253,198,17,0,0,0,0,0,0,0,0,0,0,0,0,0,0,0,0,0,14,116,255,254,254,254,174,209,65,0,0,0,0,0,0,0,0,0,0,0,0,0,0,0,0,0,0,41,236,253,254,249,237,253,65,0,0,0,0,0,0,0,0,0,0,0,0,0,0,0,0,0,0,3,93,244,253,223,122,41,78,253,120,0,0,0,0,0,0,0,0,0,0,0,0,0,0,0,0,0,0,56,233,253,217,46,0,0,58,253,164,0,0,0,0,0,0,0,0,0,0,0,0,0,0,0,0,0,0,194,253,238,27,0,0,0,73,253,149,0,0,0,0,0,0,0,0,0,0,0,0,0,0,0,0,0,0,175,254,97,0,0,0,7,61,254,120,0,0,0,0,0,0,0,0,0,0,0,0,0,0,0,0,0,0,104,245,137,112,112,117,218,253,245,58,0,0,0,0,0,0,0,0,0,0,0,0,0,0,0,0,0,0,0,96,214,253,223,251,241,223,135,0,0,0,0,0,0,0,0,0,0,0,0,0,0,0,0,0,0,0,0,0,31,91,12,30,49,12,4,0,0,0,0,0,0,0,0,0,0,0,0,0,0,0,0,0,0,0,0,0,0,0,0,0,0,0,0,0,0,0,0,0,0,0,0,0,0,0,0,0,0,0,0,0,0,0,0,0,0,0,0,0,0,0,0,0,0,0,0,0,0,0,0,0,0,0,0,0,0,0,0,0,0,0,0,0,0,0,0,0,0,0,0,0,0,0,0,0,0,0,0,0,0,0,0,0,0,0,0,0,0,0,0,0,0,0,0,0,0,0,0,0,0,0,0,0,0,0,0,0,0,0,0,0
0,0,0,0,0,0,0,0,0,0,0,0,0,0,0,0,0,0,0,0,0,0,0,0,0,0,0,0,0,0,0,0,0,0,0,0,0,0,0,0,0,0,0,0,0,0,0,0,0,0,0,0,0,0,0,0,0,0,0,0,0,0,0,0,0,0,0,0,0,0,0,0,0,0,0,0,0,0,0,0,0,0,0,0,0,0,0,0,0,0,0,0,0,0,0,0,0,0,0,0,0,0,0,0,0,0,0,0,0,0,0,0,0,0,0,0,0,0,0,0,0,0,0,0,0,0,0,0,52,170,254,254,226,102,0,0,0,0,0,0,0,0,0,0,0,0,0,0,0,0,0,0,0,0,0,0,164,253,253,253,253,251,145,0,0,0,0,0,0,0,0,0,0,0,0,0,0,0,0,0,0,5,94,229,252,253,253,253,253,253,250,145,0,0,0,0,0,0,0,0,0,0,0,0,0,0,0,0,9,160,253,254,253,253,253,232,232,253,253,251,102,0,0,0,0,0,0,0,0,0,0,0,0,0,0,68,206,253,253,254,253,228,186,67,39,190,253,253,120,0,0,0,0,0,0,0,0,0,0,0,0,0,69,233,253,253,253,201,199,55,0,0,0,174,253,253,120,0,0,0,0,0,0,0,0,0,0,0,0,68,233,253,253,251,213,0,0,0,0,0,0,174,253,253,120,0,0,0,0,0,0,0,0,0,0,0,52,234,253,253,250,143,0,0,0,0,0,0,0,174,253,253,120,0,0,0,0,0,0,0,0,0,0,5,160,253,253,251,143,0,0,0,0,0,0,0,0,174,253,253,120,0,0,0,0,0,0,0,0,0,0,164,253,253,253,142,0,0,0,0,0,0,0,0,29,216,253,253,120,0,0,0,0,0,0,0,0,0,0,229,254,254,137,0,0,0,0,0,0,0,0,0,118,255,255,241,0,0,0,0,0,0,0,0,0,52,164,252,253,225,38,0,0,0,0,0,0,0,0,64,250,253,253,113,0,0,0,0,0,0,0,0,0,121,253,253,223,47,0,0,0,0,0,0,0,0,80,207,253,253,229,11,0,0,0,0,0,0,0,0,0,121,253,253,173,0,0,0,0,0,0,0,0,0,214,253,253,240,84,0,0,0,0,0,0,0,0,0,0,227,253,253,173,0,0,0,0,0,0,0,29,187,245,253,253,107,0,0,0,0,0,0,0,0,0,0,0,254,253,253,173,0,0,0,0,3,54,54,209,253,253,253,185,21,0,0,0,0,0,0,0,0,0,0,0,162,253,253,228,68,41,41,41,123,253,255,253,253,219,177,21,0,0,0,0,0,0,0,0,0,0,0,0,109,238,253,253,253,253,253,253,253,253,255,253,179,15,0,0,0,0,0,0,0,0,0,0,0,0,0,0,0,102,245,253,253,253,253,253,253,253,241,113,11,0,0,0,0,0,0,0,0,0,0,0,0,0,0,0,0,0,45,162,253,253,253,253,175,120,0,0,0,0,0,0,0,0,0,0,0,0,0,0,0,0,0,0,0,0,0,0,0,0,0,0,0,0,0,0,0,0,0,0,0,0,0,0,0,0,0,0,0,0,0,0,0,0,0,0,0,0,0,0,0,0,0,0,0,0,0,0,0,0,0,0,0,0,0,0,0,0,0,0,0,0,0,0,0,0,0,0,0,0,0,0,0,0,0,0,0,0,0,0,0,0,0,0,0,0,0,0,0,0,0,0,0,0,0,0,0,0,0,0,0,0,0,0,0,0,0,0,0,0,0,0
1,0,0,0,0,0,0,0,0,0,0,0,0,0,0,0,0,0,0,0,0,0,0,0,0,0,0,0,0,0,0,0,0,0,0,0,0,0,0,0,0,0,0,0,0,0,0,0,0,0,0,0,0,0,0,0,0,0,0,0,0,0,0,0,0,0,0,0,0,0,0,0,0,0,0,0,0,0,0,0,0,0,0,0,0,0,0,0,0,0,0,0,0,0,0,0,0,0,0,0,0,0,0,0,0,0,0,0,0,0,0,0,0,0,0,0,0,0,0,0,0,0,0,0,0,0,0,0,0,0,0,0,0,0,0,0,0,0,0,0,0,0,0,0,0,0,0,0,0,0,0,0,0,0,0,58,224,153,0,0,0,0,0,0,0,0,0,0,0,0,0,0,0,0,0,0,0,0,0,0,0,0,0,88,254,207,6,0,0,0,0,0,0,0,0,0,0,0,0,0,0,0,0,0,0,0,0,0,0,0,0,109,254,161,0,0,0,0,0,0,0,0,0,0,0,0,0,0,0,0,0,0,0,0,0,0,0,0,0,175,254,156,0,0,0,0,0,0,0,0,0,0,0,0,0,0,0,0,0,0,0,0,0,0,0,0,0,175,254,96,0,0,0,0,0,0,0,0,0,0,0,0,0,0,0,0,0,0,0,0,0,0,0,0,5,213,254,23,0,0,0,0,0,0,0,0,0,0,0,0,0,0,0,0,0,0,0,0,0,0,0,0,9,253,254,8,0,0,0,0,0,0,0,0,0,0,0,0,0,0,0,0,0,0,0,0,0,0,0,0,9,253,254,8,0,0,0,0,0,0,0,0,0,0,0,0,0,0,0,0,0,0,0,0,0,0,0,0,9,253,254,8,0,0,0,0,0,0,0,0,0,0,0,0,0,0,0,0,0,0,0,0,0,0,0,0,9,253,254,8,0,0,0,0,0,0,0,0,0,0,0,0,0,0,0,0,0,0,0,0,0,0,0,0,97,254,255,8,0,0,0,0,0,0,0,0,0,0,0,0,0,0,0,0,0,0,0,0,0,0,0,0,97,253,177,1,0,0,0,0,0,0,0,0,0,0,0,0,0,0,0,0,0,0,0,0,0,0,0,0,178,253,94,0,0,0,0,0,0,0,0,0,0,0,0,0,0,0,0,0,0,0,0,0,0,0,0,16,246,253,70,0,0,0,0,0,0,0,0,0,0,0,0,0,0,0,0,0,0,0,0,0,0,0,0,18,253,253,0,0,0,0,0,0,0,0,0,0,0,0,0,0,0,0,0,0,0,0,0,0,0,0,0,18,253,253,0,0,0,0,0,0,0,0,0,0,0,0,0,0,0,0,0,0,0,0,0,0,0,0,0,18,253,253,0,0,0,0,0,0,0,0,0,0,0,0,0,0,0,0,0,0,0,0,0,0,0,0,0,18,253,253,0,0,0,0,0,0,0,0,0,0,0,0,0,0,0,0,0,0,0,0,0,0,0,0,0,18,253,253,0,0,0,0,0,0,0,0,0,0,0,0,0,0,0,0,0,0,0,0,0,0,0,0,0,6,144,192,0,0,0,0,0,0,0,0,0,0,0,0,0,0,0,0,0,0,0,0,0,0,0,0,0,0,0,0,0,0,0,0,0,0,0,0,0,0,0,0,0,0,0,0,0,0,0,0,0,0,0,0,0,0,0,0,0,0,0,0,0,0,0,0,0,0,0,0,0,0,0,0,0,0,0,0,0,0,0,0,0,0,0,0,0,0,0,0,0,0,0,0,0,0,0,0,0
2,0,0,0,0,0,0,0,0,0,0,0,0,0,0,0,0,0,0,0,0,0,0,0,0,0,0,0,0,0,0,0,0,0,0,0,0,0,0,0,0,0,0,0,0,0,0,0,0,0,0,0,0,0,0,0,0,0,0,0,0,0,0,0,0,0,0,0,0,0,0,0,0,0,0,0,0,0,0,0,0,0,0,0,0,0,0,0,0,0,0,0,0,0,0,29,95,188,147,47,30,0,0,0,0,0,0,0,0,0,0,0,0,0,0,0,0,0,0,0,0,0,19,218,254,254,254,254,240,145,38,0,0,0,0,0,0,0,0,0,0,0,0,0,0,0,0,0,0,0,88,247,254,251,202,249,253,254,238,78,0,0,0,0,0,0,0,0,0,0,0,0,0,0,0,0,0,0,152,254,164,39,0,0,66,204,254,230,48,0,0,0,0,0,0,0,0,0,0,0,0,0,0,0,0,0,104,173,18,0,0,0,0,24,243,254,156,0,0,0,0,0,0,0,0,0,0,0,0,0,0,0,0,0,0,0,0,0,0,0,0,0,137,254,203,5,0,0,0,0,0,0,0,0,0,0,0,0,0,0,0,0,0,0,0,0,0,0,0,0,22,254,254,10,0,0,0,0,0,0,0,0,0,0,0,0,0,0,0,0,0,0,0,0,0,0,0,0,6,188,254,10,0,0,0,0,0,0,0,0,0,0,0,0,0,0,0,0,0,0,0,0,0,0,0,0,0,168,254,10,0,0,0,0,0,0,0,0,0,0,0,0,0,0,0,0,0,0,0,0,0,0,0,0,5,187,234,8,0,0,0,0,0,0,0,0,0,0,0,0,0,0,0,0,0,0,0,0,0,0,0,0,22,254,156,0,0,0,0,0,0,0,0,0,0,0,0,0,0,0,0,0,0,0,0,0,0,0,0,0,78,254,156,0,0,0,0,0,0,0,0,0,0,0,0,0,0,0,0,0,0,0,29,128,131,60,22,0,202,254,85,0,0,0,0,0,0,0,0,0,0,0,0,0,0,0,0,0,78,207,229,254,254,254,224,121,245,206,10,0,0,0,0,0,0,0,0,0,0,0,0,0,0,0,0,64,251,254,254,238,237,254,254,254,254,154,17,0,0,0,0,0,0,0,0,0,0,0,0,0,0,0,0,188,254,199,81,31,28,166,255,254,254,255,223,63,0,0,0,0,0,0,0,0,0,0,0,0,0,0,0,223,254,83,0,0,80,224,254,254,157,220,254,250,212,122,47,0,0,0,0,0,0,0,0,0,0,0,0,223,254,181,38,209,253,254,210,28,1,3,134,222,194,67,4,0,0,0,0,0,0,0,0,0,0,0,0,117,254,254,254,254,230,130,27,0,0,0,0,0,0,0,0,0,0,0,0,0,0,0,0,0,0,0,0,1,121,254,254,187,50,0,0,0,0,0,0,0,0,0,0,0,0,0,0,0,0,0,0,0,0,0,0,0,0,0,0,0,0,0,0,0,0,0,0,0,0,0,0,0,0,0,0,0,0,0,0,0,0,0,0,0,0,0,0,0,0,0,0,0,0,0,0,0,0,0,0,0,0,0,0,0,0,0,0,0,0,0,0,0,0,0,0,0,0,0,0,0,0,0,0,0,0,0,0,0,0,0,0,0,0,0,0,0,0,0,0,0,0,0,0,0,0,0,0,0,0,0,0,0,0,0,0,0,0,0,0,0,0,0,0,0,0,0,0,0,0,0,0,0,0,0,0,0,0,0,0,0,0,0,0,0,0,0,0
4,0,0,0,0,0,0,0,0,0,0,0,0,0,0,0,0,0,0,0,0,0,0,0,0,0,0,0,0,0,0,0,0,0,0,0,0,0,0,0,0,0,0,0,0,0,0,0,0,0,0,0,0,0,0,0,0,0,0,0,0,0,0,0,0,0,0,0,0,0,0,0,0,0,0,0,0,0,0,0,0,0,0,0,0,0,0,0,0,0,0,0,0,0,0,0,0,0,0,0,0,0,0,0,0,0,0,0,0,0,0,0,0,0,0,0,0,0,0,0,0,0,0,0,0,0,0,0,0,0,0,0,0,0,0,0,0,0,0,0,0,0,0,0,0,0,0,0,0,0,0,0,0,0,0,0,0,0,96,197,0,0,0,0,0,0,0,0,0,0,0,0,0,0,28,102,0,0,0,0,0,0,0,0,0,0,106,221,0,0,0,0,0,0,0,0,0,0,0,0,0,0,64,173,0,0,0,0,0,0,0,0,0,0,111,221,0,0,0,0,0,0,0,0,0,0,0,0,0,0,109,173,0,0,0,0,0,0,0,0,0,0,140,221,0,0,0,0,0,0,0,0,0,0,0,0,0,0,167,173,0,0,0,0,0,0,0,0,0,0,149,221,0,0,0,0,0,0,0,0,0,0,0,0,0,3,225,174,0,0,0,0,0,0,0,0,0,0,150,222,0,0,0,0,0,0,0,0,0,0,0,0,0,48,253,173,0,0,0,0,0,0,0,0,0,0,184,221,0,0,0,0,0,0,0,0,0,0,0,0,0,9,228,173,0,0,0,0,0,0,0,0,0,55,254,221,0,0,0,0,0,0,0,0,0,0,0,0,0,0,132,243,40,0,0,0,0,0,0,0,76,237,254,221,0,0,0,0,0,0,0,0,0,0,0,0,0,0,24,194,248,168,80,10,0,30,80,159,231,75,254,221,0,0,0,0,0,0,0,0,0,0,0,0,0,0,0,0,139,238,251,254,254,254,238,158,10,0,255,222,0,0,0,0,0,0,0,0,0,0,0,0,0,0,0,0,0,0,52,63,63,60,0,0,0,0,254,221,0,0,0,0,0,0,0,0,0,0,0,0,0,0,0,0,0,0,0,0,0,0,0,0,0,0,254,181,0,0,0,0,0,0,0,0,0,0,0,0,0,0,0,0,0,0,0,0,0,0,0,0,0,70,254,142,0,0,0,0,0,0,0,0,0,0,0,0,0,0,0,0,0,0,0,0,0,0,0,0,0,80,254,142,0,0,0,0,0,0,0,0,0,0,0,0,0,0,0,0,0,0,0,0,0,0,0,0,0,80,255,142,0,0,0,0,0,0,0,0,0,0,0,0,0,0,0,0,0,0,0,0,0,0,0,0,0,80,254,132,0,0,0,0,0,0,0,0,0,0,0,0,0,0,0,0,0,0,0,0,0,0,0,0,0,120,254,63,0,0,0,0,0,0,0,0,0,0,0,0,0,0,0,0,0,0,0,0,0,0,0,0,0,178,240,8,0,0,0,0,0,0,0,0,0,0,0,0,0,0,0,0,0,0,0,0,0,0,0,0,0,163,188,0,0,0,0,0,0,0,0,0,0,0,0,0,0,0,0,0,0,0,0,0,0,0,0,0,0,0,0,0,0,0,0,0,0,0,0,0,0,0,0,0,0,0,0,0,0,0,0,0,0,0,0,0,0,0,0,0,0,0,0,0,0,0,0,0,0,0,0,0,0,0,0,0,0,0,0,0,0,0,0,0,0,0,0,0,0,0,0,0,0,0,0,0,0
1,0,0,0,0,0,0,0,0,0,0,0,0,0,0,0,0,0,0,0,0,0,0,0,0,0,0,0,0,0,0,0,0,0,0,0,0,0,0,0,0,0,0,0,0,0,0,0,0,0,0,0,0,0,0,0,0,0,0,0,0,0,0,0,0,0,0,0,0,0,0,0,0,0,0,0,0,0,0,0,0,0,0,0,0,0,0,0,0,0,0,0,0,0,0,0,0,0,0,0,0,0,0,0,0,0,0,0,0,0,0,0,0,0,0,0,0,0,0,0,0,0,0,0,0,0,0,0,117,128,0,0,0,0,0,0,0,0,0,0,0,0,0,0,0,0,0,0,0,0,0,0,0,0,0,2,199,127,0,0,0,0,0,0,0,0,0,0,0,0,0,0,0,0,0,0,0,0,0,0,0,0,0,81,254,87,0,0,0,0,0,0,0,0,0,0,0,0,0,0,0,0,0,0,0,0,0,0,0,0,0,116,254,48,0,0,0,0,0,0,0,0,0,0,0,0,0,0,0,0,0,0,0,0,0,0,0,0,0,175,234,18,0,0,0,0,0,0,0,0,0,0,0,0,0,0,0,0,0,0,0,0,0,0,0,0,5,230,168,0,0,0,0,0,0,0,0,0,0,0,0,0,0,0,0,0,0,0,0,0,0,0,0,0,80,255,142,0,0,0,0,0,0,0,0,0,0,0,0,0,0,0,0,0,0,0,0,0,0,0,0,0,80,255,142,0,0,0,0,0,0,0,0,0,0,0,0,0,0,0,0,0,0,0,0,0,0,0,0,0,80,251,57,0,0,0,0,0,0,0,0,0,0,0,0,0,0,0,0,0,0,0,0,0,0,0,0,0,129,239,0,0,0,0,0,0,0,0,0,0,0,0,0,0,0,0,0,0,0,0,0,0,0,0,0,0,164,209,0,0,0,0,0,0,0,0,0,0,0,0,0,0,0,0,0,0,0,0,0,0,0,0,0,28,245,159,0,0,0,0,0,0,0,0,0,0,0,0,0,0,0,0,0,0,0,0,0,0,0,0,0,64,254,144,0,0,0,0,0,0,0,0,0,0,0,0,0,0,0,0,0,0,0,0,0,0,0,0,0,84,254,80,0,0,0,0,0,0,0,0,0,0,0,0,0,0,0,0,0,0,0,0,0,0,0,0,0,143,254,30,0,0,0,0,0,0,0,0,0,0,0,0,0,0,0,0,0,0,0,0,0,0,0,0,3,225,200,0,0,0,0,0,0,0,0,0,0,0,0,0,0,0,0,0,0,0,0,0,0,0,0,0,48,254,174,0,0,0,0,0,0,0,0,0,0,0,0,0,0,0,0,0,0,0,0,0,0,0,0,0,48,254,174,0,0,0,0,0,0,0,0,0,0,0,0,0,0,0,0,0,0,0,0,0,0,0,0,0,93,254,129,0,0,0,0,0,0,0,0,0,0,0,0,0,0,0,0,0,0,0,0,0,0,0,0,0,53,234,41,0,0,0,0,0,0,0,0,0,0,0,0,0,0,0,0,0,0,0,0,0,0,0,0,0,0,0,0,0,0,0,0,0,0,0,0,0,0,0,0,0,0,0,0,0,0,0,0,0,0,0,0,0,0,0,0,0,0,0,0,0,0,0,0,0,0,0,0,0,0,0,0,0,0,0,0,0,0,0,0,0,0,0,0,0,0,0,0,0,0,0,0,0,0,0,0,0,0,0,0,0,0,0,0,0,0,0,0,0,0,0,0,0,0,0,0,0,0,0,0,0,0,0,0,0,0
1,0,0,0,0,0,0,0,0,0,0,0,0,0,0,0,0,0,0,0,0,0,0,0,0,0,0,0,0,0,0,0,0,0,0,0,0,0,0,0,0,0,0,0,0,0,0,0,0,0,0,0,0,0,0,0,0,0,0,0,0,0,0,0,0,0,0,0,0,0,0,0,0,0,0,0,0,0,0,0,0,0,0,0,0,0,0,0,0,0,0,0,0,0,0,0,0,0,97,226,36,0,0,0,0,0,0,0,0,0,0,0,0,0,0,0,0,0,0,0,0,0,0,0,0,0,137,254,52,0,0,0,0,0,0,0,0,0,0,0,0,0,0,0,0,0,0,0,0,0,0,0,0,0,17,254,90,0,0,0,0,0,0,0,0,0,0,0,0,0,0,0,0,0,0,0,0,0,0,0,0,0,17,254,133,0,0,0,0,0,0,0,0,0,0,0,0,0,0,0,0,0,0,0,0,0,0,0,0,0,17,254,204,0,0,0,0,0,0,0,0,0,0,0,0,0,0,0,0,0,0,0,0,0,0,0,0,0,17,254,214,0,0,0,0,0,0,0,0,0,0,0,0,0,0,0,0,0,0,0,0,0,0,0,0,0,18,254,135,0,0,0,0,0,0,0,0,0,0,0,0,0,0,0,0,0,0,0,0,0,0,0,0,0,98,254,103,0,0,0,0,0,0,0,0,0,0,0,0,0,0,0,0,0,0,0,0,0,0,0,0,0,98,254,52,0,0,0,0,0,0,0,0,0,0,0,0,0,0,0,0,0,0,0,0,0,0,0,0,0,98,254,52,0,0,0,0,0,0,0,0,0,0,0,0,0,0,0,0,0,0,0,0,0,0,0,0,0,98,254,52,0,0,0,0,0,0,0,0,0,0,0,0,0,0,0,0,0,0,0,0,0,0,0,0,0,144,254,52,0,0,0,0,0,0,0,0,0,0,0,0,0,0,0,0,0,0,0,0,0,0,0,0,0,178,254,52,0,0,0,0,0,0,0,0,0,0,0,0,0,0,0,0,0,0,0,0,0,0,0,0,0,178,254,51,0,0,0,0,0,0,0,0,0,0,0,0,0,0,0,0,0,0,0,0,0,0,0,0,0,178,226,0,0,0,0,0,0,0,0,0,0,0,0,0,0,0,0,0,0,0,0,0,0,0,0,0,0,178,226,0,0,0,0,0,0,0,0,0,0,0,0,0,0,0,0,0,0,0,0,0,0,0,0,0,0,178,226,0,0,0,0,0,0,0,0,0,0,0,0,0,0,0,0,0,0,0,0,0,0,0,0,0,0,178,251,45,0,15,92,0,0,0,0,0,0,0,0,0,0,0,0,0,0,0,0,0,0,0,0,0,0,130,254,197,150,228,109,0,0,0,0,0,0,0,0,0,0,0,0,0,0,0,0,0,0,0,0,0,0,10,128,238,255,161,6,0,0,0,0,0,0,0,0,0,0,0,0,0,0,0,0,0,0,0,0,0,0,0,0,0,0,0,0,0,0,0,0,0,0,0,0,0,0,0,0,0,0,0,0,0,0,0,0,0,0,0,0,0,0,0,0,0,0,0,0,0,0,0,0,0,0,0,0,0,0,0,0,0,0,0,0,0,0,0,0,0,0,0,0,0,0,0,0,0,0,0,0,0,0,0,0,0,0,0,0,0,0,0,0,0,0,0,0,0,0,0,0,0,0,0,0,0,0,0,0,0,0,0,0,0,0,0,0,0,0,0,0,0,0,0,0,0,0,0,0,0,0,0,0,0,0,0,0,0
6,0,0,0,0,0,0,0,0,0,0,0,0,0,0,0,0,0,0,0,0,0,0,0,0,0,0,0,0,0,0,0,0,0,0,0,0,0,0,0,0,0,0,0,0,0,0,0,0,0,0,0,0,0,0,0,0,0,0,0,0,0,0,0,0,0,0,0,0,191,100,0,0,0,0,0,0,0,0,0,0,0,0,0,0,0,0,0,0,0,0,0,0,0,0,0,32,237,231,0,0,0,0,0,0,0,0,0,0,0,0,0,0,0,0,0,0,0,0,0,0,0,0,0,43,252,231,0,0,0,0,0,0,0,0,0,0,0,0,0,0,0,0,0,0,0,0,0,0,0,0,0,43,252,205,0,0,0,0,0,0,0,0,0,0,0,0,0,0,0,0,0,0,0,0,0,0,0,0,0,43,252,126,0,0,0,0,0,0,0,0,0,0,0,0,0,0,0,0,0,0,0,0,0,0,0,0,0,148,253,109,0,0,0,0,0,0,0,0,0,0,0,0,0,0,0,0,0,0,0,0,0,0,0,0,0,227,252,21,0,0,0,0,0,0,0,0,0,0,0,0,0,0,0,0,0,0,0,0,0,0,0,0,0,253,252,21,0,0,0,0,0,0,0,0,0,0,0,0,0,0,0,0,0,0,0,0,0,0,0,0,0,253,231,16,0,0,0,0,0,0,0,0,0,0,0,0,0,0,0,0,0,0,0,0,0,0,0,0,0,253,168,0,0,0,0,0,0,0,0,0,0,0,0,0,0,0,0,0,0,0,0,0,0,0,0,0,45,254,168,0,0,0,0,0,0,0,0,0,0,0,0,0,0,0,0,0,0,0,0,0,0,0,0,0,0,253,168,0,0,0,0,0,0,0,0,0,0,0,0,0,0,0,0,0,0,0,0,0,0,0,0,0,0,253,210,83,127,215,233,232,232,161,30,0,0,0,0,0,0,0,0,0,0,0,0,0,0,0,0,0,0,253,252,252,210,189,190,189,189,231,217,71,0,0,0,0,0,0,0,0,0,0,0,0,0,0,0,0,132,253,252,190,14,0,0,0,0,55,235,212,27,0,0,0,0,0,0,0,0,0,0,0,0,0,0,126,253,254,253,188,0,0,0,0,0,0,150,255,168,0,0,0,0,0,0,0,0,0,0,0,0,0,0,169,252,63,205,238,64,0,0,0,0,0,141,253,132,0,0,0,0,0,0,0,0,0,0,0,0,0,0,85,126,45,51,233,247,144,22,15,11,48,232,223,32,0,0,0,0,0,0,0,0,0,0,0,0,0,0,0,0,0,0,51,231,252,253,224,211,252,252,80,0,0,0,0,0,0,0,0,0,0,0,0,0,0,0,0,0,0,0,0,28,129,165,252,252,226,59,0,0,0,0,0,0,0,0,0,0,0,0,0,0,0,0,0,0,0,0,0,0,0,0,0,0,0,0,0,0,0,0,0,0,0,0,0,0,0,0,0,0,0,0,0,0,0,0,0,0,0,0,0,0,0,0,0,0,0,0,0,0,0,0,0,0,0,0,0,0,0,0,0,0,0,0,0,0,0,0,0,0,0,0,0,0,0,0,0,0,0,0,0,0,0,0,0,0,0,0,0,0,0,0,0,0,0,0,0,0,0,0,0,0,0,0,0,0,0,0,0,0,0,0,0,0,0,0,0,0,0,0,0,0,0,0,0,0,0,0,0,0,0,0,0,0,0,0,0,0,0,0,0,0,0,0,0,0,0,0,0,0,0,0,0,0,0,0,0,0,0,0,0,0,0
8,0,0,0,0,0,0,0,0,0,0,0,0,0,0,0,0,0,0,0,0,0,0,0,0,0,0,0,0,0,0,0,0,0,0,0,0,0,0,0,0,0,0,0,0,0,0,0,0,0,0,0,0,0,0,0,0,0,0,0,0,0,0,0,0,0,0,0,0,0,0,0,0,0,0,0,0,0,0,0,0,0,0,0,0,0,0,0,0,0,0,0,0,0,0,0,0,0,0,0,0,0,0,0,0,0,0,0,0,0,0,0,0,0,0,0,0,0,0,0,0,0,0,0,0,0,0,0,0,0,0,0,0,0,0,0,0,0,0,0,0,0,0,0,0,0,0,0,0,0,0,0,0,0,0,128,191,255,255,255,64,0,0,0,0,0,0,0,0,0,0,0,0,0,0,0,0,0,0,0,128,191,255,255,255,255,255,255,191,0,0,0,0,0,0,0,0,0,0,0,0,0,0,0,0,0,0,0,255,255,255,255,255,255,255,255,255,0,0,0,0,0,0,0,0,0,0,0,0,0,0,0,0,0,0,191,255,255,255,255,128,128,64,128,255,191,0,0,0,0,0,0,0,0,0,0,0,0,0,0,0,0,128,255,255,255,128,0,0,0,0,128,255,255,0,0,0,0,0,0,0,0,0,0,0,0,0,0,0,0,128,255,255,64,0,0,0,0,0,255,255,255,0,0,0,0,0,0,0,0,0,0,0,0,0,0,0,0,128,255,255,0,0,0,0,0,191,255,255,128,0,0,0,0,0,0,0,0,0,0,0,0,0,0,0,0,0,191,255,64,0,0,0,64,255,255,255,0,0,0,0,0,0,0,0,0,0,0,0,0,0,0,0,0,0,128,255,128,0,0,128,255,255,255,64,0,0,0,0,0,0,0,0,0,0,0,0,0,0,0,0,0,0,0,255,255,64,191,255,255,255,128,0,0,0,0,0,0,0,0,0,0,0,0,0,0,0,0,0,0,0,0,191,255,255,255,255,255,64,0,0,0,0,0,0,0,0,0,0,0,0,0,0,0,0,0,0,0,0,0,64,255,255,255,255,128,0,0,0,0,0,0,0,0,0,0,0,0,0,0,0,0,0,0,0,0,0,0,191,255,255,255,128,0,0,0,0,0,0,0,0,0,0,0,0,0,0,0,0,0,0,0,0,0,0,0,255,255,255,255,128,0,0,0,0,0,0,0,0,0,0,0,0,0,0,0,0,0,0,0,0,0,64,191,255,255,255,255,128,0,0,0,0,0,0,0,0,0,0,0,0,0,0,0,0,0,0,0,0,0,128,255,255,255,255,255,128,0,0,0,0,0,0,0,0,0,0,0,0,0,0,0,0,0,0,0,0,0,255,255,255,255,255,255,191,0,0,0,0,0,0,0,0,0,0,0,0,0,0,0,0,0,0,0,0,0,255,255,255,255,255,255,128,0,0,0,0,0,0,0,0,0,0,0,0,0,0,0,0,0,0,0,0,0,191,255,255,255,255,128,64,0,0,0,0,0,0,0,0,0,0,0,0,0,0,0,0,0,0,0,0,0,0,64,255,191,128,0,0,0,0,0,0,0,0,0,0,0,0,0,0,0,0,0,0,0,0,0,0,0,0,0,0,0,0,0,0,0,0,0,0,0,0,0,0,0,0,0,0,0,0,0,0,0,0,0,0,0,0,0,0,0,0,0,0,0,0,0,0,0,0,0,0,0,0,0,0,0,0,0,0,0,0,0,0,0,0,0,0,0,0,0,0,0,0,0,0,0,0,0,0,0,0,0,0
7,0,0,0,0,0,0,0,0,0,0,0,0,0,0,0,0,0,0,0,0,0,0,0,0,0,0,0,0,0,0,0,0,0,0,0,0,0,0,0,0,0,0,0,0,0,0,0,0,0,0,0,0,0,0,0,0,0,0,0,0,0,0,0,0,0,0,0,0,0,0,0,0,0,0,0,0,0,0,0,0,0,0,0,0,0,0,0,0,0,0,0,0,0,0,0,0,0,0,0,0,0,0,0,0,0,0,0,0,0,0,0,0,0,0,0,0,0,0,0,0,0,0,0,0,0,0,0,0,0,0,0,0,0,0,0,0,0,0,0,0,0,0,0,0,0,0,0,0,0,0,0,0,0,0,0,0,0,0,0,0,0,0,0,0,0,0,0,0,0,0,0,0,0,0,0,0,0,0,0,0,0,0,0,0,0,0,0,0,0,0,0,0,0,0,0,0,0,0,0,0,5,108,180,253,255,253,201,253,148,24,24,7,0,0,0,0,0,0,0,0,0,0,0,0,0,0,0,0,120,252,252,252,253,252,252,252,252,253,252,186,120,47,22,0,0,0,0,0,0,0,0,0,0,0,0,0,65,202,227,183,184,196,252,252,252,253,252,252,252,252,216,163,51,0,0,0,0,0,0,0,0,0,0,0,0,13,29,0,0,9,45,45,98,161,219,252,252,252,253,252,240,80,0,0,0,0,0,0,0,0,0,0,0,0,0,0,0,0,0,0,0,0,15,22,22,75,253,252,252,160,0,0,0,0,0,0,0,0,0,0,0,0,0,0,0,0,0,0,0,0,0,0,0,0,34,253,253,161,0,0,0,0,0,0,0,0,0,0,0,0,0,0,0,0,0,0,0,0,0,0,0,0,212,252,240,79,0,0,0,0,0,0,0,0,0,0,0,0,0,0,0,0,0,0,0,0,0,0,0,116,253,252,183,0,0,0,0,0,0,0,0,0,0,0,0,0,0,0,0,0,0,0,0,0,0,0,76,248,253,252,89,0,0,0,0,0,0,0,0,0,0,0,0,0,0,0,0,0,0,0,0,0,0,32,218,252,253,157,6,0,0,0,0,0,0,0,0,0,0,0,0,0,0,0,0,0,0,0,0,0,5,191,253,253,158,0,0,0,0,0,0,0,0,0,0,0,0,0,0,0,0,0,0,0,0,0,0,5,136,252,252,231,0,0,0,0,0,0,0,0,0,0,0,0,0,0,0,0,0,0,0,0,0,0,0,55,252,252,227,100,0,0,0,0,0,0,0,0,0,0,0,0,0,0,0,0,0,0,0,0,0,0,43,233,252,252,160,0,0,0,0,0,0,0,0,0,0,0,0,0,0,0,0,0,0,0,0,0,0,0,116,253,252,221,35,0,0,0,0,0,0,0,0,0,0,0,0,0,0,0,0,0,0,0,0,0,0,51,243,255,253,69,0,0,0,0,0,0,0,0,0,0,0,0,0,0,0,0,0,0,0,0,0,0,0,166,252,253,244,56,0,0,0,0,0,0,0,0,0,0,0,0,0,0,0,0,0,0,0,0,0,0,51,240,252,247,98,0,0,0,0,0,0,0,0,0,0,0,0,0,0,0,0,0,0,0,0,0,0,0,164,252,252,188,0,0,0,0,0,0,0,0,0,0,0,0,0,0,0,0,0,0,0,0,0,0,0,0,131,252,200,11,0,0,0,0,0,0,0,0,0,0,0,0,0,0,0,0,0,0,0,0,0,0,0,0,0,0,0,0,0,0,0,0,0,0,0,0,0,0,0,0,0,0
3,0,0,0,0,0,0,0,0,0,0,0,0,0,0,0,0,0,0,0,0,0,0,0,0,0,0,0,0,0,0,0,0,0,0,0,0,0,0,0,0,0,0,0,0,0,0,0,0,0,0,0,0,0,0,0,0,0,0,0,0,0,0,0,0,0,0,0,0,0,0,0,0,0,0,0,0,0,0,0,0,0,0,0,0,0,0,0,0,0,0,0,0,0,0,0,0,0,0,0,0,0,0,0,0,0,0,0,0,0,0,0,0,0,0,0,0,0,0,0,0,0,0,0,2,18,128,255,159,0,0,0,0,0,0,0,0,0,0,0,0,0,0,0,0,0,0,0,0,13,36,149,163,253,253,253,172,36,36,36,13,0,0,0,0,0,0,0,0,0,0,0,0,0,0,0,0,89,253,253,253,253,253,253,253,253,253,253,200,171,61,0,0,0,0,0,0,0,0,0,0,0,0,0,0,123,253,253,253,253,253,253,227,215,182,215,229,253,154,17,0,0,0,0,0,0,0,0,0,0,0,0,0,80,164,164,164,145,47,47,29,22,0,22,31,155,238,126,0,0,0,0,0,0,0,0,0,0,0,0,0,0,0,0,0,0,0,0,0,0,0,0,0,170,253,48,0,0,0,0,0,0,0,0,0,0,0,0,0,0,0,0,0,0,0,0,0,0,0,0,2,185,251,34,0,0,0,0,0,0,0,0,0,0,0,0,0,0,0,0,0,0,0,19,24,24,80,93,163,253,170,0,0,0,0,0,0,0,0,0,0,0,0,0,0,0,0,0,24,61,160,232,253,253,253,253,253,253,151,0,0,0,0,0,0,0,0,0,0,0,0,0,0,0,0,0,142,253,253,253,253,253,253,253,253,253,53,0,0,0,0,0,0,0,0,0,0,0,0,0,0,0,0,0,44,176,176,176,132,59,59,59,135,177,168,11,0,0,0,0,0,0,0,0,0,0,0,0,0,0,0,0,0,0,0,0,0,0,0,0,0,183,253,35,0,0,0,0,0,0,0,0,0,0,0,0,0,0,0,0,0,0,0,0,0,0,0,0,22,214,164,20,0,0,0,0,0,0,0,0,0,10,147,143,9,0,0,0,0,0,0,0,0,0,0,0,46,250,58,0,0,0,0,0,0,0,0,0,0,18,253,253,224,52,4,0,0,0,0,0,0,0,0,0,6,192,170,0,0,0,0,0,0,0,0,0,0,7,166,253,253,253,127,25,0,0,0,0,0,0,0,6,141,253,148,0,0,0,0,0,0,0,0,0,0,0,36,253,253,253,253,219,172,55,0,0,0,29,71,192,241,103,15,0,0,0,0,0,0,0,0,0,0,0,8,78,170,238,253,253,253,245,201,201,201,224,253,253,167,0,0,0,0,0,0,0,0,0,0,0,0,0,0,0,0,29,139,202,253,253,253,253,253,253,196,35,12,0,0,0,0,0,0,0,0,0,0,0,0,0,0,0,0,0,0,9,84,135,218,253,209,135,11,0,0,0,0,0,0,0,0,0,0,0,0,0,0,0,0,0,0,0,0,0,0,0,0,0,0,0,0,0,0,0,0,0,0,0,0,0,0,0,0,0,0,0,0,0,0,0,0,0,0,0,0,0,0,0,0,0,0,0,0,0,0,0,0,0,0,0,0,0,0,0,0,0,0,0,0,0,0,0,0,0,0,0,0,0,0,0,0,0,0,0,0,0,0,0,0,0,0,0,0,0,0,0,0,0,0,0,0,0,0,0,0,0,0,0,0,0,0,0,0,0,0
9,0,0,0,0,0,0,0,0,0,0,0,0,0,0,0,0,0,0,0,0,0,0,0,0,0,0,0,0,0,0,0,0,0,0,0,0,0,0,0,0,0,0,0,0,0,0,0,0,0,0,0,0,0,0,0,0,0,0,0,0,0,0,0,0,0,0,0,0,0,0,0,0,0,0,0,0,0,0,0,0,0,0,0,0,0,0,0,0,0,0,0,0,0,0,0,0,0,0,0,0,0,0,0,0,0,0,0,0,0,0,0,0,0,0,0,0,0,0,0,0,0,0,0,0,0,0,0,0,0,0,0,0,0,0,0,0,0,0,0,0,0,0,0,0,0,0,0,0,0,0,0,0,0,0,0,0,0,0,0,0,0,0,0,0,0,0,0,0,0,0,0,0,0,0,0,0,0,0,0,12,136,212,255,237,115,3,0,0,0,0,0,0,0,0,0,0,0,0,0,0,0,0,0,0,0,0,13,211,253,253,253,253,253,53,0,0,0,0,0,0,0,0,0,0,0,0,0,0,0,0,0,0,0,56,232,253,135,50,93,236,253,223,80,19,0,0,0,0,0,0,0,0,0,0,0,0,0,0,0,0,9,202,253,173,11,0,0,69,253,253,253,129,0,0,0,0,0,0,0,0,0,0,0,0,0,0,0,0,80,253,239,7,0,0,0,42,253,253,253,129,0,0,0,0,0,0,0,0,0,0,0,0,0,0,0,0,130,253,249,61,0,0,0,42,253,253,231,50,0,0,0,0,0,0,0,0,0,0,0,0,0,0,0,0,124,253,253,208,33,7,7,98,253,253,127,0,0,0,0,0,0,0,0,0,0,0,0,0,0,0,0,0,20,235,253,253,253,200,200,253,253,253,72,0,0,0,0,0,0,0,0,0,0,0,0,0,0,0,0,0,0,89,251,253,253,253,253,253,253,253,71,0,0,0,0,0,0,0,0,0,0,0,0,0,0,0,0,0,0,0,47,124,201,201,161,251,253,222,0,0,0,0,0,0,0,0,0,0,0,0,0,0,0,0,0,0,0,0,0,0,0,0,80,253,253,182,0,0,0,0,0,0,0,0,0,0,0,0,0,0,0,0,0,0,0,0,0,0,0,0,99,253,253,119,0,0,0,0,0,0,0,0,0,0,0,0,0,0,0,0,0,0,0,0,0,0,0,0,135,253,253,40,0,0,0,0,0,0,0,0,0,0,0,0,0,0,0,0,0,0,0,0,0,0,0,0,202,253,253,15,0,0,0,0,0,0,0,0,0,0,0,0,0,0,0,0,0,0,0,0,0,0,0,0,202,253,253,15,0,0,0,0,0,0,0,0,0,0,0,0,0,0,0,0,0,0,0,0,0,0,0,26,228,253,253,15,0,0,0,0,0,0,0,0,0,0,0,0,0,0,0,0,0,0,0,0,0,0,0,80,253,253,253,15,0,0,0,0,0,0,0,0,0,0,0,0,0,0,0,0,0,0,0,0,0,0,0,110,253,253,253,207,33,0,0,0,0,0,0,0,0,0,0,0,0,0,0,0,0,0,0,0,0,0,0,53,253,253,253,210,27,0,0,0,0,0,0,0,0,0,0,0,0,0,0,0,0,0,0,0,0,0,0,10,169,194,114,22,0,0,0,0,0,0,0,0,0,0,0,0,0,0,0,0,0,0,0,0,0,0,0,0,0,0,0,0,0,0,0,0,0,0,0,0,0,0,0,0,0,0,0,0,0,0,0,0,0,0,0,0,0,0,0,0,0,0,0,0,0,0,0,0,0,0
9,0,0,0,0,0,0,0,0,0,0,0,0,0,0,0,0,0,0,0,0,0,0,0,0,0,0,0,0,0,0,0,0,0,0,0,0,0,0,0,0,0,0,0,0,0,0,0,0,0,0,0,0,0,0,0,0,0,0,0,0,0,0,0,0,0,0,0,0,0,0,0,0,0,0,0,0,0,0,0,0,0,0,0,0,0,0,0,0,0,0,0,0,0,0,0,0,0,0,0,0,0,0,0,0,0,0,0,0,0,0,0,0,0,0,0,0,0,0,0,0,0,0,0,0,0,0,0,0,0,0,0,0,0,0,0,0,0,0,0,0,0,0,0,0,0,0,0,0,0,0,0,0,0,0,0,0,0,0,0,0,0,0,0,0,0,0,0,0,0,0,0,0,0,0,0,0,0,0,45,229,254,255,255,199,121,24,0,0,0,0,0,0,0,0,0,0,0,0,0,0,0,0,0,0,25,127,227,253,253,253,253,253,253,185,68,0,0,0,0,0,0,0,0,0,0,0,0,0,0,0,1,24,205,253,252,128,32,32,32,88,213,253,250,120,0,0,0,0,0,0,0,0,0,0,0,0,0,0,6,253,253,253,140,0,0,0,0,0,79,253,253,227,44,0,0,0,0,0,0,0,0,0,0,0,0,0,87,253,253,129,25,0,0,0,0,17,232,253,253,253,183,2,0,0,0,0,0,0,0,0,0,0,0,0,114,253,184,4,0,0,0,0,4,170,253,253,253,223,134,3,0,0,0,0,0,0,0,0,0,0,0,0,114,253,253,27,0,0,0,11,124,253,253,253,253,188,0,0,0,0,0,0,0,0,0,0,0,0,0,0,31,253,253,110,0,0,80,168,253,253,253,253,253,188,0,0,0,0,0,0,0,0,0,0,0,0,0,0,6,240,253,244,166,208,252,253,248,229,217,253,253,181,0,0,0,0,0,0,0,0,0,0,0,0,0,0,0,16,172,248,253,253,253,195,59,22,253,253,253,81,0,0,0,0,0,0,0,0,0,0,0,0,0,0,0,0,0,48,121,79,54,20,0,22,253,253,253,81,0,0,0,0,0,0,0,0,0,0,0,0,0,0,0,0,0,0,0,0,0,0,0,78,253,253,240,40,0,0,0,0,0,0,0,0,0,0,0,0,0,0,0,0,0,0,0,0,0,0,0,155,253,253,201,0,0,0,0,0,0,0,0,0,0,0,0,0,0,0,0,0,0,0,0,0,0,0,0,238,253,253,119,0,0,0,0,0,0,0,0,0,0,0,0,0,0,0,0,0,0,0,0,0,0,0,10,240,253,253,107,0,0,0,0,0,0,0,0,0,0,0,0,0,0,0,0,0,0,0,0,0,0,0,93,253,253,253,10,0,0,0,0,0,0,0,0,0,0,0,0,0,0,0,0,0,0,0,0,0,0,0,93,253,253,253,10,0,0,0,0,0,0,0,0,0,0,0,0,0,0,0,0,0,0,0,0,0,0,0,107,253,253,144,1,0,0,0,0,0,0,0,0,0,0,0,0,0,0,0,0,0,0,0,0,0,0,0,170,253,253,78,0,0,0,0,0,0,0,0,0,0,0,0,0,0,0,0,0,0,0,0,0,0,0,0,93,244,145,44,0,0,0,0,0,0,0,0,0,0,0,0,0,0,0,0,0,0,0,0,0,0,0,0,0,0,0,0,0,0,0,0,0,0,0,0,0,0,0,0,0,0,0,0,0,0,0,0,0,0,0,0,0,0,0,0,0,0,0,0,0,0,0,0,0,0
5,0,0,0,0,0,0,0,0,0,0,0,0,0,0,0,0,0,0,0,0,0,0,0,0,0,0,0,0,0,0,0,0,0,0,0,0,0,0,0,0,0,0,0,0,0,0,0,0,0,0,0,0,0,0,0,0,0,0,0,0,0,0,0,0,0,0,0,0,0,0,0,0,0,0,0,0,0,0,0,0,0,0,0,0,0,0,0,0,0,0,0,0,0,0,0,0,0,0,0,0,0,0,0,0,0,0,0,0,0,0,0,0,0,0,0,0,0,0,0,0,0,0,0,0,0,0,0,0,0,0,0,0,0,0,0,0,0,0,0,0,0,0,0,0,0,0,0,0,0,0,0,0,0,0,0,0,0,0,0,0,0,0,0,0,0,0,0,0,0,0,0,0,0,0,0,0,0,0,0,7,124,136,202,254,254,254,255,146,130,18,18,5,0,0,0,0,0,0,0,0,0,0,0,0,0,0,10,167,253,253,253,253,253,253,253,253,253,253,253,96,36,36,3,0,0,0,0,0,0,0,0,0,0,0,72,210,200,142,82,82,82,82,82,82,198,200,200,200,200,200,119,0,0,0,0,0,0,0,0,0,0,0,18,12,0,0,0,0,0,0,0,0,0,0,0,0,0,0,60,0,0,0,0,0,0,0,0,0,0,0,0,0,0,0,0,0,0,0,0,0,0,0,0,0,0,0,0,0,0,0,0,0,0,0,0,0,0,0,0,0,0,0,0,0,0,0,0,0,0,0,0,0,0,0,0,0,0,0,0,0,0,0,0,4,133,41,0,0,0,0,0,0,0,0,0,0,0,0,0,0,0,0,0,0,0,0,0,0,0,0,0,191,233,36,0,0,0,0,0,0,0,0,0,0,0,0,0,0,0,0,0,0,0,0,0,0,0,0,0,136,240,72,0,0,0,0,0,0,0,0,0,0,0,0,0,0,0,0,0,0,0,0,0,0,0,0,0,54,253,237,144,39,0,0,0,0,0,0,0,0,0,0,0,0,0,0,0,0,0,0,0,0,0,0,0,5,130,228,253,233,145,40,0,0,0,0,0,0,0,0,0,0,0,0,0,0,0,0,0,0,0,0,0,0,0,53,185,253,253,234,146,80,0,0,0,0,0,0,0,0,0,0,0,0,0,0,0,0,0,0,0,0,0,0,7,23,227,253,253,250,122,0,0,0,0,0,0,0,0,0,0,0,0,0,0,0,0,0,0,0,0,0,0,0,5,63,190,253,194,0,0,0,0,0,0,0,0,0,0,0,0,0,0,0,0,0,0,0,0,0,0,0,0,0,24,253,194,0,0,0,0,0,0,0,0,0,0,0,0,0,0,0,0,0,0,0,0,0,0,0,0,0,24,253,194,0,0,0,0,0,0,0,0,0,0,0,0,0,0,0,0,0,0,0,10,66,99,87,38,33,138,253,194,0,0,0,0,0,0,0,0,0,0,0,0,0,0,0,0,0,0,0,8,188,253,253,231,227,253,253,101,0,0,0,0,0,0,0,0,0,0,0,0,0,0,0,0,0,0,0,0,24,124,188,253,253,253,170,11,0,0,0,0,0,0,0,0,0,0,0,0,0,0,0,0,0,0,0,0,0,0,6,17,20,125,7,0,0,0,0,0,0,0,0,0,0,0,0,0,0,0,0,0,0,0,0,0,0,0,0,0,0,0,0,0,0,0,0,0,0,0,0,0,0,0,0,0,0,0,0,0,0,0,0,0,0,0,0,0,0,0,0,0,0,0,0,0,0,0,0,0,0,0,0
1,0,0,0,0,0,0,0,0,0,0,0,0,0,0,0,0,0,0,0,0,0,0,0,0,0,0,0,0,0,0,0,0,0,0,0,0,0,0,0,0,0,0,0,0,0,0,0,0,0,0,0,0,0,0,0,0,0,0,0,0,0,0,0,0,0,0,0,0,0,0,0,0,0,0,0,0,0,0,0,0,0,0,0,0,0,0,0,0,0,0,0,0,0,0,0,0,0,0,0,0,0,0,0,0,0,0,0,0,0,0,0,0,0,0,0,0,0,0,0,0,0,0,0,0,0,16,166,216,16,0,0,0,0,0,0,0,0,0,0,0,0,0,0,0,0,0,0,0,0,0,0,0,0,104,252,252,53,0,0,0,0,0,0,0,0,0,0,0,0,0,0,0,0,0,0,0,0,0,0,0,0,141,252,252,103,0,0,0,0,0,0,0,0,0,0,0,0,0,0,0,0,0,0,0,0,0,0,0,0,191,252,252,28,0,0,0,0,0,0,0,0,0,0,0,0,0,0,0,0,0,0,0,0,0,0,0,0,154,253,253,28,0,0,0,0,0,0,0,0,0,0,0,0,0,0,0,0,0,0,0,0,0,0,0,0,253,252,252,28,0,0,0,0,0,0,0,0,0,0,0,0,0,0,0,0,0,0,0,0,0,0,0,0,165,252,252,28,0,0,0,0,0,0,0,0,0,0,0,0,0,0,0,0,0,0,0,0,0,0,0,0,191,252,252,28,0,0,0,0,0,0,0,0,0,0,0,0,0,0,0,0,0,0,0,0,0,0,0,0,255,253,253,28,0,0,0,0,0,0,0,0,0,0,0,0,0,0,0,0,0,0,0,0,0,0,0,0,253,252,252,28,0,0,0,0,0,0,0,0,0,0,0,0,0,0,0,0,0,0,0,0,0,0,0,0,253,252,252,28,0,0,0,0,0,0,0,0,0,0,0,0,0,0,0,0,0,0,0,0,0,0,0,0,253,252,252,28,0,0,0,0,0,0,0,0,0,0,0,0,0,0,0,0,0,0,0,0,0,0,0,0,255,253,253,28,0,0,0,0,0,0,0,0,0,0,0,0,0,0,0,0,0,0,0,0,0,0,0,0,253,252,252,28,0,0,0,0,0,0,0,0,0,0,0,0,0,0,0,0,0,0,0,0,0,0,0,0,203,252,252,28,0,0,0,0,0,0,0,0,0,0,0,0,0,0,0,0,0,0,0,0,0,0,0,0,253,252,252,28,0,0,0,0,0,0,0,0,0,0,0,0,0,0,0,0,0,0,0,0,0,0,0,0,255,253,253,28,0,0,0,0,0,0,0,0,0,0,0,0,0,0,0,0,0,0,0,0,0,0,0,0,228,252,252,28,0,0,0,0,0,0,0,0,0,0,0,0,0,0,0,0,0,0,0,0,0,0,0,0,141,252,252,28,0,0,0,0,0,0,0,0,0,0,0,0,0,0,0,0,0,0,0,0,0,0,0,0,79,215,214,15,0,0,0,0,0,0,0,0,0,0,0,0,0,0,0,0,0,0,0,0,0,0,0,0,0,0,0,0,0,0,0,0,0,0,0,0,0,0,0,0,0,0,0,0,0,0,0,0,0,0,0,0,0,0,0,0,0,0,0,0,0,0,0,0,0,0,0,0,0,0,0,0,0,0,0,0,0,0,0,0,0,0,0,0,0,0,0,0,0,0,0,0,0,0,0,0,0,0,0,0,0,0,0,0,0,0,0,0,0,0,0,0,0,0,0,0,0,0,0,0,0,0,0
7,0,0,0,0,0,0,0,0,0,0,0,0,0,0,0,0,0,0,0,0,0,0,0,0,0,0,0,0,0,0,0,0,0,0,0,0,0,0,0,0,0,0,0,0,0,0,0,0,0,0,0,0,0,0,0,0,0,0,0,0,0,0,0,0,0,0,0,0,0,0,0,0,0,0,0,0,0,0,0,0,0,0,0,0,0,0,0,0,0,0,0,0,0,0,0,0,0,0,0,0,0,0,0,0,0,0,0,0,0,0,0,0,0,0,0,0,0,0,0,0,0,0,0,0,0,0,0,0,0,0,0,0,0,0,0,0,0,0,0,0,0,0,0,0,0,0,0,0,0,0,0,0,0,0,0,0,0,0,0,0,0,0,0,0,0,0,0,0,0,0,0,0,0,82,159,195,159,103,63,63,51,48,0,0,0,0,0,0,0,0,0,0,0,0,0,0,0,0,0,0,0,130,254,254,254,254,254,254,248,247,222,169,37,0,0,0,0,0,0,0,0,0,0,0,0,0,0,0,0,0,66,67,67,67,74,163,163,203,192,248,183,0,0,0,0,0,0,0,0,0,0,0,0,0,0,0,0,0,0,0,0,0,0,0,0,2,2,236,251,53,0,0,0,0,0,0,0,0,0,0,0,0,0,0,0,0,0,0,0,0,0,0,0,0,0,236,254,86,0,0,0,0,0,0,0,0,0,0,0,0,0,0,0,0,0,0,0,0,0,0,0,0,0,203,254,155,0,0,0,0,0,0,0,0,0,0,0,0,0,0,0,0,0,0,0,0,0,0,0,0,0,140,254,209,9,0,0,0,0,0,0,0,0,0,0,0,0,0,0,0,0,0,0,0,0,0,0,0,0,140,254,209,9,0,0,0,0,0,0,0,0,0,0,0,0,0,0,0,0,0,0,0,0,0,0,0,0,140,254,182,0,0,0,0,0,0,0,0,0,0,0,0,0,0,0,0,0,0,35,49,49,49,49,122,49,198,254,251,41,0,0,0,0,0,0,0,0,0,0,0,0,0,0,0,0,0,183,254,254,254,254,254,254,254,254,254,229,167,6,0,0,0,0,0,0,0,0,0,0,0,0,0,0,0,92,223,254,254,254,254,254,212,239,254,255,254,156,0,0,0,0,0,0,0,0,0,0,0,0,0,0,0,0,11,19,19,19,19,19,9,202,254,129,19,14,0,0,0,0,0,0,0,0,0,0,0,0,0,0,0,0,0,0,0,0,0,0,0,199,254,120,0,0,0,0,0,0,0,0,0,0,0,0,0,0,0,0,0,0,0,0,0,0,0,0,0,107,254,147,0,0,0,0,0,0,0,0,0,0,0,0,0,0,0,0,0,0,0,0,0,0,0,0,0,107,254,128,0,0,0,0,0,0,0,0,0,0,0,0,0,0,0,0,0,0,0,0,0,0,0,0,0,107,254,195,2,0,0,0,0,0,0,0,0,0,0,0,0,0,0,0,0,0,0,0,0,0,0,0,0,45,254,244,42,0,0,0,0,0,0,0,0,0,0,0,0,0,0,0,0,0,0,0,0,0,0,0,0,5,211,250,51,0,0,0,0,0,0,0,0,0,0,0,0,0,0,0,0,0,0,0,0,0,0,0,0,0,106,231,36,0,0,0,0,0,0,0,0,0,0,0,0,0,0,0,0,0,0,0,0,0,0,0,0,0,0,0,0,0,0,0,0,0,0,0,0,0,0,0,0,0,0,0,0,0,0,0,0,0,0,0,0,0,0,0,0,0,0,0,0,0,0,0,0
5,0,0,0,0,0,0,0,0,0,0,0,0,0,0,0,0,0,0,0,0,0,0,0,0,0,0,0,0,0,0,0,0,0,0,0,0,0,0,0,0,0,0,0,0,0,0,0,0,0,0,0,0,0,0,0,0,0,0,0,0,0,0,0,0,0,0,0,0,0,0,0,0,0,0,0,0,0,0,0,0,0,0,0,0,0,0,0,0,0,0,0,0,0,0,0,0,0,0,0,0,0,0,0,0,0,0,0,0,0,0,0,0,0,0,0,0,0,0,0,0,0,59,80,125,163,156,73,131,163,241,208,21,0,0,0,0,0,0,0,0,0,0,0,0,0,0,0,0,0,72,247,253,253,253,253,254,253,253,242,31,0,0,0,0,0,0,0,0,0,0,0,0,0,0,0,0,23,159,254,245,216,216,216,217,216,138,53,0,0,0,0,0,0,0,0,0,0,0,0,0,0,0,0,23,170,253,216,81,0,0,0,0,0,0,0,0,0,0,0,0,0,0,0,0,0,0,0,0,0,0,0,159,253,188,26,0,0,0,0,0,0,0,0,0,0,0,0,0,0,0,0,0,0,0,0,0,0,0,114,254,216,26,0,0,0,0,0,0,68,37,0,0,0,0,0,0,0,0,0,0,0,0,0,0,0,0,197,253,125,0,36,55,68,145,177,236,252,244,229,113,20,0,0,0,0,0,0,0,0,0,0,0,0,27,242,253,225,217,241,253,253,250,151,62,191,171,232,253,91,0,0,0,0,0,0,0,0,0,0,0,0,0,196,253,253,253,242,215,131,50,0,0,0,0,38,253,167,2,0,0,0,0,0,0,0,0,0,0,0,0,42,118,162,98,26,0,0,0,0,0,0,0,19,253,254,18,0,33,0,0,0,0,0,0,0,0,0,0,0,0,0,0,0,0,0,0,0,0,0,0,19,254,255,18,0,92,0,0,0,0,0,0,0,0,0,0,0,0,0,0,0,0,0,0,0,0,0,0,19,253,254,18,86,140,0,0,0,0,0,0,0,0,0,0,0,0,0,0,37,29,0,0,0,0,0,0,32,253,254,58,222,99,0,0,0,0,0,0,0,0,0,0,0,0,15,141,254,241,186,37,0,0,0,0,116,253,228,162,218,12,0,0,0,0,0,0,0,0,0,0,0,0,109,253,221,253,253,248,117,0,0,0,199,253,254,253,127,0,0,0,0,0,0,0,0,0,0,0,0,0,167,254,0,72,217,254,254,228,143,131,254,254,255,160,13,0,0,0,0,0,0,0,0,0,0,0,0,0,199,253,0,0,22,115,237,254,253,253,253,253,140,14,0,0,0,0,0,0,0,0,0,0,0,0,0,0,122,253,134,29,0,16,95,254,253,253,224,87,0,0,0,0,0,0,0,0,0,0,0,0,0,0,0,0,30,215,254,241,199,222,253,254,242,143,12,0,0,0,0,0,0,0,0,0,0,0,0,0,0,0,0,0,0,26,130,247,253,253,188,136,31,0,0,0,0,0,0,0,0,0,0,0,0,0,0,0,0,0,0,0,0,0,0,0,0,0,0,0,0,0,0,0,0,0,0,0,0,0,0,0,0,0,0,0,0,0,0,0,0,0,0,0,0,0,0,0,0,0,0,0,0,0,0,0,0,0,0,0,0,0,0,0,0,0,0,0,0,0,0,0,0,0,0,0,0,0,0,0,0,0,0,0,0,0,0,0,0,0,0,0,0,0,0,0,0,0,0,0,0,0,0,0,0,0,0,0,0,0,0,0,0,0,0,0
1,0,0,0,0,0,0,0,0,0,0,0,0,0,0,0,0,0,0,0,0,0,0,0,0,0,0,0,0,0,0,0,0,0,0,0,0,0,0,0,0,0,0,0,0,0,0,0,0,0,0,0,0,0,0,0,0,0,0,0,0,0,0,0,0,0,0,0,0,0,0,0,0,0,0,0,0,0,0,0,0,0,0,0,0,0,0,0,0,0,0,0,0,0,0,0,0,0,0,0,0,0,0,0,0,0,0,0,0,0,0,0,0,0,0,0,0,0,0,0,0,0,0,0,0,0,0,0,39,192,92,2,0,0,0,0,0,0,0,0,0,0,0,0,0,0,0,0,0,0,0,0,0,0,0,0,193,254,254,43,0,0,0,0,0,0,0,0,0,0,0,0,0,0,0,0,0,0,0,0,0,0,0,0,193,254,254,43,0,0,0,0,0,0,0,0,0,0,0,0,0,0,0,0,0,0,0,0,0,0,0,0,193,254,247,39,0,0,0,0,0,0,0,0,0,0,0,0,0,0,0,0,0,0,0,0,0,0,0,8,201,254,173,0,0,0,0,0,0,0,0,0,0,0,0,0,0,0,0,0,0,0,0,0,0,0,0,63,254,254,95,0,0,0,0,0,0,0,0,0,0,0,0,0,0,0,0,0,0,0,0,0,0,0,0,145,254,254,49,0,0,0,0,0,0,0,0,0,0,0,0,0,0,0,0,0,0,0,0,0,0,0,12,200,254,254,49,0,0,0,0,0,0,0,0,0,0,0,0,0,0,0,0,0,0,0,0,0,0,0,57,254,254,201,15,0,0,0,0,0,0,0,0,0,0,0,0,0,0,0,0,0,0,0,0,0,0,0,57,254,254,179,0,0,0,0,0,0,0,0,0,0,0,0,0,0,0,0,0,0,0,0,0,0,0,0,151,254,254,86,0,0,0,0,0,0,0,0,0,0,0,0,0,0,0,0,0,0,0,0,0,0,0,0,181,254,201,12,0,0,0,0,0,0,0,0,0,0,0,0,0,0,0,0,0,0,0,0,0,0,0,41,240,254,186,0,0,0,0,0,0,0,0,0,0,0,0,0,0,0,0,0,0,0,0,0,0,0,0,154,254,254,83,0,0,0,0,0,0,0,0,0,0,0,0,0,0,0,0,0,0,0,0,0,0,0,0,174,254,254,62,0,0,0,0,0,0,0,0,0,0,0,0,0,0,0,0,0,0,0,0,0,0,0,18,206,254,230,38,0,0,0,0,0,0,0,0,0,0,0,0,0,0,0,0,0,0,0,0,0,0,0,44,255,254,192,0,0,0,0,0,0,0,0,0,0,0,0,0,0,0,0,0,0,0,0,0,0,0,0,44,254,254,137,0,0,0,0,0,0,0,0,0,0,0,0,0,0,0,0,0,0,0,0,0,0,0,0,44,254,254,68,0,0,0,0,0,0,0,0,0,0,0,0,0,0,0,0,0,0,0,0,0,0,0,0,23,215,199,2,0,0,0,0,0,0,0,0,0,0,0,0,0,0,0,0,0,0,0,0,0,0,0,0,0,0,0,0,0,0,0,0,0,0,0,0,0,0,0,0,0,0,0,0,0,0,0,0,0,0,0,0,0,0,0,0,0,0,0,0,0,0,0,0,0,0,0,0,0,0,0,0,0,0,0,0,0,0,0,0,0,0,0,0,0,0,0,0,0,0,0,0,0,0,0,0,0,0,0,0,0,0,0,0,0,0,0,0,0,0,0,0,0,0,0,0,0,0,0,0,0,0,0,0,0
2,0,0,0,0,0,0,0,0,0,0,0,0,0,0,0,0,0,0,0,0,0,0,0,0,0,0,0,0,0,0,0,0,0,0,0,0,0,0,0,0,0,0,0,0,0,0,0,0,0,0,0,0,0,0,0,0,0,0,0,0,0,0,0,0,0,0,0,0,0,0,0,0,0,0,0,0,0,0,0,0,0,0,0,0,0,0,0,0,0,0,0,0,0,0,0,0,0,0,0,0,0,0,0,0,0,0,0,0,0,0,0,0,0,0,0,0,0,0,0,0,0,0,45,133,238,254,254,134,64,5,0,0,0,0,0,0,0,0,0,0,0,0,0,0,0,0,0,0,5,112,228,253,253,253,253,254,253,165,0,0,0,0,0,0,0,0,0,0,0,0,0,0,0,0,0,23,176,253,243,217,113,96,96,237,253,240,70,0,0,0,0,0,0,0,0,0,0,0,0,0,0,0,40,182,253,242,146,0,0,0,0,53,253,253,214,14,0,0,0,0,0,0,0,0,0,0,0,0,0,0,145,253,242,89,0,0,0,0,0,4,176,253,253,72,0,0,0,0,0,0,0,0,0,0,0,0,0,10,228,253,170,0,0,0,0,0,0,0,53,253,253,164,0,0,0,0,0,0,0,0,0,0,0,0,0,13,253,224,16,0,0,0,0,0,0,0,5,175,253,242,49,0,0,0,0,0,0,0,0,0,0,0,0,13,253,170,0,0,0,0,0,0,0,0,0,157,253,253,60,0,0,0,0,0,0,0,0,0,0,0,0,7,196,55,0,0,0,0,0,0,0,0,0,48,253,253,60,0,0,0,0,0,0,0,0,0,0,0,0,0,6,0,0,0,0,0,0,0,0,0,0,95,253,253,60,0,0,0,0,0,0,0,0,0,0,0,0,0,0,0,0,0,0,0,0,0,0,0,0,158,255,193,0,0,0,0,0,0,0,0,0,0,0,0,0,0,0,0,0,0,0,0,0,0,0,0,3,167,253,124,0,0,0,0,0,0,0,0,0,0,0,0,0,0,0,0,0,0,0,0,0,0,0,0,42,253,253,72,0,0,0,0,0,0,0,0,0,0,0,0,0,0,0,0,0,0,0,0,42,49,49,55,218,253,253,107,35,0,0,0,0,0,0,0,0,0,0,0,0,0,0,0,0,44,153,182,243,253,253,254,253,253,253,253,233,182,78,6,0,0,0,0,0,0,0,0,0,0,0,0,130,236,253,253,253,253,253,254,253,253,239,215,201,253,253,117,0,0,0,0,0,0,0,0,0,0,0,30,238,253,253,225,168,59,244,254,245,94,39,23,14,48,48,27,0,0,0,0,0,0,0,0,0,0,0,141,253,253,191,24,84,207,252,254,183,0,0,0,0,0,0,0,0,0,0,0,0,0,0,0,0,0,0,106,253,253,247,230,250,253,253,82,10,0,0,0,0,0,0,0,0,0,0,0,0,0,0,0,0,0,0,2,173,253,253,253,253,201,17,0,0,0,0,0,0,0,0,0,0,0,0,0,0,0,0,0,0,0,0,0,0,0,0,0,0,0,0,0,0,0,0,0,0,0,0,0,0,0,0,0,0,0,0,0,0,0,0,0,0,0,0,0,0,0,0,0,0,0,0,0,0,0,0,0,0,0,0,0,0,0,0,0,0,0,0,0,0,0,0,0,0,0,0,0,0,0,0,0,0,0,0,0,0,0,0,0,0,0,0,0,0,0,0,0,0,0,0,0,0,0,0,0,0,0,0,0,0,0,0,0,0,0,0,0
4,0,0,0,0,0,0,0,0,0,0,0,0,0,0,0,0,0,0,0,0,0,0,0,0,0,0,0,0,0,0,0,0,0,0,0,0,0,0,0,0,0,0,0,0,0,0,0,0,0,0,0,0,0,0,0,0,0,0,0,0,0,0,0,0,0,0,0,0,0,0,0,0,0,0,0,0,0,0,0,0,0,0,0,0,0,0,0,0,0,0,0,0,0,0,0,0,0,0,0,0,0,0,0,0,0,0,0,0,0,0,0,0,0,0,0,0,0,0,0,0,0,0,0,0,0,0,0,0,0,0,0,0,0,0,0,0,0,0,0,0,0,0,0,0,0,0,0,0,0,0,0,0,0,0,0,0,0,0,0,0,0,0,0,0,0,0,0,0,0,0,0,0,0,0,0,0,0,0,0,0,0,8,69,57,0,0,0,29,213,73,0,0,0,0,0,0,0,0,0,0,0,0,0,0,0,0,0,0,0,146,223,27,0,0,7,179,163,0,0,0,0,0,0,0,0,0,0,0,0,0,0,0,0,0,0,0,128,244,51,0,0,0,106,254,80,0,0,0,0,0,0,0,0,0,0,0,0,0,0,0,0,0,0,37,247,162,0,0,0,7,208,175,2,0,0,0,0,0,0,0,0,0,0,0,0,0,0,0,0,0,4,195,224,0,0,0,0,99,254,112,0,0,0,0,0,0,0,0,0,0,0,0,0,0,0,0,0,0,136,254,79,0,0,0,0,194,211,9,0,0,0,0,0,0,0,0,0,0,0,0,0,0,0,0,0,11,227,143,3,0,0,0,67,255,119,0,0,0,0,0,0,0,0,0,0,0,0,0,0,0,0,0,0,140,242,27,0,0,0,0,175,218,23,0,0,0,0,0,0,0,0,0,0,0,0,0,0,0,0,0,7,231,185,0,0,0,0,41,249,157,0,0,0,0,0,0,0,0,0,0,0,0,0,0,0,0,0,0,79,254,227,196,147,113,34,71,254,121,0,0,0,0,0,0,0,0,0,0,0,0,0,0,0,0,0,0,12,118,177,208,254,255,248,236,254,79,0,0,0,0,0,0,0,0,0,0,0,0,0,0,0,0,0,0,0,0,0,5,19,25,98,230,254,79,0,0,0,0,0,0,0,0,0,0,0,0,0,0,0,0,0,0,0,0,0,0,0,0,40,254,218,97,0,0,0,0,0,0,0,0,0,0,0,0,0,0,0,0,0,0,0,0,0,0,0,0,76,254,61,0,0,0,0,0,0,0,0,0,0,0,0,0,0,0,0,0,0,0,0,0,0,0,0,0,118,240,15,0,0,0,0,0,0,0,0,0,0,0,0,0,0,0,0,0,0,0,0,0,0,0,0,0,166,195,0,0,0,0,0,0,0,0,0,0,0,0,0,0,0,0,0,0,0,0,0,0,0,0,0,14,237,195,0,0,0,0,0,0,0,0,0,0,0,0,0,0,0,0,0,0,0,0,0,0,0,0,0,20,254,159,0,0,0,0,0,0,0,0,0,0,0,0,0,0,0,0,0,0,0,0,0,0,0,0,0,20,254,117,0,0,0,0,0,0,0,0,0,0,0,0,0,0,0,0,0,0,0,0,0,0,0,0,0,2,128,45,0,0,0,0,0,0,0,0,0,0,0,0,0,0,0,0,0,0,0,0,0,0,0,0,0,0,0,0,0,0,0,0,0,0,0,0,0,0,0,0,0,0,0,0,0,0,0,0,0,0,0,0,0,0,0,0,0,0,0,0,0,0,0,0,0,0,0,0
3,0,0,0,0,0,0,0,0,0,0,0,0,0,0,0,0,0,0,0,0,0,0,0,0,0,0,0,0,0,0,0,0,0,0,0,0,0,0,0,0,0,0,0,0,0,0,0,0,0,0,0,0,0,0,0,0,0,0,0,0,0,0,0,0,0,0,0,0,0,0,0,0,0,0,0,0,0,0,0,0,0,0,0,0,0,0,0,0,0,0,0,0,0,0,0,0,0,0,0,0,0,0,0,0,0,0,0,0,0,0,0,0,0,0,0,0,0,0,0,0,0,0,0,0,0,0,0,0,0,0,0,0,0,0,0,0,0,0,0,0,0,0,0,0,0,0,0,0,0,0,0,0,16,83,154,169,238,188,126,0,0,0,0,0,0,0,0,0,0,0,0,0,0,0,0,0,0,0,90,182,252,254,254,254,228,254,254,120,0,0,0,0,0,0,0,0,0,0,0,0,0,0,0,0,44,203,254,214,181,108,23,8,6,34,254,150,0,0,0,0,0,0,0,0,0,0,0,0,0,0,0,67,244,170,80,6,0,0,0,0,19,225,241,30,0,0,0,0,0,0,0,0,0,0,0,0,0,0,19,200,87,2,0,0,0,0,0,43,223,226,86,0,0,0,0,0,0,0,0,0,0,0,0,0,0,0,32,42,0,0,0,0,0,0,64,228,227,50,0,0,0,0,0,0,0,0,0,0,0,0,0,0,0,0,0,0,0,0,0,0,30,174,250,138,32,0,0,0,0,0,0,0,0,0,0,0,0,0,0,0,0,0,0,0,0,0,30,146,241,254,161,6,0,0,0,0,0,0,0,0,0,0,0,0,0,0,0,0,0,0,0,0,131,221,240,254,254,254,249,179,125,48,12,0,0,0,0,0,0,0,0,0,0,0,0,0,0,0,0,0,75,154,47,39,55,125,125,195,211,245,225,146,12,0,0,0,0,0,0,0,0,0,0,0,0,0,0,0,0,0,0,0,0,0,0,0,0,34,145,245,219,36,0,0,0,0,0,0,0,0,0,0,0,0,0,0,0,0,0,0,0,0,0,0,0,0,0,41,222,186,11,0,0,0,0,0,0,0,0,0,0,0,0,0,0,0,0,0,0,0,0,0,0,0,0,0,78,254,78,0,0,0,0,0,0,0,0,0,0,0,0,0,0,0,0,0,0,0,0,0,0,0,0,0,8,222,145,0,0,0,0,0,0,0,0,0,0,22,16,0,0,0,0,0,0,0,0,0,0,0,0,0,2,188,156,0,0,0,0,0,0,0,0,0,0,251,123,0,0,0,0,0,0,0,0,0,0,0,0,0,55,254,78,0,0,0,0,0,0,0,0,0,0,121,234,81,10,0,0,0,0,0,0,0,0,0,0,12,213,251,47,0,0,0,0,0,0,0,0,0,0,0,71,208,232,182,85,4,0,0,0,0,0,1,46,190,251,149,0,0,0,0,0,0,0,0,0,0,0,0,0,0,46,156,242,212,177,105,92,92,102,185,254,251,94,0,0,0,0,0,0,0,0,0,0,0,0,0,0,0,0,0,0,73,156,212,225,254,254,187,131,21,0,0,0,0,0,0,0,0,0,0,0,0,0,0,0,0,0,0,0,0,0,0,0,0,0,0,0,0,0,0,0,0,0,0,0,0,0,0,0,0,0,0,0,0,0,0,0,0,0,0,0,0,0,0,0,0,0,0,0,0,0,0,0,0,0,0,0,0,0,0,0,0,0,0,0,0,0,0,0,0,0,0,0,0,0,0,0,0,0,0,0,0
3,0,0,0,0,0,0,0,0,0,0,0,0,0,0,0,0,0,0,0,0,0,0,0,0,0,0,0,0,0,0,0,0,0,0,0,0,0,0,0,0,0,0,0,0,0,0,0,0,0,0,0,0,0,0,0,0,0,0,0,0,0,0,0,0,0,0,0,0,0,0,0,0,0,0,0,0,0,0,0,0,0,0,0,0,0,0,0,0,0,0,0,0,0,0,0,0,0,0,0,0,0,0,0,0,0,0,0,0,0,0,0,0,0,0,0,0,0,0,0,0,0,0,0,0,0,0,0,0,0,0,0,0,0,0,0,0,0,0,0,0,0,0,0,0,0,28,139,143,191,196,253,253,205,144,143,39,0,0,0,0,0,0,0,0,0,0,0,0,0,0,0,0,47,239,252,252,252,252,252,252,252,253,252,222,119,23,0,0,0,0,0,0,0,0,0,0,0,0,0,0,67,252,252,252,252,252,252,252,252,253,252,252,252,200,22,0,0,0,0,0,0,0,0,0,0,0,0,0,3,102,226,158,82,10,10,10,10,25,121,230,252,252,112,0,0,0,0,0,0,0,0,0,0,0,0,0,0,0,0,0,0,0,0,0,0,0,68,237,252,252,164,0,0,0,0,0,0,0,0,0,0,0,0,0,0,0,0,0,0,0,0,0,0,65,236,252,252,252,126,0,0,0,0,0,0,0,0,0,0,0,0,0,0,0,0,0,0,0,0,0,58,244,252,252,252,197,5,0,0,0,0,0,0,0,0,0,0,0,0,0,0,0,0,0,0,0,0,115,240,253,252,252,220,34,0,0,0,0,0,0,0,0,0,0,0,0,0,0,0,0,0,0,0,0,33,236,252,253,252,252,87,0,0,0,0,0,0,0,0,0,0,0,0,0,0,0,0,0,0,0,0,0,45,252,252,253,252,209,54,0,0,0,0,0,0,0,0,0,0,0,0,0,0,0,0,0,0,0,0,0,0,163,249,255,253,253,244,72,8,0,0,0,0,0,0,0,0,0,0,0,0,0,0,0,0,0,0,0,0,0,67,147,252,252,252,252,192,44,0,0,0,0,0,0,0,0,0,0,0,0,0,0,0,0,0,0,0,0,0,6,44,134,248,252,252,227,39,0,0,0,0,0,0,0,0,0,0,0,0,0,0,0,0,0,0,0,0,0,0,0,68,197,252,252,108,0,0,0,0,0,0,0,0,0,0,0,0,0,0,0,0,0,0,0,0,0,0,0,0,56,252,252,208,0,0,0,0,0,0,0,0,0,0,0,0,0,0,0,0,48,131,89,12,0,0,0,0,94,252,252,208,0,0,0,0,0,0,0,0,0,0,0,0,0,0,0,0,117,252,252,234,232,231,231,231,245,252,252,208,0,0,0,0,0,0,0,0,0,0,0,0,0,0,0,0,12,252,252,252,253,252,252,252,252,252,252,141,0,0,0,0,0,0,0,0,0,0,0,0,0,0,0,0,3,85,232,252,253,252,252,252,252,252,215,69,0,0,0,0,0,0,0,0,0,0,0,0,0,0,0,0,0,0,58,95,143,142,142,248,228,142,26,0,0,0,0,0,0,0,0,0,0,0,0,0,0,0,0,0,0,0,0,0,0,0,0,0,0,0,0,0,0,0,0,0,0,0,0,0,0,0,0,0,0,0,0,0,0,0,0,0,0,0,0,0,0,0,0,0,0,0,0,0,0,0,0,0,0,0,0,0,0,0,0,0,0,0,0,0,0,0,0,0,0,0,0,0,0,0,0,0,0,0,0
8,0,0,0,0,0,0,0,0,0,0,0,0,0,0,0,0,0,0,0,0,0,0,0,0,0,0,0,0,0,0,0,0,0,0,0,0,0,0,0,0,0,0,0,0,0,0,0,0,0,0,0,0,0,0,0,0,0,0,0,0,0,0,0,0,0,0,0,0,0,0,0,0,0,0,0,0,0,0,0,0,0,0,0,0,0,0,0,0,0,0,0,0,0,0,0,0,0,0,0,0,0,0,0,0,0,0,0,0,0,0,0,0,0,0,0,0,0,0,0,0,0,0,0,0,13,191,255,206,88,0,0,0,0,0,0,0,0,0,0,0,0,0,0,0,0,0,0,0,0,0,0,19,181,252,253,252,246,130,38,0,0,0,0,0,0,0,0,0,0,0,0,0,0,0,0,0,0,0,19,178,252,252,253,252,252,252,221,135,6,0,0,0,0,0,0,0,0,0,0,0,0,0,0,0,0,13,181,252,252,252,253,252,252,252,252,253,122,0,0,0,0,0,0,0,0,0,0,0,0,0,0,0,0,113,252,252,252,252,253,252,252,252,252,253,214,31,0,0,0,0,0,0,0,0,0,0,0,0,0,0,63,255,253,253,253,253,255,253,253,253,253,255,253,56,0,0,0,0,0,0,0,0,0,0,0,0,0,0,140,253,252,252,252,252,215,243,252,252,252,253,252,55,0,0,0,0,0,0,0,0,0,0,0,0,0,7,165,253,252,252,252,141,31,146,252,252,252,253,252,55,0,0,0,0,0,0,0,0,0,0,0,0,0,10,177,253,252,252,236,143,169,243,252,252,252,253,195,19,0,0,0,0,0,0,0,0,0,0,0,0,0,0,140,253,252,252,252,252,253,252,252,252,252,253,167,0,0,0,0,0,0,0,0,0,0,0,0,0,0,0,141,255,253,253,253,253,255,253,253,253,253,255,168,0,0,0,0,0,0,0,0,0,0,0,0,0,0,0,140,253,252,252,252,252,253,252,252,252,252,253,42,0,0,0,0,0,0,0,0,0,0,0,0,0,0,54,227,253,252,252,252,252,253,252,252,252,252,253,27,0,0,0,0,0,0,0,0,0,0,0,0,0,32,215,252,253,252,252,252,252,253,252,252,252,252,240,24,0,0,0,0,0,0,0,0,0,0,0,0,0,0,169,252,253,252,252,252,252,253,252,252,252,252,63,0,0,0,0,0,0,0,0,0,0,0,0,0,0,26,207,253,255,253,253,253,253,255,253,253,240,63,0,0,0,0,0,0,0,0,0,0,0,0,0,0,0,57,252,252,253,252,252,252,252,253,252,252,99,0,0,0,0,0,0,0,0,0,0,0,0,0,0,0,0,57,252,252,253,252,252,252,220,222,252,252,193,0,0,0,0,0,0,0,0,0,0,0,0,0,0,0,0,57,252,252,253,252,252,252,128,207,252,252,227,13,0,0,0,0,0,0,0,0,0,0,0,0,0,0,0,25,205,252,253,252,252,252,252,253,252,252,252,112,0,0,0,0,0,0,0,0,0,0,0,0,0,0,0,0,0,0,0,0,0,0,0,0,0,0,0,0,0,0,0,0,0,0,0,0,0,0,0,0,0,0,0,0,0,0,0,0,0,0,0,0,0,0,0,0,0,0,0,0,0,0,0,0,0,0,0,0,0,0,0,0,0,0,0,0,0,0,0,0,0,0,0,0,0,0,0,0,0,0,0,0,0,0,0,0,0,0,0,0,0,0,0,0,0,0,0,0,0,0,0,0,0,0,0,0,0,0,0,0,0
9,0,0,0,0,0,0,0,0,0,0,0,0,0,0,0,0,0,0,0,0,0,0,0,0,0,0,0,0,0,0,0,0,0,0,0,0,0,0,0,0,0,0,0,0,0,0,0,0,0,0,0,0,0,0,0,0,0,0,0,0,0,0,0,0,0,0,0,0,0,0,0,0,0,0,0,0,0,0,0,0,0,0,0,0,0,0,0,0,0,0,0,0,0,0,0,0,0,0,0,0,0,0,0,0,0,0,0,0,0,0,0,0,0,0,0,0,0,0,0,0,0,0,0,0,0,0,0,0,0,0,0,0,0,0,0,0,0,0,0,0,0,0,0,0,0,0,0,0,0,0,0,0,0,0,0,0,0,0,0,0,0,0,0,0,0,0,0,0,0,0,0,0,0,0,0,0,0,0,17,175,235,175,145,29,0,84,36,0,0,0,0,0,0,0,0,0,0,0,0,0,0,0,0,0,0,12,218,223,98,113,148,194,76,246,154,0,0,0,0,0,0,0,0,0,0,0,0,0,0,0,0,0,0,185,213,24,0,0,0,0,63,254,189,0,0,0,0,0,0,0,0,0,0,0,0,0,0,0,0,0,134,246,38,0,0,0,0,0,36,246,204,0,0,0,0,0,0,0,0,0,0,0,0,0,0,0,0,20,243,139,0,0,0,0,0,0,0,223,254,0,0,0,0,0,0,0,0,0,0,0,0,0,0,0,0,148,225,0,0,0,0,0,0,0,0,168,255,0,0,0,0,0,0,0,0,0,0,0,0,0,0,0,21,236,105,0,0,0,0,0,0,0,0,153,254,10,0,0,0,0,0,0,0,0,0,0,0,0,0,0,152,254,16,0,0,0,0,0,0,21,88,238,254,80,0,0,0,0,0,0,0,0,0,0,0,0,0,18,233,198,7,0,0,0,16,89,148,236,254,198,250,80,0,0,0,0,0,0,0,0,0,0,0,0,0,32,254,180,30,55,90,159,233,254,225,139,55,2,239,80,0,0,0,0,0,0,0,0,0,0,0,0,0,0,169,243,255,239,239,174,139,55,0,0,0,0,159,159,0,0,0,0,0,0,0,0,0,0,0,0,0,0,0,16,63,0,0,0,0,0,0,0,0,0,149,219,0,0,0,0,0,0,0,0,0,0,0,0,0,0,0,0,0,0,0,0,0,0,0,0,0,0,80,252,52,0,0,0,0,0,0,0,0,0,0,0,0,0,0,0,0,0,0,0,0,0,0,0,0,0,10,255,63,0,0,0,0,0,0,0,0,0,0,0,0,0,0,0,0,0,0,0,0,0,0,0,0,0,0,180,137,0,0,0,0,0,0,0,0,0,0,0,0,0,0,0,0,0,0,0,0,0,0,0,0,0,0,175,223,182,32,0,0,0,0,0,0,0,0,0,0,0,0,0,0,0,0,0,0,0,0,0,0,0,0,140,246,217,32,0,0,0,0,0,0,0,0,0,0,0,0,0,0,0,0,0,0,0,0,0,0,0,0,31,254,254,32,0,0,0,0,0,0,0,0,0,0,0,0,0,0,0,0,0,0,0,0,0,0,0,0,2,198,254,32,0,0,0,0,0,0,0,0,0,0,0,0,0,0,0,0,0,0,0,0,0,0,0,0,0,117,224,12,0,0,0,0,0,0,0,0,0,0,0,0,0,0,0,0,0,0,0,0,0,0,0,0,0,0,0,0,0,0,0,0,0,0,0,0,0,0,0,0,0,0,0,0,0,0,0,0,0,0,0,0,0,0,0,0,0,0,0,0,0
4,0,0,0,0,0,0,0,0,0,0,0,0,0,0,0,0,0,0,0,0,0,0,0,0,0,0,0,0,0,0,0,0,0,0,0,0,0,0,0,0,0,0,0,0,0,0,0,0,0,0,0,0,0,0,0,0,0,0,0,0,0,0,0,0,0,0,0,0,0,0,0,0,0,0,0,0,0,0,0,0,0,0,0,0,0,0,0,0,0,0,0,0,0,0,0,0,0,0,0,0,0,0,0,0,0,0,0,0,0,0,0,0,0,0,0,0,0,0,0,0,0,0,0,0,0,0,0,0,0,0,0,0,0,0,0,0,0,0,0,0,0,0,0,0,0,0,0,0,0,0,0,0,0,0,0,0,0,0,0,0,0,0,0,0,0,0,0,0,0,0,0,0,0,0,0,0,0,0,45,168,109,0,0,0,0,0,0,0,91,254,111,0,0,0,0,0,0,0,0,0,0,0,0,0,0,0,219,253,175,0,0,0,0,0,0,0,156,253,110,0,0,0,0,0,0,0,0,0,0,0,0,0,0,94,252,253,118,0,0,0,0,0,0,89,249,253,110,0,0,0,0,0,0,0,0,0,0,0,0,0,44,229,253,174,4,0,0,0,0,0,17,200,253,245,65,0,0,0,0,0,0,0,0,0,0,0,0,0,105,253,253,119,0,0,0,0,0,0,90,253,253,117,0,0,0,0,0,0,0,0,0,0,0,0,0,41,225,253,127,5,0,0,0,0,0,41,243,253,230,13,0,0,0,0,0,0,0,0,0,0,0,0,0,112,253,253,32,0,0,0,0,0,0,90,253,253,227,0,0,0,0,0,0,0,0,0,0,0,0,0,0,112,253,253,32,0,65,79,113,209,209,240,253,253,120,0,0,0,0,0,0,0,0,0,0,0,0,0,0,215,253,253,209,202,244,253,253,253,253,253,253,227,20,0,0,0,0,0,0,0,0,0,0,0,0,0,0,208,253,253,253,253,253,253,253,253,253,253,253,120,0,0,0,0,0,0,0,0,0,0,0,0,0,0,0,86,249,253,253,253,253,253,238,208,253,253,224,23,0,0,0,0,0,0,0,0,0,0,0,0,0,0,0,0,120,201,201,201,201,97,53,86,253,253,187,0,0,0,0,0,0,0,0,0,0,0,0,0,0,0,0,0,0,0,0,0,0,0,12,201,253,245,69,0,0,0,0,0,0,0,0,0,0,0,0,0,0,0,0,0,0,0,0,0,0,0,66,253,253,207,0,0,0,0,0,0,0,0,0,0,0,0,0,0,0,0,0,0,0,0,0,0,0,0,83,253,253,191,0,0,0,0,0,0,0,0,0,0,0,0,0,0,0,0,0,0,0,0,0,0,0,0,116,253,253,144,0,0,0,0,0,0,0,0,0,0,0,0,0,0,0,0,0,0,0,0,0,0,0,0,142,253,249,72,0,0,0,0,0,0,0,0,0,0,0,0,0,0,0,0,0,0,0,0,0,0,0,0,196,253,201,0,0,0,0,0,0,0,0,0,0,0,0,0,0,0,0,0,0,0,0,0,0,0,0,0,196,253,201,0,0,0,0,0,0,0,0,0,0,0,0,0,0,0,0,0,0,0,0,0,0,0,0,0,128,223,98,0,0,0,0,0,0,0,0,0,0,0,0,0,0,0,0,0,0,0,0,0,0,0,0,0,0,0,0,0,0,0,0,0,0,0,0,0,0,0,0,0,0,0,0,0,0,0,0,0,0,0,0,0,0,0,0,0,0,0,0,0,0,0,0,0,0,0
6,0,0,0,0,0,0,0,0,0,0,0,0,0,0,0,0,0,0,0,0,0,0,0,0,0,0,0,0,0,0,0,0,0,0,0,0,0,0,0,0,0,0,0,0,0,0,0,0,0,0,0,0,0,0,0,0,0,0,0,0,0,0,0,0,0,0,0,0,0,0,0,0,0,0,0,0,0,0,0,0,0,0,0,0,0,0,0,0,0,0,0,0,0,0,0,0,0,0,0,0,0,186,254,254,59,0,0,0,0,0,0,0,0,0,0,0,0,0,0,0,0,0,0,0,0,0,0,0,123,250,253,253,91,0,0,0,0,0,0,0,0,0,0,0,0,0,0,0,0,0,0,0,0,0,0,37,244,253,253,253,91,0,0,0,0,0,0,0,0,0,0,0,0,0,0,0,0,0,0,0,0,0,0,183,253,253,253,207,20,0,0,0,0,0,0,0,0,0,0,0,0,0,0,0,0,0,0,0,0,0,33,254,253,253,142,21,0,0,0,0,0,0,0,0,0,0,0,0,0,0,0,0,0,0,0,0,0,12,228,255,254,159,0,0,0,0,0,0,0,0,0,0,0,0,0,0,0,0,0,0,0,0,0,0,0,90,253,254,202,131,0,0,0,0,0,0,0,0,0,0,0,0,0,0,0,0,0,0,0,0,0,0,32,245,253,178,3,0,0,0,0,0,0,0,0,0,0,0,0,0,0,0,0,0,0,0,0,0,0,0,146,253,246,20,0,0,0,0,0,0,0,0,0,0,0,0,0,0,0,0,0,0,0,0,0,0,0,40,243,253,98,0,0,0,0,0,0,0,0,0,0,0,0,0,0,0,0,0,0,0,0,0,0,0,0,171,254,235,0,21,31,0,0,0,0,0,0,0,0,0,0,0,0,0,0,0,0,0,0,0,0,0,42,245,253,212,145,241,243,190,31,0,0,0,0,0,0,0,0,0,0,0,0,0,0,0,0,0,0,0,119,253,253,253,253,254,253,253,212,11,0,0,0,0,0,0,0,0,0,0,0,0,0,0,0,0,0,7,234,253,253,253,253,242,150,237,253,72,0,0,0,0,0,0,0,0,0,0,0,0,0,0,0,0,0,91,254,253,253,246,129,26,20,230,253,72,0,0,0,0,0,0,0,0,0,0,0,0,0,0,0,0,0,92,255,254,204,52,0,0,139,254,248,52,0,0,0,0,0,0,0,0,0,0,0,0,0,0,0,0,0,91,254,253,178,0,0,114,245,253,130,0,0,0,0,0,0,0,0,0,0,0,0,0,0,0,0,0,0,91,254,253,235,133,217,254,253,247,46,0,0,0,0,0,0,0,0,0,0,0,0,0,0,0,0,0,0,20,208,253,253,253,253,254,223,92,0,0,0,0,0,0,0,0,0,0,0,0,0,0,0,0,0,0,0,0,21,175,253,253,253,163,37,0,0,0,0,0,0,0,0,0,0,0,0,0,0,0,0,0,0,0,0,0,0,0,0,0,0,0,0,0,0,0,0,0,0,0,0,0,0,0,0,0,0,0,0,0,0,0,0,0,0,0,0,0,0,0,0,0,0,0,0,0,0,0,0,0,0,0,0,0,0,0,0,0,0,0,0,0,0,0,0,0,0,0,0,0,0,0,0,0,0,0,0,0,0,0,0,0,0,0,0,0,0,0,0,0,0,0,0,0,0,0,0,0,0,0,0,0,0,0,0,0,0,0,0,0,0,0,0,0,0,0,0,0,0,0,0,0,0,0,0,0,0,0,0,0,0,0,0,0,0,0
1,0,0,0,0,0,0,0,0,0,0,0,0,0,0,0,0,0,0,0,0,0,0,0,0,0,0,0,0,0,0,0,0,0,0,0,0,0,0,0,0,0,0,0,0,0,0,0,0,0,0,0,0,0,0,0,0,0,0,0,0,0,0,0,0,0,0,0,0,0,0,0,0,0,0,0,0,0,0,0,0,0,0,0,0,0,0,0,0,0,0,0,0,0,0,0,0,0,0,0,0,0,0,0,0,0,0,0,0,0,0,0,0,0,0,0,0,0,0,0,0,0,0,0,0,0,0,0,0,0,0,0,0,0,0,0,0,0,0,0,0,0,0,0,0,0,0,0,0,0,0,0,0,0,0,0,122,248,90,0,0,0,0,0,0,0,0,0,0,0,0,0,0,0,0,0,0,0,0,0,0,0,0,0,254,253,159,0,0,0,0,0,0,0,0,0,0,0,0,0,0,0,0,0,0,0,0,0,0,0,0,0,254,253,111,0,0,0,0,0,0,0,0,0,0,0,0,0,0,0,0,0,0,0,0,0,0,0,0,114,254,219,18,0,0,0,0,0,0,0,0,0,0,0,0,0,0,0,0,0,0,0,0,0,0,0,0,134,254,146,0,0,0,0,0,0,0,0,0,0,0,0,0,0,0,0,0,0,0,0,0,0,0,0,10,222,255,146,0,0,0,0,0,0,0,0,0,0,0,0,0,0,0,0,0,0,0,0,0,0,0,0,106,253,255,146,0,0,0,0,0,0,0,0,0,0,0,0,0,0,0,0,0,0,0,0,0,0,0,0,147,253,254,62,0,0,0,0,0,0,0,0,0,0,0,0,0,0,0,0,0,0,0,0,0,0,0,2,153,253,248,12,0,0,0,0,0,0,0,0,0,0,0,0,0,0,0,0,0,0,0,0,0,0,0,27,253,253,134,0,0,0,0,0,0,0,0,0,0,0,0,0,0,0,0,0,0,0,0,0,0,0,0,27,254,254,134,0,0,0,0,0,0,0,0,0,0,0,0,0,0,0,0,0,0,0,0,0,0,0,0,84,253,253,134,0,0,0,0,0,0,0,0,0,0,0,0,0,0,0,0,0,0,0,0,0,0,0,15,195,253,253,14,0,0,0,0,0,0,0,0,0,0,0,0,0,0,0,0,0,0,0,0,0,0,0,41,253,253,253,0,0,0,0,0,0,0,0,0,0,0,0,0,0,0,0,0,0,0,0,0,0,0,0,41,253,253,218,0,0,0,0,0,0,0,0,0,0,0,0,0,0,0,0,0,0,0,0,0,0,0,0,41,253,253,218,0,0,0,0,0,0,0,0,0,0,0,0,0,0,0,0,0,0,0,0,0,0,0,0,41,253,251,142,0,0,0,0,0,0,0,0,0,0,0,0,0,0,0,0,0,0,0,0,0,0,0,0,41,253,241,13,0,0,0,0,0,0,0,0,0,0,0,0,0,0,0,0,0,0,0,0,0,0,0,0,39,240,248,120,0,0,0,0,0,0,0,0,0,0,0,0,0,0,0,0,0,0,0,0,0,0,0,0,0,0,140,57,0,0,0,0,0,0,0,0,0,0,0,0,0,0,0,0,0,0,0,0,0,0,0,0,0,0,0,0,0,0,0,0,0,0,0,0,0,0,0,0,0,0,0,0,0,0,0,0,0,0,0,0,0,0,0,0,0,0,0,0,0,0,0,0,0,0,0,0,0,0,0,0,0,0,0,0,0,0,0,0,0,0,0,0,0,0,0,0,0,0,0,0,0,0,0,0,0
2,0,0,0,0,0,0,0,0,0,0,0,0,0,0,0,0,0,0,0,0,0,0,0,0,0,0,0,0,0,0,0,0,0,0,0,0,0,0,0,0,0,0,0,0,0,0,0,0,0,0,0,0,0,0,0,0,0,0,0,0,0,0,0,0,0,0,0,0,0,0,0,0,0,0,0,0,0,0,0,0,0,0,0,0,0,0,0,0,0,0,0,0,0,0,0,0,76,163,163,255,254,208,61,0,0,0,0,0,0,0,0,0,0,0,0,0,0,0,0,0,0,0,0,90,250,253,253,238,249,253,200,16,0,0,0,0,0,0,0,0,0,0,0,0,0,0,0,0,0,0,95,244,253,253,194,58,86,222,253,85,0,0,0,0,0,0,0,0,0,0,0,0,0,0,0,0,0,46,254,253,250,196,41,0,0,128,253,162,0,0,0,0,0,0,0,0,0,0,0,0,0,0,0,0,14,232,254,233,75,0,0,0,0,128,253,162,0,0,0,0,0,0,0,0,0,0,0,0,0,0,0,0,7,155,208,110,0,0,0,0,0,128,254,163,0,0,0,0,0,0,0,0,0,0,0,0,0,0,0,0,0,0,39,0,0,0,0,0,0,179,253,142,0,0,0,0,0,0,0,0,0,0,0,0,0,0,0,0,0,0,0,0,0,0,0,0,8,222,253,72,0,0,0,0,0,0,0,0,0,0,0,0,0,0,0,0,0,0,0,0,0,0,0,0,61,253,253,72,0,0,0,0,0,0,0,0,0,0,0,0,0,0,0,0,0,0,0,0,0,40,91,92,183,253,246,46,0,0,0,0,0,0,0,0,0,0,0,0,0,0,0,0,0,0,0,88,241,254,254,255,254,254,170,0,0,0,0,0,0,0,0,0,0,0,0,0,0,0,0,0,0,0,171,252,245,128,108,134,249,253,150,0,0,0,0,0,0,0,0,0,0,0,0,0,0,0,0,0,10,159,254,199,44,0,0,50,244,253,189,0,0,0,0,0,0,0,0,0,0,0,0,0,0,0,0,3,132,253,209,10,0,0,0,163,253,253,249,64,0,0,0,0,0,0,0,0,0,0,0,0,0,0,0,133,253,188,0,0,0,0,33,228,253,253,253,162,0,0,0,7,26,0,0,0,0,0,0,0,0,0,81,254,216,26,0,0,0,0,182,255,254,254,254,163,0,0,24,184,0,0,0,0,0,0,0,0,0,16,200,245,81,0,0,0,0,89,248,254,253,253,253,162,0,51,204,68,0,0,0,0,0,0,0,0,0,73,253,216,0,0,0,0,90,245,253,254,253,253,253,175,89,238,171,0,0,0,0,0,0,0,0,0,0,73,253,216,0,0,0,89,245,253,246,203,245,253,253,253,254,223,40,0,0,0,0,0,0,0,0,0,0,21,208,242,110,91,182,248,253,253,98,0,42,195,253,253,136,31,0,0,0,0,0,0,0,0,0,0,0,0,0,0,0,0,0,0,0,0,0,0,0,0,0,0,0,0,0,0,0,0,0,0,0,0,0,0,0,0,0,0,0,0,0,0,0,0,0,0,0,0,0,0,0,0,0,0,0,0,0,0,0,0,0,0,0,0,0,0,0,0,0,0,0,0,0,0,0,0,0,0,0,0,0,0,0,0,0,0,0,0,0,0,0,0,0,0,0,0,0,0,0,0,0,0,0,0,0,0,0,0,0,0,0,0,0,0,0,0,0,0,0,0,0,0,0,0,0,0,0,0,0,0,0,0,0,0,0,0,0,0,0,0,0,0
2,0,0,0,0,0,0,0,0,0,0,0,0,0,0,0,0,0,0,0,0,0,0,0,0,0,0,0,0,0,0,0,0,0,0,0,0,0,0,0,0,0,0,0,0,0,0,0,0,0,0,0,0,0,0,0,0,0,0,0,0,0,0,0,0,0,0,0,0,0,0,0,0,0,0,0,0,0,0,0,0,0,0,0,0,0,0,0,0,0,0,0,0,0,0,14,70,189,255,254,254,254,172,0,0,0,0,0,0,0,0,0,0,0,0,0,0,0,0,0,0,3,62,224,254,254,254,254,234,241,252,193,12,0,0,0,0,0,0,0,0,0,0,0,0,0,0,0,21,143,254,254,177,131,67,67,22,69,254,254,24,0,0,0,0,0,0,0,0,0,0,0,0,0,0,0,45,196,128,44,1,0,0,0,0,44,254,254,82,0,0,0,0,0,0,0,0,0,0,0,0,0,0,0,0,0,0,0,0,0,0,0,0,44,254,254,120,0,0,0,0,0,0,0,0,0,0,0,0,0,0,0,0,0,0,0,0,0,0,0,0,44,254,254,120,0,0,0,0,0,0,0,0,0,0,0,0,0,0,0,0,0,0,0,0,0,0,0,0,44,254,254,27,0,0,0,0,0,0,0,0,0,0,0,0,0,0,0,0,0,0,0,0,0,0,0,0,51,254,254,24,0,0,0,0,0,0,0,0,0,0,0,0,0,0,0,0,0,0,0,0,0,0,0,0,170,254,230,16,0,0,0,0,0,0,0,0,0,0,0,0,0,0,0,0,0,0,0,0,0,0,0,73,253,252,111,0,0,0,0,0,0,0,0,0,0,0,0,0,0,0,0,0,0,0,0,0,0,0,12,190,254,244,0,0,0,0,0,0,0,0,0,0,0,0,0,0,0,0,0,0,0,0,0,0,0,0,111,254,254,149,0,0,0,0,0,0,0,0,0,0,0,0,0,0,0,0,0,0,0,15,64,60,44,27,207,254,213,4,0,0,0,0,0,0,0,0,0,0,0,0,0,0,0,0,0,3,101,219,254,254,254,234,254,254,170,0,0,0,0,0,0,0,0,0,0,0,0,0,0,0,0,0,0,86,254,254,211,242,254,254,254,254,190,15,0,0,0,0,0,0,0,0,0,0,0,0,0,0,0,0,14,169,254,208,13,103,254,254,254,254,254,191,13,0,0,0,0,0,0,0,0,0,0,0,0,0,0,0,92,254,254,95,25,228,254,254,171,183,254,254,189,10,0,0,0,0,0,0,0,0,0,0,0,0,0,0,68,253,254,223,250,254,254,197,17,28,154,254,254,157,16,0,0,0,0,0,0,0,0,0,0,0,0,0,0,151,254,254,254,254,163,18,0,0,22,128,242,254,231,69,0,0,0,0,0,0,0,0,0,0,0,0,0,36,166,254,233,78,19,0,0,0,0,0,41,149,82,0,0,0,0,0,0,0,0,0,0,0,0,0,0,0,0,0,0,0,0,0,0,0,0,0,0,0,0,0,0,0,0,0,0,0,0,0,0,0,0,0,0,0,0,0,0,0,0,0,0,0,0,0,0,0,0,0,0,0,0,0,0,0,0,0,0,0,0,0,0,0,0,0,0,0,0,0,0,0,0,0,0,0,0,0,0,0,0,0,0,0,0,0,0,0,0,0,0,0,0,0,0,0,0,0,0,0,0,0,0,0,0,0,0,0,0,0,0,0,0,0,0,0,0,0,0,0,0,0,0,0,0,0,0,0,0,0,0,0,0,0,0,0,0,0,0,0
3,0,0,0,0,0,0,0,0,0,0,0,0,0,0,0,0,0,0,0,0,0,0,0,0,0,0,0,0,0,0,0,0,0,0,0,0,0,0,0,0,0,0,0,0,0,0,0,0,0,0,0,0,0,0,0,0,0,0,0,0,0,0,0,0,0,0,0,0,0,0,0,0,0,0,0,0,0,0,0,0,0,0,0,0,0,0,0,0,0,0,0,0,0,0,0,0,0,0,0,0,0,0,0,0,0,0,0,0,0,0,0,0,0,0,0,0,0,0,0,0,0,0,0,0,0,0,0,0,0,0,0,0,0,0,0,0,0,0,0,0,0,0,0,0,0,0,0,0,0,0,0,0,0,0,0,0,0,0,0,0,0,0,0,0,0,0,0,0,0,0,0,0,0,0,0,0,3,97,170,253,253,255,232,107,5,0,0,0,0,0,0,0,0,0,0,0,0,0,0,0,0,0,0,0,66,252,252,252,252,253,252,252,67,0,0,0,0,0,0,0,0,0,0,0,0,0,0,0,0,0,0,0,253,252,170,69,69,131,196,252,227,48,0,0,0,0,0,0,0,0,0,0,0,0,0,0,0,0,0,0,109,160,44,0,0,0,47,252,252,137,0,0,0,0,0,0,0,0,0,0,0,0,0,0,0,0,0,0,0,0,0,0,0,0,5,190,252,137,0,0,0,0,0,0,0,0,0,0,0,0,0,0,0,0,0,0,0,0,0,0,0,0,47,253,253,75,0,0,0,0,0,0,0,0,0,0,0,0,0,0,0,0,0,0,0,0,0,0,0,0,68,252,252,22,0,0,0,0,0,0,0,0,0,0,0,0,0,0,0,0,0,0,0,0,0,0,0,7,186,252,153,6,0,0,0,0,0,0,0,0,0,0,0,0,0,0,0,0,0,0,0,0,0,0,0,118,252,252,45,0,0,0,0,0,0,0,0,0,0,0,0,0,0,0,0,0,0,0,0,0,0,0,0,243,252,136,4,0,0,0,0,0,0,0,0,0,0,0,0,0,0,0,0,0,0,0,0,0,0,0,0,128,253,222,88,0,0,0,0,0,0,0,0,0,0,0,0,0,0,0,0,0,0,0,0,0,0,0,0,9,173,252,177,5,0,0,0,0,0,0,0,0,0,0,0,0,0,0,0,0,0,0,0,0,0,0,0,0,47,252,252,22,0,0,0,0,0,0,0,0,0,0,0,0,0,0,0,0,0,0,0,0,0,0,0,0,47,252,218,14,0,0,0,0,0,0,0,0,0,0,0,0,0,0,0,0,0,0,0,0,0,0,0,0,151,252,160,0,0,0,0,0,0,0,0,0,0,0,0,0,0,0,0,0,0,0,0,0,0,0,0,13,212,253,150,0,0,0,0,0,0,0,0,0,0,0,0,0,0,0,0,0,0,0,0,0,0,0,0,118,252,240,37,0,0,0,0,0,0,0,0,0,0,0,0,0,0,0,0,0,0,0,0,0,0,0,32,253,252,151,0,0,0,0,0,0,0,0,0,0,0,0,0,0,0,0,0,0,0,0,0,17,93,51,218,253,235,44,0,0,0,0,0,0,0,0,0,0,0,0,0,0,0,0,0,0,0,0,0,47,252,242,252,243,60,0,0,0,0,0,0,0,0,0,0,0,0,0,0,0,0,0,0,0,0,0,0,0,0,0,0,0,0,0,0,0,0,0,0,0,0,0,0,0,0,0,0,0,0,0,0,0,0,0,0,0,0,0,0,0,0,0,0,0,0,0,0,0,0,0,0,0,0,0
6,0,0,0,0,0,0,0,0,0,0,0,0,0,0,0,0,0,0,0,0,0,0,0,0,0,0,0,0,0,0,0,0,0,0,0,0,0,0,0,0,0,0,0,0,0,0,0,0,0,0,0,0,0,0,0,0,0,0,0,0,0,0,0,0,0,0,0,0,13,190,51,0,0,0,0,0,0,0,0,0,0,0,0,0,0,0,0,0,0,0,0,0,0,0,0,7,155,254,115,17,0,0,0,0,0,0,0,0,0,0,0,0,0,0,0,0,0,0,0,0,0,0,0,88,254,254,220,143,0,0,0,0,0,0,0,0,0,0,0,0,0,0,0,0,0,0,0,0,0,0,0,171,254,236,50,39,0,0,0,0,0,0,0,0,0,0,0,0,0,0,0,0,0,0,0,0,0,0,84,253,245,55,0,0,0,0,0,0,0,0,0,0,0,0,0,0,0,0,0,0,0,0,0,0,0,0,183,254,133,0,0,0,0,0,0,0,0,0,0,0,0,0,0,0,0,0,0,0,0,0,0,0,0,15,225,223,18,0,0,0,0,0,0,0,0,0,0,0,0,0,0,0,0,0,0,0,0,0,0,0,0,25,254,201,0,0,0,0,0,0,0,0,0,0,0,0,0,0,0,0,0,0,0,0,0,0,0,0,0,123,254,201,0,0,0,0,0,0,0,0,0,0,0,0,0,0,0,0,0,0,0,0,0,0,0,0,0,217,254,93,0,0,0,0,0,0,0,0,0,0,0,0,0,0,0,0,0,0,0,0,0,0,0,0,0,217,254,9,0,0,0,1,15,7,0,0,0,0,0,0,0,0,0,0,0,0,0,0,0,0,0,0,0,217,195,3,0,0,0,146,254,210,65,0,0,0,0,0,0,0,0,0,0,0,0,0,0,0,0,0,0,217,215,5,0,0,150,251,254,254,243,48,0,0,0,0,0,0,0,0,0,0,0,0,0,0,0,0,0,213,254,17,0,0,241,254,149,201,253,93,1,0,0,0,0,0,0,0,0,0,0,0,0,0,0,0,0,57,254,216,13,82,250,254,114,0,202,254,24,0,0,0,0,0,0,0,0,0,0,0,0,0,0,0,0,25,254,254,43,106,254,154,8,0,188,254,24,0,0,0,0,0,0,0,0,0,0,0,0,0,0,0,0,24,251,254,128,209,199,53,5,75,185,254,60,0,0,0,0,0,0,0,0,0,0,0,0,0,0,0,0,0,31,249,254,254,237,203,254,254,254,254,24,0,0,0,0,0,0,0,0,0,0,0,0,0,0,0,0,0,0,177,249,254,254,254,254,254,250,61,3,0,0,0,0,0,0,0,0,0,0,0,0,0,0,0,0,0,0,0,52,129,140,213,158,69,60,0,0,0,0,0,0,0,0,0,0,0,0,0,0,0,0,0,0,0,0,0,0,0,0,0,0,0,0,0,0,0,0,0,0,0,0,0,0,0,0,0,0,0,0,0,0,0,0,0,0,0,0,0,0,0,0,0,0,0,0,0,0,0,0,0,0,0,0,0,0,0,0,0,0,0,0,0,0,0,0,0,0,0,0,0,0,0,0,0,0,0,0,0,0,0,0,0,0,0,0,0,0,0,0,0,0,0,0,0,0,0,0,0,0,0,0,0,0,0,0,0,0,0,0,0,0,0,0,0,0,0,0,0,0,0,0,0,0,0,0,0,0,0,0,0,0,0,0,0,0,0,0,0,0,0,0,0,0,0,0,0,0,0,0,0,0,0,0,0,0,0,0,0,0,0,0,0
7,0,0,0,0,0,0,0,0,0,0,0,0,0,0,0,0,0,0,0,0,0,0,0,0,0,0,0,0,0,0,0,0,0,0,0,0,0,0,0,0,0,0,0,0,0,0,0,0,0,0,0,0,0,0,0,0,0,0,0,0,0,0,0,0,0,0,0,0,0,0,0,0,0,0,0,0,0,0,0,0,0,0,0,0,0,0,0,0,0,0,0,0,0,0,0,0,0,0,0,0,0,0,0,0,0,0,0,0,0,0,0,0,0,0,0,0,0,0,0,0,0,0,0,0,0,0,0,0,0,0,0,0,0,0,0,0,0,0,0,0,0,0,0,0,0,0,0,0,0,0,0,0,0,0,0,0,0,0,0,0,0,0,0,0,0,0,0,0,0,0,0,0,0,0,0,0,0,43,148,245,183,148,87,43,4,0,0,0,0,0,0,0,0,0,0,0,0,0,0,0,0,0,0,0,0,148,252,252,252,252,253,252,195,163,50,0,0,0,0,0,0,0,0,0,0,0,0,0,0,0,0,0,0,92,231,242,252,252,253,252,252,252,244,128,41,0,0,0,0,0,0,0,0,0,0,0,0,0,0,0,0,0,0,42,84,128,190,210,252,252,252,253,224,14,0,0,0,0,0,0,0,0,0,0,0,0,0,0,0,0,0,0,0,0,0,14,42,138,252,253,252,109,0,0,0,0,0,0,0,0,0,0,0,0,0,0,0,0,0,0,0,0,0,0,0,38,236,254,253,65,0,0,0,0,0,0,0,0,0,0,0,0,0,0,0,0,0,0,0,0,0,0,8,171,252,253,224,14,0,0,0,0,0,0,0,0,0,0,0,0,0,0,0,0,0,0,0,0,0,0,128,252,252,241,66,0,0,0,0,0,0,0,0,0,0,0,0,0,0,0,0,0,0,0,0,0,0,84,246,252,252,35,0,0,0,0,0,0,0,0,0,0,0,0,0,0,0,0,0,0,0,0,0,0,36,242,252,226,59,0,0,0,0,0,0,0,0,0,0,0,0,0,0,0,0,0,0,0,0,0,0,18,255,253,223,35,0,0,0,0,0,0,0,0,0,0,0,0,0,0,0,0,0,0,0,0,0,0,48,216,253,252,47,0,0,0,0,0,0,0,0,0,0,0,0,0,0,0,0,0,0,0,0,0,0,82,237,252,223,47,2,0,0,0,0,0,0,0,0,0,0,0,0,0,0,0,0,0,0,0,0,0,22,237,252,252,35,0,0,0,0,0,0,0,0,0,0,0,0,0,0,0,0,0,0,0,0,0,0,18,199,252,252,121,0,0,0,0,0,0,0,0,0,0,0,0,0,0,0,0,0,0,0,0,0,0,0,166,253,250,158,0,0,0,0,0,0,0,0,0,0,0,0,0,0,0,0,0,0,0,0,0,0,22,128,253,252,117,0,0,0,0,0,0,0,0,0,0,0,0,0,0,0,0,0,0,0,0,0,0,20,202,252,253,201,11,0,0,0,0,0,0,0,0,0,0,0,0,0,0,0,0,0,0,0,0,0,0,127,252,252,243,47,0,0,0,0,0,0,0,0,0,0,0,0,0,0,0,0,0,0,0,0,0,0,0,127,252,208,35,0,0,0,0,0,0,0,0,0,0,0,0,0,0,0,0,0,0,0,0,0,0,0,0,0,0,0,0,0,0,0,0,0,0,0,0,0,0,0,0,0,0,0,0,0,0,0,0,0,0,0,0,0,0,0,0,0,0,0,0,0,0,0,0,0,0,0,0,0,0,0,0,0,0
1,0,0,0,0,0,0,0,0,0,0,0,0,0,0,0,0,0,0,0,0,0,0,0,0,0,0,0,0,0,0,0,0,0,0,0,0,0,0,0,0,0,0,0,0,0,0,0,0,0,0,0,0,0,0,0,0,0,0,0,0,0,0,0,0,0,0,0,0,0,0,0,0,0,0,0,0,0,0,0,0,0,0,0,0,0,0,0,0,0,0,0,0,0,0,0,0,0,0,0,0,0,0,0,0,0,0,0,0,0,0,0,0,0,0,0,0,0,0,0,0,0,0,0,0,0,0,0,0,0,0,0,0,0,0,0,0,0,0,0,0,0,0,0,0,0,0,0,0,0,0,0,0,0,0,0,0,0,0,0,0,0,0,0,0,0,0,0,0,0,0,0,0,0,0,0,0,0,0,0,0,0,0,0,0,87,208,177,61,0,0,0,0,0,0,0,0,0,0,0,0,0,0,0,0,0,0,0,0,0,0,0,117,249,254,254,198,7,0,0,0,0,0,0,0,0,0,0,0,0,0,0,0,0,0,0,0,0,0,76,247,254,190,41,21,0,0,0,0,0,0,0,0,0,0,0,0,0,0,0,0,0,0,0,0,0,0,195,254,187,22,0,0,0,0,0,0,0,0,0,0,0,0,0,0,0,0,0,0,0,0,0,0,0,76,246,254,68,0,0,0,0,0,0,0,0,0,0,0,0,0,0,0,0,0,0,0,0,0,0,0,0,193,254,213,28,0,0,0,0,0,0,0,0,0,0,0,0,0,0,0,0,0,0,0,0,0,0,0,0,249,254,115,0,0,0,0,0,0,0,0,0,0,0,0,0,0,0,0,0,0,0,0,0,0,0,0,128,254,215,27,0,0,0,0,0,0,0,0,0,0,0,0,0,0,0,0,0,0,0,0,0,0,0,13,242,254,164,0,0,0,0,0,0,0,0,0,0,0,0,0,0,0,0,0,0,0,0,0,0,0,0,52,254,254,164,0,0,0,0,0,0,0,0,0,0,0,0,0,0,0,0,0,0,0,0,0,0,0,0,152,254,254,64,0,0,0,0,0,0,0,0,0,0,0,0,0,0,0,0,0,0,0,0,0,0,0,0,152,254,242,24,0,0,0,0,0,0,0,0,0,0,0,0,0,0,0,0,0,0,0,0,0,0,0,0,152,254,144,0,0,0,0,0,0,0,0,0,0,0,0,0,0,0,0,0,0,0,0,0,0,0,0,0,152,254,77,0,0,0,0,0,0,0,0,0,0,0,0,0,0,0,0,0,0,0,0,0,0,0,0,0,152,254,6,0,0,0,0,0,0,0,0,0,0,0,0,0,0,0,0,0,0,0,0,0,0,0,0,0,152,254,6,0,0,0,0,0,0,0,0,0,0,0,0,0,0,0,0,0,0,0,0,0,0,0,0,0,152,254,6,0,0,0,0,0,0,0,0,0,0,0,0,0,0,0,0,0,0,0,0,0,0,0,0,0,152,254,6,0,0,0,0,0,0,0,0,0,0,0,0,0,0,0,0,0,0,0,0,0,0,0,0,0,141,254,17,0,0,0,0,0,0,0,0,0,0,0,0,0,0,0,0,0,0,0,0,0,0,0,0,0,7,187,69,0,0,0,0,0,0,0,0,0,0,0,0,0,0,0,0,0,0,0,0,0,0,0,0,0,0,0,0,0,0,0,0,0,0,0,0,0,0,0,0,0,0,0,0,0,0,0,0,0,0,0,0,0,0,0,0,0,0,0,0,0,0,0,0,0,0,0,0,0,0
2,0,0,0,0,0,0,0,0,0,0,0,0,0,0,0,0,0,0,0,0,0,0,0,0,0,0,0,0,0,0,0,0,0,0,0,0,0,0,0,0,0,0,0,0,0,0,0,0,0,0,0,0,0,0,0,0,0,0,0,0,0,0,0,0,0,0,0,0,0,0,0,0,0,0,0,0,0,0,0,0,0,0,0,0,0,0,0,0,0,0,0,0,0,0,0,0,0,0,0,0,0,0,0,0,0,0,0,0,0,0,0,0,0,0,0,0,0,0,0,0,0,0,0,0,0,0,0,0,0,0,0,0,0,0,0,0,0,0,0,0,0,0,0,0,0,0,0,0,0,0,0,0,0,0,0,0,0,0,0,0,0,0,0,0,0,0,0,0,0,0,0,0,0,0,0,0,0,0,0,0,0,0,0,0,0,0,0,0,0,0,0,0,0,0,0,0,0,0,0,0,0,0,0,0,0,0,0,0,0,0,0,0,0,0,0,0,0,0,0,0,0,0,0,0,0,0,0,0,0,0,0,0,0,0,0,0,0,0,0,0,0,0,0,0,0,0,0,0,0,0,0,0,0,0,0,0,0,0,0,0,0,0,0,0,38,113,179,93,2,0,0,0,0,0,0,8,174,0,0,0,0,0,0,0,0,0,0,0,0,0,4,180,254,254,254,254,127,0,0,0,0,0,0,161,136,0,0,0,0,0,0,0,0,0,0,0,0,0,21,199,216,111,70,137,251,70,0,0,0,0,100,233,16,0,0,0,0,0,0,0,0,0,0,0,0,0,0,4,4,0,0,52,254,91,0,0,0,38,237,62,0,0,0,0,0,0,0,0,0,8,127,105,76,6,0,0,0,0,5,145,237,19,0,0,6,180,148,0,0,0,0,0,0,0,0,0,0,172,254,254,254,162,11,0,0,56,186,217,51,0,0,18,184,172,23,0,0,0,0,0,0,0,0,0,0,162,254,149,187,255,193,97,177,241,173,37,0,0,59,184,152,23,0,0,0,0,0,0,0,0,0,0,0,0,127,229,252,254,253,254,223,61,6,10,74,154,224,125,4,0,0,0,0,0,0,0,0,0,0,0,0,0,0,0,17,49,36,210,254,228,200,254,201,128,16,0,0,0,0,0,0,0,0,0,0,0,0,0,0,0,0,0,0,0,0,4,55,84,130,67,1,0,0,0,0,0,0,0,0,0,0,0,0,0,0,0,0,0,0,0,0,0,0,0,0,0,0,0,0,0,0,0,0,0,0,0,0,0,0,0,0,0,0,0,0,0,0,0,0,0,0,0,0,0,0,0,0,0,0,0,0,0,0,0,0,0,0,0,0,0,0,0,0,0,0,0,0,0,0,0,0,0,0,0,0,0,0,0,0,0,0,0,0,0,0,0,0,0,0,0,0,0,0,0,0,0,0,0,0,0,0,0,0,0,0,0,0,0,0,0,0,0,0,0,0,0,0,0,0,0,0,0,0,0,0,0,0,0,0,0,0,0,0,0,0,0,0,0,0,0,0,0,0,0,0,0,0,0,0,0,0,0,0,0,0,0,0,0,0,0,0,0,0,0,0,0,0,0,0,0,0,0,0,0,0,0,0,0,0,0,0,0,0,0,0,0,0,0,0,0,0,0,0,0,0,0,0,0,0,0,0,0,0,0,0,0,0,0,0,0,0,0,0,0,0,0,0,0,0,0,0,0,0,0,0,0,0,0,0,0,0,0,0,0,0,0,0,0,0,0,0,0,0,0,0,0,0,0,0,0,0,0,0,0
2,0,0,0,0,0,0,0,0,0,0,0,0,0,0,0,0,0,0,0,0,0,0,0,0,0,0,0,0,0,0,0,0,0,0,0,0,0,0,0,0,0,0,0,0,0,0,0,0,0,0,0,0,0,0,0,0,0,0,0,0,0,0,0,0,0,0,0,0,0,0,0,0,0,0,0,0,0,0,0,0,0,0,0,0,0,0,0,0,0,0,0,0,0,0,0,0,0,0,0,0,0,0,0,0,0,0,0,0,0,0,0,0,0,0,0,0,0,0,0,0,0,0,0,0,0,0,0,0,0,0,0,0,0,0,0,0,0,0,0,0,0,0,0,0,0,0,0,0,0,0,13,57,57,57,19,0,0,0,0,0,0,0,0,0,0,0,0,0,0,0,0,0,0,0,0,0,0,111,209,252,252,253,215,197,147,38,0,0,0,0,0,0,0,0,0,0,0,0,0,0,0,0,0,0,0,141,252,252,252,253,252,252,252,226,38,0,0,0,0,0,0,0,0,0,0,0,0,0,0,0,0,0,0,129,253,168,101,114,113,200,250,255,197,0,0,0,0,0,0,0,0,0,0,0,0,0,0,0,0,0,0,22,234,142,0,0,0,0,125,253,234,63,0,0,0,0,0,0,0,0,0,0,0,0,0,0,0,0,0,0,38,13,0,0,0,0,0,253,252,168,0,0,0,0,0,0,0,0,0,0,0,0,0,0,0,0,0,0,0,0,0,0,0,0,0,153,252,168,0,0,0,0,0,0,0,0,0,0,0,0,0,0,0,0,0,0,0,0,0,0,0,0,0,254,253,168,0,0,0,0,0,0,0,0,0,0,0,0,0,0,0,0,0,0,0,0,0,0,0,0,101,253,252,93,0,0,0,0,0,0,0,0,0,0,0,0,0,0,0,0,0,0,0,0,0,0,0,0,225,253,208,13,0,0,0,0,0,0,0,0,0,0,0,0,0,0,0,0,0,0,0,0,0,0,0,126,249,253,145,0,0,0,0,0,0,0,0,0,0,0,0,0,0,0,0,0,0,0,0,0,0,16,128,253,253,176,7,19,0,13,0,10,16,0,0,0,0,0,0,0,0,0,0,0,0,0,0,19,57,216,252,252,252,244,187,224,169,207,169,197,215,0,0,0,0,0,0,0,0,0,19,85,134,198,197,215,252,253,252,252,252,253,252,252,252,253,252,224,118,0,0,0,0,0,0,0,0,126,231,252,252,253,252,252,252,253,227,139,90,140,115,28,28,28,28,19,0,0,0,0,0,0,0,0,0,242,253,253,253,254,253,231,125,51,0,0,0,0,0,0,0,0,0,0,0,0,0,0,0,0,0,0,0,47,159,196,145,84,84,19,0,0,0,0,0,0,0,0,0,0,0,0,0,0,0,0,0,0,0,0,0,0,0,0,0,0,0,0,0,0,0,0,0,0,0,0,0,0,0,0,0,0,0,0,0,0,0,0,0,0,0,0,0,0,0,0,0,0,0,0,0,0,0,0,0,0,0,0,0,0,0,0,0,0,0,0,0,0,0,0,0,0,0,0,0,0,0,0,0,0,0,0,0,0,0,0,0,0,0,0,0,0,0,0,0,0,0,0,0,0,0,0,0,0,0,0,0,0,0,0,0,0,0,0,0,0,0,0,0,0,0,0,0,0,0,0,0,0,0,0,0,0,0,0,0,0,0,0,0,0,0,0,0,0,0,0,0,0,0,0,0,0,0,0,0,0,0,0,0,0,0,0,0,0,0,0,0,0,0,0,0,0,0,0
7,0,0,0,0,0,0,0,0,0,0,0,0,0,0,0,0,0,0,0,0,0,0,0,0,0,0,0,0,0,0,0,0,0,0,0,0,0,0,0,0,0,0,0,0,0,0,0,0,0,0,0,0,0,0,0,0,0,0,0,0,0,0,0,0,0,0,0,0,0,0,0,0,0,0,0,0,0,0,0,0,0,0,0,0,0,0,0,0,0,0,0,0,0,0,0,0,0,0,0,0,0,0,0,0,0,0,0,0,0,0,0,0,0,0,0,0,0,0,0,0,0,0,0,0,0,0,0,0,0,0,0,0,0,0,0,0,0,0,0,0,0,0,0,0,0,0,0,0,0,0,0,0,0,0,0,0,0,0,0,0,0,0,0,0,0,0,0,0,0,0,0,0,0,0,0,0,0,0,0,0,0,0,0,0,0,0,0,0,0,0,0,0,0,0,0,0,0,0,0,0,0,0,0,0,0,0,0,0,0,0,0,0,0,0,0,0,0,0,0,0,0,0,0,0,0,0,200,254,254,166,40,18,76,136,136,136,136,136,189,254,255,254,254,254,254,199,0,0,0,0,0,0,0,0,166,248,225,253,253,253,253,253,253,253,253,253,253,253,253,253,253,253,253,237,0,0,0,0,0,0,0,0,6,71,18,170,200,200,200,200,181,137,137,137,82,82,82,82,150,253,253,111,0,0,0,0,0,0,0,0,0,0,0,0,0,0,0,0,0,0,0,0,0,0,0,14,203,253,178,5,0,0,0,0,0,0,0,0,0,0,0,0,0,0,0,0,0,0,0,0,0,0,0,90,253,253,57,0,0,0,0,0,0,0,0,0,0,0,0,0,0,0,0,0,0,0,0,0,0,0,0,166,253,218,20,0,0,0,0,0,0,0,0,0,0,0,0,0,0,0,0,0,0,0,0,0,0,0,29,250,253,170,0,0,0,0,0,0,0,0,0,0,0,0,0,0,0,0,0,0,0,0,0,0,0,0,97,253,247,100,0,0,0,0,0,0,0,0,0,0,0,0,0,0,0,0,0,0,0,0,0,0,0,8,214,253,188,0,0,0,0,0,0,0,0,0,0,0,0,0,0,0,0,0,0,0,0,0,0,0,0,95,253,253,160,0,0,0,0,0,0,0,0,0,0,0,0,0,0,0,0,0,0,0,0,0,0,0,0,166,253,239,49,0,0,0,0,0,0,0,0,0,0,0,0,0,0,0,0,0,0,0,0,0,0,0,0,249,253,107,0,0,0,0,0,0,0,0,0,0,0,0,0,0,0,0,0,0,0,0,0,0,0,0,103,253,253,88,0,0,0,0,0,0,0,0,0,0,0,0,0,0,0,0,0,0,0,0,0,0,0,0,119,253,238,43,0,0,0,0,0,0,0,0,0,0,0,0,0,0,0,0,0,0,0,0,0,0,0,0,231,253,154,0,0,0,0,0,0,0,0,0,0,0,0,0,0,0,0,0,0,0,0,0,0,0,0,0,231,246,37,0,0,0,0,0,0,0,0,0,0,0,0,0,0,0,0,0,0,0,0,0,0,0,0,69,247,241,0,0,0,0,0,0,0,0,0,0,0,0,0,0,0,0,0,0,0,0,0,0,0,0,0,150,253,241,0,0,0,0,0,0,0,0,0,0,0,0,0,0,0,0,0,0,0,0,0,0,0,0,0,95,253,252,138,0,0,0,0,0,0,0,0,0,0,0,0,0,0,0,0,0,0,0,0,0,0,0,0,7,177,192,64,0,0,0,0,0,0,0,0,0,0,0
0,0,0,0,0,0,0,0,0,0,0,0,0,0,0,0,0,0,0,0,0,0,0,0,0,0,0,0,0,0,0,0,0,0,0,0,0,0,0,0,0,0,0,0,0,0,0,0,0,0,0,0,0,0,0,0,0,0,0,0,0,0,0,0,0,0,0,0,0,0,0,0,0,0,0,0,0,0,0,0,0,0,0,0,0,0,0,0,0,0,0,0,0,0,0,0,0,0,0,0,0,0,0,0,0,0,0,0,0,0,0,0,0,0,0,0,0,0,0,0,0,0,0,0,0,2,32,116,224,248,128,9,0,0,0,0,0,0,0,0,0,0,0,0,0,0,0,0,0,0,0,0,0,152,253,253,253,254,253,204,21,0,0,0,0,0,0,0,0,0,0,0,0,0,0,0,0,0,0,0,150,254,253,253,253,254,253,253,139,0,0,0,0,0,0,0,0,0,0,0,0,0,0,0,0,0,0,150,252,254,253,144,49,230,253,253,247,25,0,0,0,0,0,0,0,0,0,0,0,0,0,0,0,0,112,242,254,241,85,0,0,37,231,254,254,25,0,0,0,0,0,0,0,0,0,0,0,0,0,0,0,16,240,253,253,144,0,0,0,7,213,253,253,0,0,0,0,0,0,0,0,0,0,0,0,0,0,0,0,62,253,253,235,12,0,0,0,0,195,253,253,0,0,0,0,0,0,0,0,0,0,0,0,0,0,0,0,170,253,253,151,0,0,0,0,0,195,253,253,0,0,0,0,0,0,0,0,0,0,0,0,0,0,0,0,255,254,249,42,0,0,0,0,0,196,254,254,0,0,0,0,0,0,0,0,0,0,0,0,0,0,0,0,254,253,194,0,0,0,0,0,0,195,253,253,0,0,0,0,0,0,0,0,0,0,0,0,0,0,0,0,254,253,152,0,0,0,0,0,17,244,253,253,0,0,0,0,0,0,0,0,0,0,0,0,0,0,0,73,254,253,45,0,0,0,0,0,92,253,253,253,0,0,0,0,0,0,0,0,0,0,0,0,0,0,0,79,255,254,39,0,0,0,0,0,176,254,254,193,0,0,0,0,0,0,0,0,0,0,0,0,0,0,0,79,254,253,39,0,0,0,0,49,236,253,253,61,0,0,0,0,0,0,0,0,0,0,0,0,0,0,0,79,254,253,39,0,0,0,50,208,254,253,239,15,0,0,0,0,0,0,0,0,0,0,0,0,0,0,0,79,254,229,15,0,0,13,196,253,254,253,123,0,0,0,0,0,0,0,0,0,0,0,0,0,0,0,0,0,255,254,69,0,44,194,254,254,255,142,12,0,0,0,0,0,0,0,0,0,0,0,0,0,0,0,0,0,218,253,222,195,236,253,253,253,190,14,0,0,0,0,0,0,0,0,0,0,0,0,0,0,0,0,0,0,68,253,253,253,254,253,253,168,12,0,0,0,0,0,0,0,0,0,0,0,0,0,0,0,0,0,0,0,2,116,217,253,254,217,115,8,0,0,0,0,0,0,0,0,0,0,0,0,0,0,0,0,0,0,0,0,0,0,0,0,0,0,0,0,0,0,0,0,0,0,0,0,0,0,0,0,0,0,0,0,0,0,0,0,0,0,0,0,0,0,0,0,0,0,0,0,0,0,0,0,0,0,0,0,0,0,0,0,0,0,0,0,0,0,0,0,0,0,0,0,0,0,0,0,0,0,0,0,0,0,0,0,0,0,0,0,0,0,0,0,0,0,0,0,0,0,0,0,0,0,0,0,0,0,0,0,0,0,0,0
9,0,0,0,0,0,0,0,0,0,0,0,0,0,0,0,0,0,0,0,0,0,0,0,0,0,0,0,0,0,0,0,0,0,0,0,0,0,0,0,0,0,0,0,0,0,0,0,0,0,0,0,0,0,0,0,0,0,0,0,0,0,0,0,0,0,0,0,0,0,0,0,0,0,0,0,0,0,0,0,0,0,0,0,0,0,0,0,0,0,0,0,0,0,0,0,0,0,0,0,0,0,0,0,0,0,0,0,0,0,0,0,0,0,0,0,0,0,0,0,0,0,0,0,0,0,0,0,0,0,0,0,0,0,0,0,0,0,0,0,0,0,0,0,0,0,0,0,0,0,0,0,0,0,0,0,0,0,0,0,0,0,0,0,0,0,0,0,0,0,0,0,0,0,0,0,0,0,0,0,0,0,0,0,0,0,0,0,0,0,0,0,0,0,0,0,0,0,0,0,0,0,0,0,0,0,0,0,0,0,6,73,99,215,254,254,221,106,5,0,0,0,0,0,0,0,0,0,0,0,0,0,0,0,0,0,32,145,237,253,254,253,253,253,253,254,153,0,0,0,0,0,0,0,0,0,0,0,0,0,0,0,27,153,238,253,253,253,254,253,253,253,253,254,245,31,0,0,0,0,0,0,0,0,0,0,0,0,0,15,212,254,253,253,253,253,254,242,244,253,253,254,253,36,0,0,0,0,0,0,0,0,0,0,0,0,14,193,253,254,253,253,214,129,72,31,128,253,253,254,233,23,0,0,0,0,0,0,0,0,0,0,0,0,37,254,254,255,254,146,20,0,47,125,241,254,254,255,83,0,0,0,0,0,0,0,0,0,0,0,0,0,37,253,253,254,201,147,184,235,247,253,253,253,253,186,2,0,0,0,0,0,0,0,0,0,0,0,0,0,37,253,253,254,253,253,253,253,254,253,253,253,253,168,0,0,0,0,0,0,0,0,0,0,0,0,0,0,34,249,253,254,253,253,253,253,254,253,253,253,253,52,0,0,0,0,0,0,0,0,0,0,0,0,0,0,0,64,227,254,253,253,253,253,254,253,253,253,220,0,0,0,0,0,0,0,0,0,0,0,0,0,0,0,0,0,0,59,91,91,20,59,255,254,254,248,52,0,0,0,0,0,0,0,0,0,0,0,0,0,0,0,0,0,0,0,0,0,4,190,254,253,253,163,0,0,0,0,0,0,0,0,0,0,0,0,0,0,0,0,0,0,0,0,0,0,110,253,254,253,221,8,0,0,0,0,0,0,0,0,0,0,0,0,0,0,0,0,0,0,0,0,0,23,222,253,254,253,138,0,0,0,0,0,0,0,0,0,0,0,0,0,0,0,0,0,0,0,0,0,0,159,253,253,254,214,11,0,0,0,0,0,0,0,0,0,0,0,0,0,0,0,0,0,0,0,0,0,145,254,254,254,234,45,0,0,0,0,0,0,0,0,0,0,0,0,0,0,0,0,0,0,0,0,0,16,233,253,253,253,161,0,0,0,0,0,0,0,0,0,0,0,0,0,0,0,0,0,0,0,0,0,0,73,253,253,253,207,13,0,0,0,0,0,0,0,0,0,0,0,0,0,0,0,0,0,0,0,0,0,0,68,251,253,238,61,0,0,0,0,0,0,0,0,0,0,0,0,0,0,0,0,0,0,0,0,0,0,0,0,138,253,112,0,0,0,0,0,0,0,0,0,0,0,0,0,0,0,0,0,0,0,0,0,0,0,0,0,0,0,0,0,0,0,0,0,0,0,0,0,0,0,0,0,0
3,0,0,0,0,0,0,0,0,0,0,0,0,0,0,0,0,0,0,0,0,0,0,0,0,0,0,0,0,0,0,0,0,0,0,0,0,0,0,0,0,0,0,0,0,0,0,0,0,0,0,0,0,0,0,0,0,0,0,0,0,0,0,0,0,0,0,0,0,0,0,0,0,0,0,0,0,0,0,0,0,0,0,0,0,0,0,0,0,0,0,0,0,0,0,0,0,0,0,0,0,0,0,0,0,0,0,0,0,0,0,0,0,0,0,0,0,0,0,0,0,0,0,0,0,0,0,0,0,0,0,0,0,0,0,0,0,0,0,0,0,0,0,0,0,0,0,0,0,0,0,0,0,0,0,0,0,0,0,0,0,0,0,0,0,0,0,0,0,0,0,0,49,65,24,24,24,19,19,24,24,24,24,7,0,0,0,0,0,0,0,0,0,0,0,0,0,0,0,0,254,253,253,253,254,240,240,253,254,253,253,203,68,0,0,0,0,0,0,0,0,0,0,0,0,0,0,0,60,176,210,184,185,184,184,184,185,184,241,254,204,7,0,0,0,0,0,0,0,0,0,0,0,0,0,0,0,0,9,0,0,0,0,0,0,0,174,253,173,2,0,0,0,0,0,0,0,0,0,0,0,0,0,0,0,0,0,0,0,0,0,0,7,157,245,244,51,0,0,0,0,0,0,0,0,0,0,0,0,0,0,0,0,0,0,0,0,0,0,0,170,253,244,69,0,0,0,0,0,0,0,0,0,0,0,0,0,0,0,0,0,0,0,0,0,13,78,195,254,254,71,0,0,0,0,0,0,0,0,0,0,0,0,0,0,0,0,0,0,0,0,0,0,47,253,253,254,253,243,197,139,89,42,0,0,0,0,0,0,0,0,0,0,0,0,0,0,0,0,0,0,9,88,137,138,188,230,246,254,253,249,207,91,11,0,0,0,0,0,0,0,0,0,0,0,0,0,0,0,0,0,0,0,0,0,50,69,119,202,253,254,215,67,0,0,0,0,0,0,0,0,0,0,0,0,0,0,0,0,0,0,0,0,0,0,0,0,34,170,254,245,69,0,0,0,0,0,0,0,0,0,0,0,0,0,9,42,0,0,0,0,0,0,0,0,0,7,165,253,211,0,0,0,0,0,0,0,0,0,0,0,0,0,123,249,207,149,65,21,0,0,0,0,0,0,55,253,253,0,0,0,0,0,0,0,0,0,0,0,0,0,55,169,253,254,253,246,184,185,101,168,184,185,222,253,219,0,0,0,0,0,0,0,0,0,0,0,0,0,0,0,0,60,142,241,254,254,254,254,254,255,254,180,0,0,0,0,0,0,0,0,0,0,0,0,0,0,0,0,0,0,0,19,23,115,115,81,115,23,23,4,0,0,0,0,0,0,0,0,0,0,0,0,0,0,0,0,0,0,0,0,0,0,0,0,0,0,0,0,0,0,0,0,0,0,0,0,0,0,0,0,0,0,0,0,0,0,0,0,0,0,0,0,0,0,0,0,0,0,0,0,0,0,0,0,0,0,0,0,0,0,0,0,0,0,0,0,0,0,0,0,0,0,0,0,0,0,0,0,0,0,0,0,0,0,0,0,0,0,0,0,0,0,0,0,0,0,0,0,0,0,0,0,0,0,0,0,0,0,0,0,0,0,0,0,0,0,0,0,0,0,0,0,0,0,0,0,0,0,0,0,0,0,0,0,0,0,0,0,0,0,0,0,0,0,0,0,0,0,0,0,0,0,0,0,0,0,0,0,0,0,0,0,0,0
3,0,0,0,0,0,0,0,0,0,0,0,0,0,0,0,0,0,0,0,0,0,0,0,0,0,0,0,0,0,0,0,0,0,0,0,0,0,0,0,0,0,0,0,0,0,0,0,0,0,0,0,0,0,0,0,0,0,0,0,0,0,0,0,0,0,0,0,0,0,0,0,0,0,0,0,0,0,0,0,0,0,0,0,0,0,0,0,0,0,0,0,0,0,0,0,0,0,0,0,0,0,0,0,0,0,0,0,0,0,0,0,0,0,0,0,0,0,0,0,0,0,0,0,0,0,0,0,0,0,0,0,0,0,0,0,0,0,0,0,0,0,0,0,0,0,0,0,0,0,0,0,0,0,0,0,0,0,0,0,0,0,0,0,0,0,0,0,0,0,0,0,0,0,0,0,0,0,0,4,43,131,149,148,148,219,254,193,55,0,0,0,0,0,0,0,0,0,0,0,0,0,0,0,0,86,121,196,253,253,254,253,253,253,253,254,168,0,0,0,0,0,0,0,0,0,0,0,0,0,2,120,233,254,253,253,253,245,171,127,118,92,233,254,160,0,0,0,0,0,0,0,0,0,0,0,0,0,16,232,253,254,232,181,84,49,0,0,0,70,240,254,63,0,0,0,0,0,0,0,0,0,0,0,0,0,0,99,147,87,28,0,0,0,0,0,18,240,253,174,11,0,0,0,0,0,0,0,0,0,0,0,0,0,0,0,0,0,0,0,0,0,0,15,193,254,237,45,0,0,0,0,0,0,0,0,0,0,0,0,0,0,0,0,0,0,0,0,0,0,50,186,253,232,54,0,0,0,0,0,0,0,0,0,0,0,0,0,0,0,0,0,0,0,0,0,0,63,202,253,225,16,0,0,0,0,0,0,0,0,0,0,0,0,0,0,0,0,0,0,0,0,0,6,134,240,254,253,82,0,0,0,0,0,0,0,0,0,0,0,0,0,0,0,0,0,0,0,0,0,0,22,253,253,254,253,233,212,124,0,0,0,0,0,0,0,0,0,0,0,0,0,0,0,0,0,0,0,0,9,177,212,213,212,216,254,254,176,11,0,0,0,0,0,0,0,0,0,0,0,0,0,0,0,0,0,0,0,0,0,0,0,6,155,253,254,99,0,0,0,0,0,0,0,0,0,0,0,0,0,0,0,0,0,0,0,0,0,0,0,0,6,206,255,168,0,0,0,0,0,0,0,0,0,0,0,0,0,0,0,0,0,0,0,0,0,0,0,0,0,107,254,168,0,0,0,0,0,0,0,0,0,0,0,0,0,0,0,0,0,0,0,0,0,0,0,0,0,195,254,168,0,0,0,0,0,0,0,0,0,0,0,0,0,0,0,0,0,0,31,50,0,0,0,4,140,254,248,97,0,0,0,0,0,0,0,0,0,0,0,0,0,0,0,0,0,29,205,49,0,0,29,143,253,253,132,0,0,0,0,0,0,0,0,0,0,0,0,0,0,0,0,0,0,85,253,169,128,190,240,253,239,100,9,0,0,0,0,0,0,0,0,0,0,0,0,0,0,0,0,0,0,85,253,253,253,254,253,186,28,0,0,0,0,0,0,0,0,0,0,0,0,0,0,0,0,0,0,0,0,14,104,253,253,192,68,4,0,0,0,0,0,0,0,0,0,0,0,0,0,0,0,0,0,0,0,0,0,0,0,0,0,0,0,0,0,0,0,0,0,0,0,0,0,0,0,0,0,0,0,0,0,0,0,0,0,0,0,0,0,0,0,0,0,0,0,0,0,0,0,0,0,0,0,0
1,0,0,0,0,0,0,0,0,0,0,0,0,0,0,0,0,0,0,0,0,0,0,0,0,0,0,0,0,0,0,0,0,0,0,0,0,0,0,0,0,0,0,0,0,0,0,0,0,0,0,0,0,0,0,0,0,0,0,0,0,0,0,0,0,0,0,0,0,0,0,0,0,0,0,0,0,0,0,0,0,0,0,0,0,0,0,0,0,0,0,0,0,0,0,0,0,0,0,0,0,0,0,0,0,0,0,0,0,0,0,0,0,0,0,0,0,0,0,0,0,0,0,0,0,0,0,130,71,0,0,0,0,0,0,0,0,0,0,0,0,0,0,0,0,0,0,0,0,0,0,0,0,0,64,242,79,0,0,0,0,0,0,0,0,0,0,0,0,0,0,0,0,0,0,0,0,0,0,0,0,0,112,211,5,0,0,0,0,0,0,0,0,0,0,0,0,0,0,0,0,0,0,0,0,0,0,0,0,0,161,236,29,0,0,0,0,0,0,0,0,0,0,0,0,0,0,0,0,0,0,0,0,0,0,0,0,0,162,207,0,0,0,0,0,0,0,0,0,0,0,0,0,0,0,0,0,0,0,0,0,0,0,0,0,0,245,206,0,0,0,0,0,0,0,0,0,0,0,0,0,0,0,0,0,0,0,0,0,0,0,0,0,0,254,198,0,0,0,0,0,0,0,0,0,0,0,0,0,0,0,0,0,0,0,0,0,0,0,0,0,0,254,182,0,0,0,0,0,0,0,0,0,0,0,0,0,0,0,0,0,0,0,0,0,0,0,0,0,0,255,207,0,0,0,0,0,0,0,0,0,0,0,0,0,0,0,0,0,0,0,0,0,0,0,0,0,0,254,206,0,0,0,0,0,0,0,0,0,0,0,0,0,0,0,0,0,0,0,0,0,0,0,0,0,0,254,206,0,0,0,0,0,0,0,0,0,0,0,0,0,0,0,0,0,0,0,0,0,0,0,0,0,0,186,206,0,0,0,0,0,0,0,0,0,0,0,0,0,0,0,0,0,0,0,0,0,0,0,0,0,0,162,254,46,0,0,0,0,0,0,0,0,0,0,0,0,0,0,0,0,0,0,0,0,0,0,0,0,0,112,253,46,0,0,0,0,0,0,0,0,0,0,0,0,0,0,0,0,0,0,0,0,0,0,0,0,0,70,253,46,0,0,0,0,0,0,0,0,0,0,0,0,0,0,0,0,0,0,0,0,0,0,0,0,0,45,245,79,0,0,0,0,0,0,0,0,0,0,0,0,0,0,0,0,0,0,0,0,0,0,0,0,0,0,231,138,0,0,0,0,0,0,0,0,0,0,0,0,0,0,0,0,0,0,0,0,0,0,0,0,0,0,230,188,0,0,0,0,0,0,0,0,0,0,0,0,0,0,0,0,0,0,0,0,0,0,0,0,0,0,180,240,74,0,0,0,0,0,0,0,0,0,0,0,0,0,0,0,0,0,0,0,0,0,0,0,0,0,30,236,128,0,0,0,0,0,0,0,0,0,0,0,0,0,0,0,0,0,0,0,0,0,0,0,0,0,0,0,0,0,0,0,0,0,0,0,0,0,0,0,0,0,0,0,0,0,0,0,0,0,0,0,0,0,0,0,0,0,0,0,0,0,0,0,0,0,0,0,0,0,0,0,0,0,0,0,0,0,0,0,0,0,0,0,0,0,0,0,0,0,0,0,0,0,0,0,0,0,0,0,0,0,0,0,0,0,0,0,0,0,0,0,0,0,0,0,0,0,0,0,0,0,0,0
1,0,0,0,0,0,0,0,0,0,0,0,0,0,0,0,0,0,0,0,0,0,0,0,0,0,0,0,0,0,0,0,0,0,0,0,0,0,0,0,0,0,0,0,0,0,0,0,0,0,0,0,0,0,0,0,0,0,0,0,0,0,0,0,0,0,0,0,0,0,0,0,0,0,0,0,0,0,0,0,0,0,0,0,0,0,0,0,0,0,0,0,0,0,0,0,0,0,0,0,0,0,0,0,0,0,0,0,0,0,0,0,0,0,0,0,0,0,0,0,0,0,0,56,248,225,0,0,0,0,0,0,0,0,0,0,0,0,0,0,0,0,0,0,0,0,0,0,0,0,0,139,254,223,0,0,0,0,0,0,0,0,0,0,0,0,0,0,0,0,0,0,0,0,0,0,0,0,0,139,254,133,0,0,0,0,0,0,0,0,0,0,0,0,0,0,0,0,0,0,0,0,0,0,0,0,0,4,241,250,168,8,0,0,0,0,0,0,0,0,0,0,0,0,0,0,0,0,0,0,0,0,0,0,0,0,241,254,254,140,0,0,0,0,0,0,0,0,0,0,0,0,0,0,0,0,0,0,0,0,0,0,0,0,241,254,254,177,0,0,0,0,0,0,0,0,0,0,0,0,0,0,0,0,0,0,0,0,0,0,0,0,95,254,254,250,73,0,0,0,0,0,0,0,0,0,0,0,0,0,0,0,0,0,0,0,0,0,0,0,76,246,254,254,189,0,0,0,0,0,0,0,0,0,0,0,0,0,0,0,0,0,0,0,0,0,0,0,0,186,254,254,231,0,0,0,0,0,0,0,0,0,0,0,0,0,0,0,0,0,0,0,0,0,0,0,0,45,254,254,238,40,0,0,0,0,0,0,0,0,0,0,0,0,0,0,0,0,0,0,0,0,0,0,0,32,254,254,254,130,0,0,0,0,0,0,0,0,0,0,0,0,0,0,0,0,0,0,0,0,0,0,0,32,254,254,254,130,0,0,0,0,0,0,0,0,0,0,0,0,0,0,0,0,0,0,0,0,0,0,0,32,254,254,254,130,0,0,0,0,0,0,0,0,0,0,0,0,0,0,0,0,0,0,0,0,0,0,0,30,247,254,254,214,20,0,0,0,0,0,0,0,0,0,0,0,0,0,0,0,0,0,0,0,0,0,0,0,132,254,254,254,101,0,0,0,0,0,0,0,0,0,0,0,0,0,0,0,0,0,0,0,0,0,0,0,100,249,254,254,202,21,0,0,0,0,0,0,0,0,0,0,0,0,0,0,0,0,0,0,0,0,0,0,0,233,254,254,254,84,0,0,0,0,0,0,0,0,0,0,0,0,0,0,0,0,0,0,0,0,0,0,0,166,254,254,254,150,0,0,0,0,0,0,0,0,0,0,0,0,0,0,0,0,0,0,0,0,0,0,0,78,254,254,254,239,0,0,0,0,0,0,0,0,0,0,0,0,0,0,0,0,0,0,0,0,0,0,0,78,254,254,254,239,0,0,0,0,0,0,0,0,0,0,0,0,0,0,0,0,0,0,0,0,0,0,0,0,0,0,0,0,0,0,0,0,0,0,0,0,0,0,0,0,0,0,0,0,0,0,0,0,0,0,0,0,0,0,0,0,0,0,0,0,0,0,0,0,0,0,0,0,0,0,0,0,0,0,0,0,0,0,0,0,0,0,0,0,0,0,0,0,0,0,0,0,0,0,0,0,0,0,0,0,0,0,0,0,0,0,0,0,0,0,0,0,0,0,0,0,0,0,0,0,0
3,0,0,0,0,0,0,0,0,0,0,0,0,0,0,0,0,0,0,0,0,0,0,0,0,0,0,0,0,0,0,0,0,0,0,0,0,0,0,0,0,0,0,0,0,0,0,0,0,0,0,0,0,0,0,0,0,0,0,0,0,0,0,0,0,0,0,0,0,0,0,0,0,0,0,0,0,0,0,0,0,0,0,0,0,0,0,0,0,0,0,0,0,0,0,0,0,0,0,0,0,0,0,0,0,0,0,0,0,0,0,0,0,0,0,0,0,0,0,0,0,0,0,0,0,0,0,0,0,0,0,0,0,0,0,0,0,0,0,0,0,0,0,0,0,0,0,0,0,43,218,201,227,148,131,87,39,0,0,0,0,0,0,0,0,0,0,0,0,0,0,0,0,0,0,0,0,29,168,246,252,252,253,252,247,163,85,0,0,0,0,0,0,0,0,0,0,0,0,0,0,0,0,0,0,0,0,19,91,82,21,100,189,252,252,150,0,0,0,0,0,0,0,0,0,0,0,0,0,0,0,0,0,0,0,0,0,0,0,0,127,252,252,222,16,0,0,0,0,0,0,0,0,0,0,0,0,0,0,0,0,0,0,0,0,45,107,185,232,252,252,174,11,0,0,0,0,0,0,0,0,0,0,0,0,0,0,0,0,0,0,0,100,192,255,253,223,106,62,0,0,0,0,0,0,0,0,0,0,0,0,0,0,0,0,0,0,0,0,0,113,203,253,252,161,0,0,0,0,0,0,0,0,0,0,0,0,0,0,0,0,0,0,0,0,0,0,0,0,9,21,179,240,101,4,0,0,0,0,0,0,0,0,0,0,0,0,0,0,0,0,0,0,0,0,0,0,0,0,0,161,252,113,0,0,0,0,0,0,0,0,0,0,0,0,0,0,0,0,0,0,0,0,0,0,0,0,0,83,252,191,0,0,0,0,0,0,0,0,0,0,0,0,0,0,0,0,0,0,0,0,0,0,0,0,0,0,152,253,18,0,0,0,0,0,0,0,0,0,0,0,0,0,0,0,0,0,0,0,0,0,0,0,0,0,64,252,141,0,0,0,0,0,0,0,0,0,0,0,0,0,0,0,0,0,0,0,0,0,0,0,0,0,64,252,211,0,0,0,0,0,0,0,0,0,0,0,0,0,0,0,0,0,0,0,0,0,0,0,0,0,37,235,239,42,0,0,0,0,0,0,0,0,0,0,0,0,0,0,27,18,0,0,0,0,0,0,0,0,108,252,218,11,0,0,0,0,0,0,0,0,0,0,0,0,0,0,64,60,0,0,0,0,0,0,0,39,253,253,150,0,0,0,0,0,0,0,0,0,0,0,0,0,0,0,16,195,36,0,0,0,0,0,64,221,252,252,106,0,0,0,0,0,0,0,0,0,0,0,0,0,0,0,0,106,233,153,127,127,127,233,239,252,252,235,53,0,0,0,0,0,0,0,0,0,0,0,0,0,0,0,0,0,67,189,221,252,252,253,252,252,183,14,0,0,0,0,0,0,0,0,0,0,0,0,0,0,0,0,0,0,0,0,30,173,252,147,147,50,14,0,0,0,0,0,0,0,0,0,0,0,0,0,0,0,0,0,0,0,0,0,0,0,0,0,0,0,0,0,0,0,0,0,0,0,0,0,0,0,0,0,0,0,0,0,0,0,0,0,0,0,0,0,0,0,0,0,0,0,0,0,0,0,0,0,0,0,0,0,0,0,0,0,0,0,0,0,0,0,0,0,0,0,0,0,0,0,0,0,0,0,0,0,0,0
2,0,0,0,0,0,0,0,0,0,0,0,0,0,0,0,0,0,0,0,0,0,0,0,0,0,0,0,0,0,0,0,0,0,0,0,0,0,0,0,0,0,0,0,0,0,0,0,0,0,0,0,0,0,0,0,0,0,0,0,0,0,0,0,0,0,0,0,0,0,0,0,0,0,0,0,0,0,0,0,0,0,0,0,0,0,0,0,0,0,0,0,0,0,0,0,0,0,0,0,214,254,255,185,56,0,0,0,0,0,0,0,0,0,0,0,0,0,0,0,0,0,0,0,0,0,0,0,213,253,253,253,235,60,0,0,0,0,0,0,0,0,0,0,0,0,0,0,0,0,0,0,0,0,0,0,69,189,252,253,253,232,36,0,0,0,0,0,0,0,0,0,0,0,0,0,0,0,0,0,0,0,0,0,0,0,63,174,253,253,53,0,0,0,0,0,0,0,0,0,0,0,0,0,0,0,0,0,0,0,0,0,0,0,0,148,253,253,53,0,0,0,0,0,0,0,0,0,0,0,0,0,0,0,0,0,0,0,0,0,0,0,0,148,253,253,53,0,0,0,0,0,0,0,0,0,0,0,0,0,0,0,0,0,0,0,0,0,0,0,0,148,253,253,53,0,0,0,0,0,0,0,0,0,0,0,0,0,0,0,0,0,0,0,0,0,0,0,0,148,253,253,53,0,0,0,0,0,0,0,0,0,0,0,0,0,0,0,0,0,0,0,0,0,0,0,8,214,253,253,53,0,0,0,0,0,0,0,0,0,0,0,0,0,0,0,0,2,60,134,177,123,177,177,181,253,253,208,16,0,0,0,0,0,0,0,0,0,0,0,0,0,0,0,69,192,253,253,253,253,253,253,253,253,253,208,16,0,0,0,0,0,0,0,0,0,0,0,0,0,71,191,249,253,253,253,253,253,253,253,253,253,253,253,221,29,0,0,0,0,0,0,0,0,0,0,0,102,248,253,253,253,179,98,86,120,253,253,253,240,162,253,253,35,0,0,0,0,0,0,0,0,0,0,35,252,253,253,253,71,3,0,3,140,253,253,242,54,1,5,99,17,0,0,0,0,0,0,0,0,0,0,36,253,253,253,177,5,0,5,137,253,253,253,55,0,0,0,0,0,0,0,0,0,0,0,0,0,0,0,36,253,253,237,24,0,27,136,253,253,253,157,2,0,0,0,0,0,0,0,0,0,0,0,0,0,0,0,36,253,253,187,8,66,223,253,253,253,154,7,0,0,0,0,0,0,0,0,0,0,0,0,0,0,0,0,24,227,253,253,207,251,253,253,253,153,9,0,0,0,0,0,0,0,0,0,0,0,0,0,0,0,0,0,0,70,253,253,253,253,253,237,70,8,0,0,0,0,0,0,0,0,0,0,0,0,0,0,0,0,0,0,0,4,106,232,253,195,125,14,0,0,0,0,0,0,0,0,0,0,0,0,0,0,0,0,0,0,0,0,0,0,0,0,0,0,0,0,0,0,0,0,0,0,0,0,0,0,0,0,0,0,0,0,0,0,0,0,0,0,0,0,0,0,0,0,0,0,0,0,0,0,0,0,0,0,0,0,0,0,0,0,0,0,0,0,0,0,0,0,0,0,0,0,0,0,0,0,0,0,0,0,0,0,0,0,0,0,0,0,0,0,0,0,0,0,0,0,0,0,0,0,0,0,0,0,0,0,0,0,0,0,0,0,0,0,0,0,0,0,0,0,0,0,0,0,0,0,0,0,0,0,0,0,0,0,0,0,0,0,0,0,0,0,0
2,0,0,0,0,0,0,0,0,0,0,0,0,0,0,0,0,0,0,0,0,0,0,0,0,0,0,0,0,0,0,0,0,0,0,0,0,0,0,0,0,0,0,0,0,0,0,0,0,0,0,0,0,0,0,0,0,0,0,0,0,0,0,0,0,0,0,0,0,0,0,0,0,0,0,0,0,0,0,0,0,0,0,0,0,0,0,0,0,0,0,0,0,0,0,0,0,0,0,0,0,0,0,0,0,0,0,0,0,0,0,0,0,0,0,0,0,0,0,0,0,0,0,0,0,0,0,0,0,0,0,0,0,0,0,0,0,0,0,0,0,0,0,0,0,0,0,0,0,64,137,190,190,129,21,0,0,0,0,0,0,0,0,0,0,0,0,0,0,0,0,0,0,0,0,0,101,247,252,252,252,253,237,170,7,0,0,0,0,0,0,0,0,0,0,0,0,0,0,0,0,0,0,0,253,252,252,252,252,253,252,252,170,11,0,0,0,0,0,0,0,0,0,0,0,0,0,0,0,0,0,0,253,252,252,252,164,147,226,252,252,129,0,0,0,0,0,0,0,0,0,0,0,0,0,0,0,0,0,0,254,239,202,80,0,0,0,154,253,253,18,0,0,0,0,0,0,0,0,0,0,0,0,0,0,0,0,0,107,42,0,0,0,0,0,6,189,252,185,0,0,0,0,0,0,0,0,0,0,0,0,0,0,0,0,0,0,0,0,0,0,0,0,0,72,252,215,6,0,0,0,0,0,0,0,0,0,0,0,0,0,0,0,0,0,0,0,0,0,0,0,0,64,252,253,63,0,0,0,0,0,0,0,0,0,0,0,0,0,0,0,0,0,0,0,0,0,0,0,0,64,252,253,63,0,0,0,0,0,0,0,0,0,0,0,0,0,0,0,0,0,0,0,0,0,0,0,4,139,253,255,77,4,0,0,0,0,0,0,0,0,0,0,0,0,0,0,0,0,0,0,0,0,0,0,136,252,252,236,200,151,190,190,191,190,137,64,0,0,0,0,0,0,0,0,0,0,0,11,48,127,128,206,251,252,252,253,252,252,252,252,253,252,252,247,188,0,0,0,0,0,0,0,0,11,99,211,252,252,253,252,252,252,252,253,252,252,252,252,227,252,247,205,226,0,0,0,0,0,0,0,0,130,252,252,252,252,253,252,252,252,252,129,77,94,42,42,25,42,38,11,24,0,0,0,0,0,0,0,0,210,253,253,253,253,254,253,253,199,18,0,0,0,0,0,0,0,0,0,0,0,0,0,0,0,0,0,0,174,252,252,252,252,253,252,201,21,0,0,0,0,0,0,0,0,0,0,0,0,0,0,0,0,0,0,0,139,252,252,252,252,232,152,19,0,0,0,0,0,0,0,0,0,0,0,0,0,0,0,0,0,0,0,0,14,163,189,162,84,0,0,0,0,0,0,0,0,0,0,0,0,0,0,0,0,0,0,0,0,0,0,0,0,0,0,0,0,0,0,0,0,0,0,0,0,0,0,0,0,0,0,0,0,0,0,0,0,0,0,0,0,0,0,0,0,0,0,0,0,0,0,0,0,0,0,0,0,0,0,0,0,0,0,0,0,0,0,0,0,0,0,0,0,0,0,0,0,0,0,0,0,0,0,0,0,0,0,0,0,0,0,0,0,0,0,0,0,0,0,0,0,0,0,0,0,0,0,0,0,0,0,0,0,0,0,0,0,0,0,0,0,0,0,0,0,0,0,0,0,0,0,0,0,0,0,0,0,0,0,0,0,0,0,0,0
6,0,0,0,0,0,0,0,0,0,0,0,0,0,0,0,0,0,0,0,0,0,0,0,0,0,0,0,0,0,0,0,0,0,0,0,0,0,0,0,0,0,0,0,0,0,0,0,0,0,0,0,0,0,0,0,0,0,0,0,0,0,0,0,0,0,0,0,0,0,0,0,0,2,117,253,118,0,0,0,0,0,0,0,0,0,0,0,0,0,0,0,0,0,0,0,0,0,0,0,3,115,252,246,54,0,0,0,0,0,0,0,0,0,0,0,0,0,0,0,0,0,0,0,0,0,0,2,115,252,245,164,0,0,0,0,0,0,0,0,0,0,0,0,0,0,0,0,0,0,0,0,0,0,24,117,252,245,108,0,0,0,0,0,0,0,0,0,0,0,0,0,0,0,0,0,0,0,0,0,0,0,149,253,252,187,0,0,0,0,0,0,0,0,0,0,0,0,0,0,0,0,0,0,0,0,0,0,0,118,250,253,199,23,0,0,0,0,0,0,0,0,0,0,0,0,0,0,0,0,0,0,0,0,0,0,33,237,252,203,21,0,0,0,0,0,0,0,0,0,0,0,0,0,0,0,0,0,0,0,0,0,0,120,230,252,194,17,0,0,0,0,0,0,0,0,0,0,0,0,0,0,0,0,0,0,0,0,0,0,66,248,252,252,252,230,171,229,128,0,0,0,0,0,0,0,0,0,0,0,0,0,0,0,0,0,0,29,216,252,252,252,252,253,252,252,250,212,121,81,0,0,0,0,0,0,0,0,0,0,0,0,0,0,3,185,253,253,253,242,253,255,253,253,253,253,253,253,149,13,0,0,0,0,0,0,0,0,0,0,0,0,60,252,252,192,108,10,103,114,170,228,239,234,194,252,252,23,0,0,0,0,0,0,0,0,0,0,0,6,181,252,132,18,0,0,0,0,0,0,46,52,244,252,252,23,0,0,0,0,0,0,0,0,0,0,0,60,252,252,60,0,0,0,0,0,0,0,0,0,170,252,252,23,0,0,0,0,0,0,0,0,0,0,35,179,252,252,89,0,0,0,0,0,0,0,0,0,38,230,252,23,0,0,0,0,0,0,0,0,0,0,145,252,252,252,235,152,73,73,38,35,0,0,14,73,182,252,178,6,0,0,0,0,0,0,0,0,0,0,145,252,252,252,252,252,252,252,230,228,205,205,214,252,252,224,46,0,0,0,0,0,0,0,0,0,0,0,90,155,220,252,252,252,252,252,252,253,252,252,252,252,224,46,0,0,0,0,0,0,0,0,0,0,0,0,0,0,16,52,143,180,252,200,252,253,242,211,252,197,17,0,0,0,0,0,0,0,0,0,0,0,0,0,0,0,0,0,0,4,115,69,247,190,120,82,109,9,0,0,0,0,0,0,0,0,0,0,0,0,0,0,0,0,0,0,0,0,0,0,0,0,0,0,0,0,0,0,0,0,0,0,0,0,0,0,0,0,0,0,0,0,0,0,0,0,0,0,0,0,0,0,0,0,0,0,0,0,0,0,0,0,0,0,0,0,0,0,0,0,0,0,0,0,0,0,0,0,0,0,0,0,0,0,0,0,0,0,0,0,0,0,0,0,0,0,0,0,0,0,0,0,0,0,0,0,0,0,0,0,0,0,0,0,0,0,0,0,0,0,0,0,0,0,0,0,0,0,0,0,0,0,0,0,0,0,0,0,0,0,0,0,0,0,0,0,0,0,0,0,0,0,0,0,0,0,0,0,0,0,0,0,0,0,0,0,0,0,0,0,0,0,0,0,0
0,0,0,0,0,0,0,0,0,0,0,0,0,0,0,0,0,0,0,0,0,0,0,0,0,0,0,0,0,0,0,0,0,0,0,0,0,0,0,0,0,0,0,0,0,0,0,0,0,0,0,0,0,0,0,0,0,0,0,0,0,0,0,0,0,0,0,0,0,0,0,0,0,0,0,0,0,0,0,0,0,0,0,0,0,0,0,0,0,0,0,0,0,0,0,0,0,0,0,0,0,0,0,0,0,0,0,0,0,0,0,0,0,0,0,0,0,0,0,0,0,0,0,0,0,0,0,0,87,212,253,117,13,0,0,0,0,0,0,0,0,0,0,0,0,0,0,0,0,0,0,0,0,0,38,151,253,252,252,252,137,22,0,0,0,0,0,0,0,0,0,0,0,0,0,0,0,0,0,0,0,51,240,252,253,240,183,89,152,199,0,0,0,0,0,0,0,0,0,0,0,0,0,0,0,0,0,0,60,188,252,252,150,37,0,0,135,230,0,0,0,0,0,0,0,0,0,0,0,0,0,0,0,0,0,22,244,252,252,42,0,0,0,0,116,251,84,0,0,0,0,0,0,0,0,0,0,0,0,0,0,0,0,255,253,247,94,0,0,0,0,0,116,255,207,0,0,0,0,0,0,0,0,0,0,0,0,0,0,0,74,253,252,162,0,0,0,0,0,0,116,253,236,44,0,0,0,0,0,0,0,0,0,0,0,0,0,26,205,253,187,19,0,0,0,0,0,0,116,253,252,69,0,0,0,0,0,0,0,0,0,0,0,0,0,93,252,245,58,0,0,0,0,0,0,0,116,253,252,69,0,0,0,0,0,0,0,0,0,0,0,0,0,144,252,178,0,0,0,0,0,0,0,0,116,253,231,37,0,0,0,0,0,0,0,0,0,0,0,0,0,208,253,106,0,0,0,0,0,0,0,0,231,255,207,0,0,0,0,0,0,0,0,0,0,0,0,0,0,207,252,0,0,0,0,0,0,0,0,81,244,253,206,0,0,0,0,0,0,0,0,0,0,0,0,0,51,240,252,0,0,0,0,0,0,0,0,207,252,253,123,0,0,0,0,0,0,0,0,0,0,0,0,0,70,252,252,0,0,0,0,0,0,0,100,244,252,234,17,0,0,0,0,0,0,0,0,0,0,0,0,0,70,252,252,53,0,0,0,0,0,43,246,252,252,126,0,0,0,0,0,0,0,0,0,0,0,0,0,0,64,249,253,127,0,0,0,0,87,212,253,253,128,0,0,0,0,0,0,0,0,0,0,0,0,0,0,0,0,186,252,245,59,0,38,151,253,252,252,172,8,0,0,0,0,0,0,0,0,0,0,0,0,0,0,0,0,93,252,253,209,184,240,252,253,240,151,13,0,0,0,0,0,0,0,0,0,0,0,0,0,0,0,0,0,59,202,253,252,252,252,252,245,79,0,0,0,0,0,0,0,0,0,0,0,0,0,0,0,0,0,0,0,0,11,86,211,252,252,147,21,0,0,0,0,0,0,0,0,0,0,0,0,0,0,0,0,0,0,0,0,0,0,0,0,0,0,0,0,0,0,0,0,0,0,0,0,0,0,0,0,0,0,0,0,0,0,0,0,0,0,0,0,0,0,0,0,0,0,0,0,0,0,0,0,0,0,0,0,0,0,0,0,0,0,0,0,0,0,0,0,0,0,0,0,0,0,0,0,0,0,0,0,0,0,0,0,0,0,0,0,0,0,0,0,0,0,0,0,0,0,0,0,0,0,0,0,0,0,0,0,0,0,0,0
7,0,0,0,0,0,0,0,0,0,0,0,0,0,0,0,0,0,0,0,0,0,0,0,0,0,0,0,0,0,0,0,0,0,0,0,0,0,0,0,0,0,0,0,0,0,0,0,0,0,0,0,0,0,0,0,0,0,0,0,0,0,0,0,0,0,0,0,0,0,0,0,0,0,0,0,0,0,0,0,0,0,0,0,0,0,0,0,0,0,0,0,0,0,0,0,0,0,0,0,0,0,0,0,0,0,0,0,0,0,0,0,0,0,0,0,0,0,0,0,0,0,0,0,0,0,0,0,0,0,0,0,0,0,0,0,0,0,0,0,0,0,0,0,0,0,0,0,0,0,0,0,0,0,0,0,0,0,0,0,0,0,0,0,0,0,0,0,0,0,0,0,19,189,254,255,254,109,101,49,0,0,0,0,0,0,0,0,0,0,0,0,0,0,0,0,0,0,0,0,10,142,252,253,253,253,253,226,60,43,23,34,0,0,0,0,0,0,0,0,0,0,0,0,0,0,0,0,0,0,157,253,253,253,253,253,253,243,198,224,146,80,126,142,0,0,0,0,0,0,0,0,0,0,0,0,0,0,3,124,160,248,253,253,253,253,253,253,253,250,252,253,181,17,0,0,0,0,0,0,0,0,0,0,0,0,0,0,0,57,80,214,214,218,253,253,253,253,253,253,253,45,0,0,0,0,0,0,0,0,0,0,0,0,0,0,0,0,0,0,0,11,115,152,253,253,253,253,253,45,0,0,0,0,0,0,0,0,0,0,0,0,0,0,0,0,0,0,0,0,0,70,253,253,253,253,253,45,0,0,0,0,0,0,0,0,0,0,0,0,0,0,0,0,0,0,0,0,0,70,253,253,253,253,253,45,0,0,0,0,0,0,0,0,0,0,0,0,0,0,0,0,0,0,0,0,0,70,253,253,253,253,197,22,0,0,0,0,0,0,0,0,0,0,0,0,0,0,0,0,0,0,0,0,0,210,253,253,253,253,145,0,0,0,0,0,0,0,0,0,0,0,0,0,0,0,0,0,0,0,0,0,87,244,253,253,253,248,44,0,0,0,0,0,0,0,0,0,0,0,0,0,0,0,0,0,0,0,0,0,124,253,253,253,253,245,0,0,0,0,0,0,0,0,0,0,0,0,0,0,0,0,0,0,0,0,0,0,124,253,253,253,253,245,0,0,0,0,0,0,0,0,0,0,0,0,0,0,0,0,0,0,0,0,0,0,124,253,253,253,253,245,0,0,0,0,0,0,0,0,0,0,0,0,0,0,0,0,0,0,0,0,0,0,124,253,253,253,253,245,0,0,0,0,0,0,0,0,0,0,0,0,0,0,0,0,0,0,0,0,0,0,124,253,253,253,253,252,125,0,0,0,0,0,0,0,0,0,0,0,0,0,0,0,0,0,0,0,0,0,45,229,253,253,253,253,145,0,0,0,0,0,0,0,0,0,0,0,0,0,0,0,0,0,0,0,0,0,0,70,253,253,253,253,191,20,0,0,0,0,0,0,0,0,0,0,0,0,0,0,0,0,0,0,0,0,0,55,235,253,253,253,253,45,0,0,0,0,0,0,0,0,0,0,0,0,0,0,0,0,0,0,0,0,0,0,67,169,253,253,187,18,0,0,0,0,0,0,0,0,0,0,0,0,0,0,0,0,0,0,0,0,0,0,0,0,0,0,0,0,0,0,0,0,0,0,0,0,0,0,0,0,0,0,0,0,0,0,0,0,0,0,0,0,0,0,0,0,0,0,0,0,0,0,0
1,0,0,0,0,0,0,0,0,0,0,0,0,0,0,0,0,0,0,0,0,0,0,0,0,0,0,0,0,0,0,0,0,0,0,0,0,0,0,0,0,0,0,0,0,0,0,0,0,0,0,0,0,0,0,0,0,0,0,0,0,0,0,0,0,0,0,0,0,0,0,0,0,0,0,0,0,0,0,0,0,0,0,0,0,0,0,0,0,0,0,0,0,0,0,0,0,0,0,0,0,0,0,0,0,0,0,0,0,0,0,0,0,0,0,0,0,0,0,0,0,0,0,0,0,0,0,0,0,0,0,0,0,0,0,0,0,0,0,0,0,0,0,0,0,0,0,0,0,0,0,0,0,0,0,0,0,0,0,125,254,210,25,0,0,0,0,0,0,0,0,0,0,0,0,0,0,0,0,0,0,0,0,0,0,0,59,243,253,253,54,0,0,0,0,0,0,0,0,0,0,0,0,0,0,0,0,0,0,0,0,0,0,24,236,253,253,253,54,0,0,0,0,0,0,0,0,0,0,0,0,0,0,0,0,0,0,0,0,0,11,151,253,253,253,160,13,0,0,0,0,0,0,0,0,0,0,0,0,0,0,0,0,0,0,0,0,0,141,253,253,253,253,34,0,0,0,0,0,0,0,0,0,0,0,0,0,0,0,0,0,0,0,0,0,4,189,253,253,253,191,14,0,0,0,0,0,0,0,0,0,0,0,0,0,0,0,0,0,0,0,0,0,69,253,253,253,253,80,0,0,0,0,0,0,0,0,0,0,0,0,0,0,0,0,0,0,0,0,0,39,224,253,253,253,132,1,0,0,0,0,0,0,0,0,0,0,0,0,0,0,0,0,0,0,0,0,0,138,253,253,253,247,14,0,0,0,0,0,0,0,0,0,0,0,0,0,0,0,0,0,0,0,0,0,30,234,253,253,246,105,0,0,0,0,0,0,0,0,0,0,0,0,0,0,0,0,0,0,0,0,0,0,211,253,253,253,199,0,0,0,0,0,0,0,0,0,0,0,0,0,0,0,0,0,0,0,0,0,0,15,248,253,253,248,79,0,0,0,0,0,0,0,0,0,0,0,0,0,0,0,0,0,0,0,0,0,12,200,253,253,253,127,0,0,0,0,0,0,0,0,0,0,0,0,0,0,0,0,0,0,0,0,0,0,151,253,253,253,253,68,0,0,0,0,0,0,0,0,0,0,0,0,0,0,0,0,0,0,0,0,0,15,193,253,253,253,131,4,0,0,0,0,0,0,0,0,0,0,0,0,0,0,0,0,0,0,0,0,0,154,253,253,253,175,7,0,0,0,0,0,0,0,0,0,0,0,0,0,0,0,0,0,0,0,0,0,44,236,253,253,253,130,0,0,0,0,0,0,0,0,0,0,0,0,0,0,0,0,0,0,0,0,0,0,47,240,253,253,175,8,0,0,0,0,0,0,0,0,0,0,0,0,0,0,0,0,0,0,0,0,0,0,0,161,253,253,132,0,0,0,0,0,0,0,0,0,0,0,0,0,0,0,0,0,0,0,0,0,0,0,0,35,253,253,6,0,0,0,0,0,0,0,0,0,0,0,0,0,0,0,0,0,0,0,0,0,0,0,0,0,0,0,0,0,0,0,0,0,0,0,0,0,0,0,0,0,0,0,0,0,0,0,0,0,0,0,0,0,0,0,0,0,0,0,0,0,0,0,0,0,0,0,0,0,0,0,0,0,0,0,0,0,0,0,0,0,0,0,0,0,0,0,0,0,0,0,0,0,0,0,0,0,0,0
7,0,0,0,0,0,0,0,0,0,0,0,0,0,0,0,0,0,0,0,0,0,0,0,0,0,0,0,0,0,0,0,0,0,0,0,0,0,0,0,0,0,0,0,0,0,0,0,0,0,0,0,0,0,0,0,0,0,0,0,0,0,0,0,0,0,0,0,0,0,0,0,0,0,0,0,0,0,0,0,0,0,0,0,0,0,0,0,0,0,0,0,0,0,0,0,0,0,0,0,0,0,0,0,0,0,0,0,0,0,0,0,0,0,0,0,0,0,0,0,0,0,0,0,0,0,0,0,0,0,0,0,0,0,0,0,0,0,0,0,0,0,0,0,0,0,0,0,0,0,0,0,0,0,0,0,0,0,0,0,0,0,0,0,0,0,0,0,0,0,0,0,0,0,107,254,162,174,254,254,196,128,13,13,5,0,0,0,0,0,0,0,0,0,0,0,0,0,0,0,0,0,21,201,253,253,253,253,253,254,253,253,181,145,46,0,0,0,0,0,0,0,0,0,0,0,0,0,0,0,0,23,130,246,253,253,253,254,253,253,253,253,226,47,0,0,0,0,0,0,0,0,0,0,0,0,0,0,0,0,0,69,84,194,205,208,253,253,253,253,253,168,0,0,0,0,0,0,0,0,0,0,0,0,0,0,0,0,0,0,0,0,0,4,176,253,253,253,253,168,0,0,0,0,0,0,0,0,0,0,0,0,0,0,0,0,0,0,0,0,0,0,145,253,253,253,253,168,0,0,0,0,0,0,0,0,0,0,0,0,0,0,0,0,0,0,0,0,0,0,145,253,253,253,253,168,0,0,0,0,0,0,0,0,0,0,0,0,0,0,0,0,0,0,0,0,0,5,187,253,253,253,253,168,0,0,0,0,0,0,0,0,0,0,0,0,0,0,0,0,0,0,0,0,0,13,253,253,253,253,253,168,0,0,0,0,0,0,0,0,0,0,0,0,0,0,0,0,0,0,0,0,0,13,253,253,253,253,253,168,0,0,0,0,0,0,0,0,0,0,0,0,0,0,0,0,0,0,0,0,0,13,254,254,255,254,254,169,0,0,0,0,0,0,0,0,0,0,0,0,0,0,0,0,0,0,0,0,0,24,253,253,253,253,253,168,0,0,0,0,0,0,0,0,0,0,0,0,0,0,0,0,0,0,0,0,0,133,253,253,253,253,253,151,0,0,0,0,0,0,0,0,0,0,0,0,0,0,0,0,0,0,0,0,0,133,253,253,253,253,253,48,0,0,0,0,0,0,0,0,0,0,0,0,0,0,0,0,0,0,0,0,0,133,253,253,253,253,201,14,0,0,0,0,0,0,0,0,0,0,0,0,0,0,0,0,0,0,0,0,0,133,253,253,253,253,146,0,0,0,0,0,0,0,0,0,0,0,0,0,0,0,0,0,0,0,0,0,0,133,253,253,253,253,60,0,0,0,0,0,0,0,0,0,0,0,0,0,0,0,0,0,0,0,0,0,0,180,253,253,253,253,226,41,0,0,0,0,0,0,0,0,0,0,0,0,0,0,0,0,0,0,0,0,0,144,253,253,253,253,222,27,0,0,0,0,0,0,0,0,0,0,0,0,0,0,0,0,0,0,0,0,0,12,132,207,230,132,37,0,0,0,0,0,0,0,0,0,0,0,0,0,0,0,0,0,0,0,0,0,0,0,0,0,0,0,0,0,0,0,0,0,0,0,0,0,0,0,0,0,0,0,0,0,0,0,0,0,0,0,0,0,0,0,0,0,0,0,0,0,0,0,0,0,0
1,0,0,0,0,0,0,0,0,0,0,0,0,0,0,0,0,0,0,0,0,0,0,0,0,0,0,0,0,0,0,0,0,0,0,0,0,0,0,0,0,0,0,0,0,0,0,0,0,0,0,0,0,0,0,0,0,0,0,0,0,0,0,0,0,0,0,0,0,0,0,0,0,0,0,0,0,0,0,0,0,0,0,0,0,0,0,0,0,0,0,0,0,0,0,0,0,0,0,0,0,0,0,0,0,0,0,0,0,0,0,0,0,0,0,0,0,0,0,0,0,0,0,0,0,0,0,42,235,254,255,18,0,0,0,0,0,0,0,0,0,0,0,0,0,0,0,0,0,0,0,0,0,0,50,208,253,253,253,116,0,0,0,0,0,0,0,0,0,0,0,0,0,0,0,0,0,0,0,0,0,0,95,253,253,253,253,207,6,0,0,0,0,0,0,0,0,0,0,0,0,0,0,0,0,0,0,0,0,9,141,253,253,253,253,253,139,0,0,0,0,0,0,0,0,0,0,0,0,0,0,0,0,0,0,0,0,29,253,253,253,253,253,226,62,0,0,0,0,0,0,0,0,0,0,0,0,0,0,0,0,0,0,0,0,183,253,253,253,253,253,205,0,0,0,0,0,0,0,0,0,0,0,0,0,0,0,0,0,0,0,0,0,153,253,253,253,253,253,205,0,0,0,0,0,0,0,0,0,0,0,0,0,0,0,0,0,0,0,0,0,29,253,253,253,253,253,94,0,0,0,0,0,0,0,0,0,0,0,0,0,0,0,0,0,0,0,0,0,190,253,253,253,253,234,16,0,0,0,0,0,0,0,0,0,0,0,0,0,0,0,0,0,0,0,32,95,230,253,253,253,253,84,0,0,0,0,0,0,0,0,0,0,0,0,0,0,0,0,0,0,0,0,85,253,253,253,253,253,253,84,0,0,0,0,0,0,0,0,0,0,0,0,0,0,0,0,0,0,0,0,73,237,253,253,253,253,253,84,0,0,0,0,0,0,0,0,0,0,0,0,0,0,0,0,0,0,0,8,104,192,253,253,253,253,210,49,0,0,0,0,0,0,0,0,0,0,0,0,0,0,0,0,0,0,0,19,253,253,253,253,253,227,49,0,0,0,0,0,0,0,0,0,0,0,0,0,0,0,0,0,0,0,0,195,253,253,253,253,253,40,0,0,0,0,0,0,0,0,0,0,0,0,0,0,0,0,0,0,0,0,64,228,253,253,253,253,181,15,0,0,0,0,0,0,0,0,0,0,0,0,0,0,0,0,0,0,0,0,141,253,253,253,253,186,27,0,0,0,0,0,0,0,0,0,0,0,0,0,0,0,0,0,0,0,0,0,141,253,253,253,253,179,21,0,0,0,0,0,0,0,0,0,0,0,0,0,0,0,0,0,0,0,0,0,73,231,253,253,253,253,93,0,0,0,0,0,0,0,0,0,0,0,0,0,0,0,0,0,0,0,0,0,0,207,253,253,231,65,24,0,0,0,0,0,0,0,0,0,0,0,0,0,0,0,0,0,0,0,0,0,0,0,0,0,0,0,0,0,0,0,0,0,0,0,0,0,0,0,0,0,0,0,0,0,0,0,0,0,0,0,0,0,0,0,0,0,0,0,0,0,0,0,0,0,0,0,0,0,0,0,0,0,0,0,0,0,0,0,0,0,0,0,0,0,0,0,0,0,0,0,0,0,0,0,0,0,0,0,0,0,0,0,0,0,0,0,0,0,0,0,0,0,0,0,0,0,0,0,0,0,0,0,0,0
9,0,0,0,0,0,0,0,0,0,0,0,0,0,0,0,0,0,0,0,0,0,0,0,0,0,0,0,0,0,0,0,0,0,0,0,0,0,0,0,0,0,0,0,0,0,0,0,0,0,0,0,0,0,0,0,0,0,0,0,0,0,0,0,0,0,0,0,0,0,0,0,0,0,0,0,0,0,0,0,0,0,0,0,0,0,0,0,0,0,0,0,0,0,0,0,0,0,0,0,0,0,0,0,0,0,0,0,0,0,0,0,0,0,0,0,0,0,0,0,0,0,0,0,0,0,0,0,0,0,0,0,0,0,0,0,0,0,0,0,0,0,0,0,0,0,0,0,0,0,0,0,0,0,0,0,0,0,0,0,0,0,0,0,0,0,0,0,0,0,0,0,0,0,0,0,0,0,0,0,0,0,0,0,0,0,0,0,0,0,0,0,0,0,0,0,0,0,0,0,0,0,0,0,0,0,0,16,101,177,253,254,253,106,0,0,0,0,0,0,0,0,0,0,0,0,0,0,0,0,0,0,0,0,24,204,252,252,252,253,252,222,36,0,53,6,0,0,0,0,0,0,0,0,0,0,0,0,0,0,0,46,224,252,235,153,58,44,72,192,220,171,243,113,0,0,0,0,0,0,0,0,0,0,0,0,0,0,22,206,252,179,52,0,0,0,16,160,252,252,245,24,0,0,0,0,0,0,0,0,0,0,0,0,0,0,132,252,233,17,0,0,0,70,226,252,252,252,140,0,0,0,0,0,0,0,0,0,0,0,0,0,0,0,46,252,233,17,0,66,136,253,252,170,248,252,55,0,0,0,0,0,0,0,0,0,0,0,0,0,0,0,2,120,252,233,231,247,247,228,58,157,252,221,29,0,0,0,0,0,0,0,0,0,0,0,0,0,0,0,0,22,136,208,208,174,56,0,86,252,239,34,0,0,0,0,0,0,0,0,0,0,0,0,0,0,0,0,0,0,0,0,0,0,0,11,199,252,196,0,0,0,0,0,0,0,0,0,0,0,0,0,0,0,0,0,0,0,0,0,0,0,0,82,252,252,73,0,0,0,0,0,0,0,0,0,0,0,0,0,0,0,0,0,0,0,0,0,0,0,0,255,253,154,0,0,0,0,0,0,0,0,0,0,0,0,0,0,0,0,0,0,0,0,0,0,0,0,29,253,235,66,0,0,0,0,0,0,0,0,0,0,0,0,0,0,0,0,0,0,0,0,0,0,0,0,201,253,95,0,0,0,0,0,0,0,0,0,0,0,0,0,0,0,0,0,0,0,0,0,0,0,0,75,251,236,37,0,0,0,0,0,0,0,0,0,0,0,0,0,0,0,0,0,0,0,0,0,0,0,0,149,252,196,0,0,0,0,0,0,0,0,0,0,0,0,0,0,0,0,0,0,0,0,0,0,0,0,0,187,252,72,0,0,0,0,0,0,0,0,0,0,0,0,0,0,0,0,0,0,0,0,0,0,0,0,0,187,252,0,0,0,0,0,0,0,0,0,0,0,0,0,0,0,0,0,0,0,0,0,0,0,0,0,27,227,252,0,0,0,0,0,0,0,0,0,0,0,0,0,0,0,0,0,0,0,0,0,0,0,0,0,45,252,252,178,34,0,0,0,0,0,0,0,0,0,0,0,0,0,0,0,0,0,0,0,0,0,0,0,6,147,252,77,0,0,0,0,0,0,0,0,0,0,0,0,0,0,0,0,0,0,0,0,0,0,0,0,0,0,0,0,0,0,0,0,0,0,0,0,0,0,0,0,0
2,0,0,0,0,0,0,0,0,0,0,0,0,0,0,0,0,0,0,0,0,0,0,0,0,0,0,0,0,0,0,0,0,0,0,0,0,0,0,0,0,0,0,0,0,0,0,0,0,0,0,0,0,0,0,0,0,0,0,0,0,0,0,0,0,0,0,0,0,0,0,0,0,0,0,0,0,0,0,0,0,0,0,0,0,0,0,0,0,0,0,0,0,0,0,0,0,0,0,0,0,0,0,0,0,0,0,0,0,0,0,0,0,0,0,0,0,0,0,0,0,0,0,0,0,0,0,0,0,0,0,0,0,0,0,0,0,0,0,0,0,0,0,0,0,0,0,0,0,0,0,0,0,0,2,13,11,0,0,0,0,0,0,0,0,0,0,0,0,0,0,0,0,0,0,0,0,0,0,0,8,82,175,254,242,168,21,0,0,0,0,0,0,0,0,0,0,0,0,0,0,0,0,0,0,0,0,2,175,244,156,67,80,230,219,32,0,0,0,0,0,0,0,0,0,0,0,0,0,0,0,0,0,0,0,93,163,35,0,0,0,47,238,179,0,0,0,0,0,0,0,0,0,0,0,0,0,0,0,0,0,0,0,126,15,0,0,0,0,0,189,217,10,0,0,0,0,0,0,0,0,0,0,0,0,0,0,0,0,0,0,0,0,0,0,0,0,0,217,199,0,0,0,0,0,0,0,0,0,0,0,0,0,0,0,0,0,0,0,0,0,0,0,0,0,7,222,132,0,0,0,0,0,0,0,0,0,0,0,0,0,0,0,0,0,0,0,0,0,0,0,0,0,60,254,48,0,0,0,0,0,0,0,0,0,0,0,0,0,0,0,0,0,0,0,0,0,0,0,0,0,172,228,16,0,0,0,0,0,0,0,0,0,0,0,0,0,0,0,0,0,0,0,0,0,0,0,0,56,234,89,0,0,0,0,0,0,0,0,0,0,0,0,0,0,0,0,111,137,137,105,55,55,13,8,67,233,193,17,0,0,0,0,0,0,0,0,0,0,0,0,0,0,0,0,255,252,195,195,238,254,232,229,254,254,187,126,59,7,0,0,0,0,0,0,0,0,0,0,0,0,0,0,158,250,43,0,18,31,216,254,136,81,123,191,246,232,154,125,46,0,0,0,0,0,0,0,0,0,0,0,9,207,208,150,212,236,224,111,4,0,0,0,36,104,179,187,244,209,150,150,0,0,0,0,0,0,0,0,0,11,80,177,127,92,9,0,0,0,0,0,0,0,0,0,66,100,100,154,0,0,0,0,0,0,0,0,0,0,0,0,0,0,0,0,0,0,0,0,0,0,0,0,0,0,0,0,0,0,0,0,0,0,0,0,0,0,0,0,0,0,0,0,0,0,0,0,0,0,0,0,0,0,0,0,0,0,0,0,0,0,0,0,0,0,0,0,0,0,0,0,0,0,0,0,0,0,0,0,0,0,0,0,0,0,0,0,0,0,0,0,0,0,0,0,0,0,0,0,0,0,0,0,0,0,0,0,0,0,0,0,0,0,0,0,0,0,0,0,0,0,0,0,0,0,0,0,0,0,0,0,0,0,0,0,0,0,0,0,0,0,0,0,0,0,0,0,0,0,0,0,0,0,0,0,0,0,0,0,0,0,0,0,0,0,0,0,0,0,0,0,0,0,0,0,0,0,0,0,0,0,0,0,0,0,0,0,0,0,0,0,0,0,0,0,0,0,0,0,0,0,0,0,0,0,0,0,0,0,0,0,0,0,0,0,0,0,0,0,0,0,0,0,0,0
8,0,0,0,0,0,0,0,0,0,0,0,0,0,0,0,0,0,0,0,0,0,0,0,0,0,0,0,0,0,0,0,0,0,0,0,0,0,0,0,0,0,0,0,0,0,0,0,0,0,0,0,0,0,0,0,0,0,0,0,0,0,0,0,0,0,0,0,0,0,0,0,0,0,0,0,0,0,0,0,0,0,0,0,0,0,0,0,0,0,0,0,0,0,0,0,0,0,0,0,0,0,0,0,0,0,0,0,0,0,0,0,0,0,0,0,0,0,0,0,0,0,0,0,0,0,0,0,0,0,0,0,0,0,0,0,0,0,0,0,0,0,0,0,0,0,0,0,0,0,0,0,0,0,0,0,0,0,0,0,64,128,191,255,255,191,0,0,0,0,0,0,0,0,0,0,0,0,0,0,0,0,0,0,64,128,255,255,255,255,255,255,255,255,0,0,0,0,0,0,0,0,0,0,0,0,0,0,0,0,128,128,255,255,255,255,255,255,255,255,255,191,0,0,0,0,0,0,0,0,0,0,0,0,0,0,0,191,255,255,255,255,255,255,255,255,255,255,191,0,0,0,0,0,0,0,0,0,0,0,0,0,0,0,64,255,255,255,255,191,255,255,255,255,255,255,0,0,0,0,0,0,0,0,0,0,0,0,0,0,0,0,255,255,255,128,64,128,255,255,255,255,64,0,0,0,0,0,0,0,0,0,0,0,0,0,0,0,0,128,255,255,255,128,255,255,255,255,255,0,0,0,0,0,0,0,0,0,0,0,0,0,0,0,0,0,0,0,255,255,255,255,255,255,255,255,64,0,0,0,0,0,0,0,0,0,0,0,0,0,0,0,0,0,0,0,191,255,255,255,255,255,128,0,0,0,0,0,0,0,0,0,0,0,0,0,0,0,0,0,0,0,0,64,255,255,255,255,191,0,0,0,0,0,0,0,0,0,0,0,0,0,0,0,0,0,0,0,0,64,191,255,255,255,255,255,128,0,0,0,0,0,0,0,0,0,0,0,0,0,0,0,0,0,0,0,64,255,255,255,255,191,128,255,191,0,0,0,0,0,0,0,0,0,0,0,0,0,0,0,0,0,0,64,255,255,255,255,64,0,64,255,191,0,0,0,0,0,0,0,0,0,0,0,0,0,0,0,0,0,0,255,255,255,255,191,0,64,255,255,128,0,0,0,0,0,0,0,0,0,0,0,0,0,0,0,0,0,128,255,255,255,128,0,64,255,255,255,128,0,0,0,0,0,0,0,0,0,0,0,0,0,0,0,0,0,255,255,255,255,0,0,255,255,255,255,64,0,0,0,0,0,0,0,0,0,0,0,0,0,0,0,0,0,255,255,255,255,255,255,255,255,255,64,0,0,0,0,0,0,0,0,0,0,0,0,0,0,0,0,0,0,191,255,255,255,255,255,255,191,64,0,0,0,0,0,0,0,0,0,0,0,0,0,0,0,0,0,0,0,0,191,255,255,255,255,128,0,0,0,0,0,0,0,0,0,0,0,0,0,0,0,0,0,0,0,0,0,0,0,0,0,128,64,0,0,0,0,0,0,0,0,0,0,0,0,0,0,0,0,0,0,0,0,0,0,0,0,0,0,0,0,0,0,0,0,0,0,0,0,0,0,0,0,0,0,0,0,0,0,0,0,0,0,0,0,0,0,0,0,0,0,0,0,0,0,0,0,0,0,0,0,0,0,0,0,0,0,0,0,0,0,0,0,0,0,0,0,0,0,0,0,0,0,0,0,0,0,0,0,0,0,0,0,0
8,0,0,0,0,0,0,0,0,0,0,0,0,0,0,0,0,0,0,0,0,0,0,0,0,0,0,0,0,0,0,0,0,0,0,0,0,0,0,0,0,0,0,0,0,0,0,0,0,0,0,0,0,0,0,0,0,0,0,0,0,0,0,0,0,0,0,0,0,0,0,0,0,0,0,0,0,0,0,0,0,0,0,0,0,0,0,0,0,0,0,0,0,0,0,0,0,0,0,0,0,0,0,0,0,0,0,0,0,0,0,0,0,0,0,0,0,0,0,0,0,0,0,0,0,0,141,226,255,198,86,0,0,0,0,0,0,0,0,0,0,0,0,0,0,0,0,0,0,0,0,0,57,226,255,255,226,255,198,0,0,0,0,0,0,0,0,0,0,0,0,0,0,0,0,0,0,0,0,86,255,255,141,29,0,198,255,0,0,0,0,0,0,0,0,0,0,0,0,0,0,0,0,0,0,0,0,226,255,114,0,0,0,198,198,0,0,0,0,0,0,0,0,0,0,0,0,0,0,0,0,0,0,0,141,255,170,0,0,0,86,255,255,114,0,0,0,0,0,0,0,0,0,0,0,0,0,0,0,0,0,0,198,255,86,0,0,0,170,255,226,255,86,0,0,0,0,0,0,0,0,0,0,0,0,0,0,0,0,0,255,255,86,0,0,0,86,0,170,255,57,0,0,0,0,0,0,0,0,0,0,0,0,0,0,0,0,0,226,255,86,0,0,0,0,57,226,141,0,0,0,0,0,0,0,0,0,0,0,0,0,0,0,0,0,0,141,255,226,170,198,255,226,255,198,29,0,0,0,0,0,0,0,0,0,0,0,0,0,0,0,0,0,0,0,198,255,255,255,255,255,255,114,86,86,0,0,0,0,0,0,0,0,0,0,0,0,0,0,0,0,0,29,226,255,226,141,86,141,255,255,255,255,198,29,0,0,0,0,0,0,0,0,0,0,0,0,0,0,0,141,255,255,57,0,0,0,0,29,0,57,226,255,57,0,0,0,0,0,0,0,0,0,0,0,0,0,0,226,255,114,0,0,0,0,0,0,0,0,57,226,226,29,0,0,0,0,0,0,0,0,0,0,0,0,57,255,255,29,0,0,0,0,0,0,0,0,0,170,255,86,0,0,0,0,0,0,0,0,0,0,0,0,86,255,170,0,0,0,0,0,0,0,0,0,0,170,255,86,0,0,0,0,0,0,0,0,0,0,0,0,86,255,255,0,0,0,0,0,0,0,0,0,0,198,255,57,0,0,0,0,0,0,0,0,0,0,0,0,0,255,255,86,0,0,0,0,0,0,0,0,170,255,170,0,0,0,0,0,0,0,0,0,0,0,0,0,0,141,255,255,114,29,0,0,57,86,141,170,255,170,29,0,0,0,0,0,0,0,0,0,0,0,0,0,0,0,170,255,255,255,255,255,255,255,255,198,86,0,0,0,0,0,0,0,0,0,0,0,0,0,0,0,0,0,0,29,141,170,198,170,170,114,86,0,0,0,0,0,0,0,0,0,0,0,0,0,0,0,0,0,0,0,0,0,0,0,0,0,0,0,0,0,0,0,0,0,0,0,0,0,0,0,0,0,0,0,0,0,0,0,0,0,0,0,0,0,0,0,0,0,0,0,0,0,0,0,0,0,0,0,0,0,0,0,0,0,0,0,0,0,0,0,0,0,0,0,0,0,0,0,0,0,0,0,0,0,0,0,0,0,0,0,0,0,0,0,0,0,0,0,0,0,0,0,0,0,0,0,0,0,0,0,0,0
3,0,0,0,0,0,0,0,0,0,0,0,0,0,0,0,0,0,0,0,0,0,0,0,0,0,0,0,0,0,0,0,0,0,0,0,0,0,0,0,0,0,0,0,0,0,0,0,0,0,0,0,0,0,0,0,0,0,0,0,0,0,0,0,0,0,0,0,0,0,0,0,0,0,0,0,0,0,0,0,0,0,0,0,0,0,0,0,0,0,0,0,0,0,0,0,0,0,0,0,0,0,0,0,0,0,0,0,0,0,0,0,0,0,0,0,0,0,0,0,0,0,0,0,0,0,0,0,0,0,0,0,0,0,0,0,0,0,0,0,0,0,0,0,0,0,0,0,0,0,0,24,122,199,255,255,254,255,213,192,47,0,0,0,0,0,0,0,0,0,0,0,0,0,0,0,0,0,73,227,253,253,253,253,253,253,253,253,206,140,2,0,0,0,0,0,0,0,0,0,0,0,0,0,1,87,239,253,253,248,178,139,139,139,228,253,253,253,102,0,0,0,0,0,0,0,0,0,0,0,0,1,126,253,253,227,128,9,0,0,0,0,0,115,253,253,221,0,0,0,0,0,0,0,0,0,0,0,0,87,253,253,250,66,0,0,0,0,0,0,0,28,253,253,186,0,0,0,0,0,0,0,0,0,0,0,0,114,253,253,252,227,227,227,158,30,0,0,46,180,253,253,62,0,0,0,0,0,0,0,0,0,0,0,0,114,253,253,251,205,205,205,205,130,0,58,194,253,253,190,2,0,0,0,0,0,0,0,0,0,0,0,0,27,138,226,114,0,0,0,0,0,54,234,253,253,231,53,0,0,0,0,0,0,0,0,0,0,0,0,0,0,4,15,0,0,0,8,40,171,237,253,253,226,50,0,0,0,0,0,0,0,0,0,0,0,0,0,0,0,0,0,0,0,0,125,253,253,253,241,157,4,0,0,0,0,0,0,0,0,0,0,0,0,0,0,0,0,0,0,0,0,0,125,253,253,253,147,0,0,0,0,0,0,0,0,0,0,0,0,0,0,0,0,0,0,0,0,0,0,0,15,193,249,253,224,43,1,0,0,0,0,0,0,0,0,0,0,0,0,0,0,0,0,0,0,0,0,0,0,0,68,218,253,253,36,0,0,0,0,0,0,0,0,0,0,0,0,0,0,0,0,0,0,0,0,0,0,0,0,89,253,253,216,31,0,0,0,0,0,0,0,0,0,0,0,0,0,0,0,5,19,0,0,0,0,0,0,1,61,248,253,191,5,0,0,0,0,0,0,0,0,0,0,0,0,0,78,187,99,0,0,0,0,0,0,0,0,131,253,253,71,0,0,0,0,0,0,0,0,0,0,0,0,0,157,253,141,11,0,0,0,0,0,0,25,161,253,253,150,0,0,0,0,0,0,0,0,0,0,0,0,0,162,253,253,152,121,33,33,56,141,196,250,253,253,253,91,0,0,0,0,0,0,0,0,0,0,0,0,0,83,195,253,253,253,253,253,253,253,253,253,253,253,131,13,0,0,0,0,0,0,0,0,0,0,0,0,0,0,7,37,185,253,253,253,253,253,253,228,145,42,12,0,0,0,0,0,0,0,0,0,0,0,0,0,0,0,0,0,0,0,0,0,0,0,0,0,0,0,0,0,0,0,0,0,0,0,0,0,0,0,0,0,0,0,0,0,0,0,0,0,0,0,0,0,0,0,0,0,0,0,0,0,0,0,0,0,0,0,0,0,0,0,0,0,0,0,0,0,0,0,0,0,0,0,0,0,0,0,0,0,0,0,0
7,0,0,0,0,0,0,0,0,0,0,0,0,0,0,0,0,0,0,0,0,0,0,0,0,0,0,0,0,0,0,0,0,0,0,0,0,0,0,0,0,0,0,0,0,0,0,0,0,0,0,0,0,0,0,0,0,0,0,0,0,0,0,0,0,0,0,0,0,0,0,0,0,0,0,0,0,0,0,0,0,0,0,0,0,0,0,0,0,0,0,0,0,0,0,0,0,0,0,0,0,0,0,0,0,0,0,0,0,0,0,0,0,0,0,0,0,0,0,0,0,0,0,0,0,0,0,0,0,0,0,0,0,0,0,0,0,0,0,0,0,0,0,0,0,0,0,0,0,0,0,0,0,0,0,0,0,0,0,0,0,0,0,0,0,0,0,0,0,0,0,0,0,45,141,241,126,0,0,0,0,0,0,0,0,0,0,0,0,0,0,0,0,0,0,0,0,0,0,0,0,169,252,252,244,82,0,0,0,0,0,0,0,0,0,0,0,0,0,0,0,0,0,0,0,0,0,0,0,82,252,252,253,240,159,85,38,0,0,0,0,19,19,38,126,0,0,0,0,0,0,0,0,0,0,0,0,32,228,252,253,252,252,252,238,225,225,225,176,231,231,237,250,175,0,0,0,0,0,0,0,0,0,0,0,0,126,250,255,253,253,253,254,253,253,253,254,253,253,253,254,228,31,0,0,0,0,0,0,0,0,0,0,0,0,225,253,252,252,252,253,252,227,252,253,252,252,252,253,252,56,0,0,0,0,0,0,0,0,0,0,0,0,225,253,252,186,56,119,93,69,168,168,142,171,252,253,233,37,0,0,0,0,0,0,0,0,0,0,0,0,125,253,252,168,0,0,0,0,0,0,0,134,252,253,196,0,0,0,0,0,0,0,0,0,0,0,0,0,51,226,200,25,0,0,0,0,0,0,57,253,253,254,197,0,0,0,0,0,0,0,0,0,0,0,0,0,0,0,0,0,0,0,0,0,0,0,57,252,252,253,196,0,0,0,0,0,0,0,0,0,0,0,0,0,0,0,0,0,0,0,0,0,0,0,57,252,252,253,196,0,0,0,0,0,0,0,0,0,0,0,0,0,0,0,0,0,0,0,0,0,0,0,157,252,252,253,96,0,0,0,0,0,0,0,0,0,0,0,0,0,0,0,0,0,0,0,0,0,0,4,179,253,253,239,38,0,0,0,0,0,0,0,0,0,0,0,0,0,0,0,0,0,0,0,0,0,0,29,252,252,252,150,0,0,0,0,0,0,0,0,0,0,0,0,0,0,0,0,0,0,0,0,0,0,0,117,252,252,252,113,0,0,0,0,0,0,0,0,0,0,0,0,0,0,0,0,0,0,0,0,0,0,0,141,252,252,252,113,0,0,0,0,0,0,0,0,0,0,0,0,0,0,0,0,0,0,0,0,0,0,0,154,253,253,253,51,0,0,0,0,0,0,0,0,0,0,0,0,0,0,0,0,0,0,0,0,0,0,0,253,252,252,252,0,0,0,0,0,0,0,0,0,0,0,0,0,0,0,0,0,0,0,0,0,0,0,0,165,252,252,164,0,0,0,0,0,0,0,0,0,0,0,0,0,0,0,0,0,0,0,0,0,0,0,0,79,165,252,90,0,0,0,0,0,0,0,0,0,0,0,0,0,0,0,0,0,0,0,0,0,0,0,0,0,0,0,0,0,0,0,0,0,0,0,0,0,0,0,0,0,0,0,0,0,0,0,0,0,0,0,0,0,0,0,0,0,0,0,0,0,0,0,0,0
3,0,0,0,0,0,0,0,0,0,0,0,0,0,0,0,0,0,0,0,0,0,0,0,0,0,0,0,0,0,0,0,0,0,0,0,0,0,0,0,0,0,0,0,0,0,0,0,0,0,0,0,0,0,0,0,0,0,0,0,0,0,0,0,0,0,0,0,0,0,0,0,0,0,0,0,0,0,0,0,0,0,0,0,0,0,0,0,0,0,0,0,0,0,0,0,0,0,0,0,0,0,0,0,0,0,0,0,0,0,0,0,0,0,0,0,0,0,0,0,0,0,0,0,0,0,0,0,0,0,0,0,0,0,0,0,0,0,0,0,0,0,0,0,0,0,0,0,0,0,154,197,245,254,255,254,255,185,168,68,0,0,0,0,0,0,0,0,0,0,0,0,0,0,0,0,0,23,240,254,254,254,254,254,254,254,254,252,90,0,0,0,0,0,0,0,0,0,0,0,0,0,0,0,0,0,108,180,163,95,95,95,164,189,254,254,239,20,0,0,0,0,0,0,0,0,0,0,0,0,0,0,0,0,0,0,0,0,0,0,0,165,254,254,214,4,0,0,0,0,0,0,0,0,0,0,0,0,0,0,0,0,0,0,0,0,0,0,135,250,254,248,83,0,0,0,0,0,0,0,0,0,0,0,0,0,0,0,0,0,0,0,0,0,11,175,250,254,247,89,0,0,0,0,0,0,0,0,0,0,0,0,0,0,0,0,0,0,0,0,0,11,178,254,254,247,90,0,0,0,0,0,0,0,0,0,0,0,0,0,0,0,0,0,0,0,0,0,11,177,254,254,247,90,0,0,0,0,0,0,0,0,0,0,0,0,0,0,0,0,0,0,0,0,0,0,172,254,254,246,100,48,48,12,0,0,0,0,0,0,0,0,0,0,0,0,0,0,0,0,0,0,0,29,239,254,254,248,247,254,254,225,145,12,0,0,0,0,0,0,0,0,0,0,0,0,0,0,0,0,0,200,254,254,254,254,254,254,254,254,254,125,0,0,0,0,0,0,0,0,0,0,0,0,0,0,0,0,0,229,254,254,254,248,219,150,133,225,254,200,0,0,0,0,0,0,0,0,0,0,0,0,0,0,0,0,0,229,254,227,150,58,0,0,62,221,254,86,0,0,0,0,0,0,0,0,0,0,0,0,0,0,0,0,0,50,56,8,0,0,0,61,223,254,231,15,0,0,0,0,0,0,0,0,0,0,0,0,0,0,0,0,0,0,0,0,0,32,120,242,254,252,79,0,0,0,0,0,0,0,0,0,0,0,0,0,0,0,0,0,0,0,4,93,147,243,254,254,252,100,0,0,0,0,0,0,0,0,0,0,0,0,0,0,0,0,42,1,12,91,189,254,254,254,254,233,81,0,0,0,0,0,0,0,0,0,0,0,0,0,0,0,0,0,242,186,248,254,254,254,254,252,163,15,0,0,0,0,0,0,0,0,0,0,0,0,0,0,0,0,0,0,240,254,254,254,254,251,205,80,0,0,0,0,0,0,0,0,0,0,0,0,0,0,0,0,0,0,0,0,74,248,254,205,150,39,0,0,0,0,0,0,0,0,0,0,0,0,0,0,0,0,0,0,0,0,0,0,0,0,0,0,0,0,0,0,0,0,0,0,0,0,0,0,0,0,0,0,0,0,0,0,0,0,0,0,0,0,0,0,0,0,0,0,0,0,0,0,0,0,0,0,0,0,0,0,0,0,0,0,0,0,0,0,0,0,0,0,0,0,0,0,0,0,0,0,0,0,0,0,0,0,0,0,0
0,0,0,0,0,0,0,0,0,0,0,0,0,0,0,0,0,0,0,0,0,0,0,0,0,0,0,0,0,0,0,0,0,0,0,0,0,0,0,0,0,0,0,0,0,0,0,0,0,0,0,0,0,0,0,0,0,0,0,0,0,0,0,0,0,0,0,0,0,0,0,0,0,0,0,0,0,0,0,0,0,0,0,0,0,0,0,0,0,0,0,0,0,0,0,0,0,0,112,228,131,35,0,0,0,0,0,0,0,0,0,0,0,0,0,0,0,0,0,0,0,0,0,0,0,0,118,254,254,186,0,0,0,0,0,0,0,0,0,0,0,0,0,0,0,0,0,0,0,0,0,0,0,96,220,254,254,225,107,4,0,0,0,0,0,0,0,0,0,0,0,0,0,0,0,0,0,0,0,0,35,219,254,221,105,206,254,69,5,0,0,0,0,0,0,0,0,0,0,0,0,0,0,0,0,0,0,20,219,254,248,114,0,61,248,254,120,0,0,0,0,0,0,0,0,0,0,0,0,0,0,0,0,0,4,126,254,254,204,0,0,0,73,223,223,42,0,0,0,0,0,0,0,0,0,0,0,0,0,0,0,0,108,254,254,247,109,0,0,0,0,110,247,223,42,0,0,0,0,0,0,0,0,0,0,0,0,0,0,4,170,254,254,126,0,0,0,0,0,0,127,254,223,41,0,0,0,0,0,0,0,0,0,0,0,0,0,47,254,254,246,68,0,0,0,0,0,0,69,247,254,148,0,0,0,0,0,0,0,0,0,0,0,0,10,225,254,254,186,0,0,0,0,0,0,0,0,127,254,226,44,0,0,0,0,0,0,0,0,0,0,0,13,254,254,231,23,0,0,0,0,0,0,0,0,23,232,254,172,4,0,0,0,0,0,0,0,0,0,0,13,254,254,223,0,0,0,0,0,0,0,0,0,0,224,254,254,12,0,0,0,0,0,0,0,0,0,0,114,254,254,223,0,0,0,0,0,0,0,0,0,0,185,254,254,12,0,0,0,0,0,0,0,0,0,0,137,254,254,180,0,0,0,0,0,0,0,0,0,0,204,254,254,12,0,0,0,0,0,0,0,0,0,0,137,254,254,144,0,0,0,0,0,0,0,0,0,35,236,254,158,2,0,0,0,0,0,0,0,0,0,0,137,254,254,223,0,0,0,0,0,0,0,0,127,236,254,213,26,0,0,0,0,0,0,0,0,0,0,0,25,254,254,236,91,0,0,0,0,29,107,207,251,254,213,87,0,0,0,0,0,0,0,0,0,0,0,0,13,254,254,254,252,237,237,237,237,242,254,254,254,213,26,0,0,0,0,0,0,0,0,0,0,0,0,0,1,82,206,254,254,254,254,254,254,254,254,158,94,8,0,0,0,0,0,0,0,0,0,0,0,0,0,0,0,0,77,145,255,255,255,254,254,160,94,1,0,0,0,0,0,0,0,0,0,0,0,0,0,0,0,0,0,0,0,0,0,0,0,0,0,0,0,0,0,0,0,0,0,0,0,0,0,0,0,0,0,0,0,0,0,0,0,0,0,0,0,0,0,0,0,0,0,0,0,0,0,0,0,0,0,0,0,0,0,0,0,0,0,0,0,0,0,0,0,0,0,0,0,0,0,0,0,0,0,0,0,0,0,0,0,0,0,0,0,0,0,0,0,0,0,0,0,0,0,0,0,0,0,0,0,0,0,0,0,0,0,0,0,0,0,0,0,0,0,0,0,0,0,0,0,0,0,0,0,0,0,0,0,0,0,0,0,0,0
8,0,0,0,0,0,0,0,0,0,0,0,0,0,0,0,0,0,0,0,0,0,0,0,0,0,0,0,0,0,0,0,0,0,0,0,0,0,0,0,0,0,0,0,0,0,0,0,0,0,0,0,0,0,0,0,0,0,0,0,0,0,0,0,0,0,0,0,0,0,0,0,0,0,0,0,0,0,0,0,0,0,0,0,0,0,0,0,0,0,0,0,0,0,0,0,0,0,0,0,0,0,0,0,0,0,0,0,0,0,0,0,0,0,0,0,0,0,0,0,0,0,0,0,0,0,0,0,0,0,0,0,0,0,0,0,0,0,0,0,0,0,0,0,0,0,0,0,0,0,0,0,0,0,0,0,0,0,0,0,0,12,236,235,38,0,0,0,0,0,0,0,0,0,0,0,0,0,0,0,0,0,0,0,67,67,158,114,0,118,253,193,20,0,0,0,0,0,0,0,0,0,0,0,0,0,0,0,0,0,75,148,254,253,253,250,119,244,253,99,0,0,0,0,0,0,0,0,0,0,0,0,0,0,0,8,124,200,251,253,252,231,250,253,249,253,238,47,0,0,0,0,0,0,0,0,0,0,0,0,0,0,13,173,253,253,253,205,77,0,186,253,253,253,60,0,0,0,0,0,0,0,0,0,0,0,0,0,0,0,142,253,253,199,83,7,0,0,95,249,253,222,14,0,0,0,0,0,0,0,0,0,0,0,0,0,0,1,170,253,190,9,0,0,2,41,231,253,198,14,0,0,0,0,0,0,0,0,0,0,0,0,0,0,0,42,253,253,113,0,0,0,53,253,253,220,35,0,0,0,0,0,0,0,0,0,0,0,0,0,0,0,0,133,253,253,22,0,0,117,226,253,223,36,0,0,0,0,0,0,0,0,0,0,0,0,0,0,0,0,0,85,253,253,166,0,117,249,254,224,39,0,0,0,0,0,0,0,0,0,0,0,0,0,0,0,0,0,0,10,190,254,254,254,254,254,145,0,0,0,0,0,0,0,0,0,0,0,0,0,0,0,0,0,0,0,0,0,17,186,253,253,253,253,30,0,0,0,0,0,0,0,0,0,0,0,0,0,0,0,0,0,0,0,0,0,0,89,253,253,253,253,215,31,0,0,0,0,0,0,0,0,0,0,0,0,0,0,0,0,0,0,0,2,95,223,238,54,181,253,255,134,0,0,0,0,0,0,0,0,0,0,0,0,0,0,0,0,0,0,0,120,253,234,55,0,27,232,254,187,0,0,0,0,0,0,0,0,0,0,0,0,0,0,0,0,0,0,79,251,234,60,0,0,28,232,254,148,0,0,0,0,0,0,0,0,0,0,0,0,0,0,0,0,0,32,222,252,93,0,0,0,179,253,253,74,0,0,0,0,0,0,0,0,0,0,0,0,0,0,0,0,0,86,253,163,0,0,2,64,228,253,134,0,0,0,0,0,0,0,0,0,0,0,0,0,0,0,0,0,0,143,253,219,188,188,191,253,253,220,0,0,0,0,0,0,0,0,0,0,0,0,0,0,0,0,0,0,0,9,125,201,253,253,253,234,110,19,0,0,0,0,0,0,0,0,0,0,0,0,0,0,0,0,0,0,0,0,0,0,0,0,0,0,0,0,0,0,0,0,0,0,0,0,0,0,0,0,0,0,0,0,0,0,0,0,0,0,0,0,0,0,0,0,0,0,0,0,0,0,0,0,0,0,0,0,0,0,0,0,0,0,0,0,0,0,0,0,0,0,0,0,0,0,0,0,0,0,0,0,0,0,0,0,0
3,0,0,0,0,0,0,0,0,0,0,0,0,0,0,0,0,0,0,0,0,0,0,0,0,0,0,0,0,0,0,0,0,0,0,0,0,0,0,0,0,0,0,0,0,0,0,0,0,0,0,0,0,0,0,0,0,0,0,0,0,0,0,0,0,0,0,0,0,0,0,0,0,0,0,0,0,0,0,0,0,0,0,0,0,0,0,0,0,0,0,0,0,0,0,0,0,0,0,0,0,0,0,0,0,0,0,0,0,0,0,0,0,0,0,0,0,0,0,0,0,0,0,0,57,102,220,255,254,226,143,13,0,0,0,0,0,0,0,0,0,0,0,0,0,0,0,0,0,0,0,100,250,254,254,254,254,254,254,217,12,0,0,0,0,0,0,0,0,0,0,0,0,0,0,0,0,0,0,90,150,150,150,150,153,247,254,254,151,1,0,0,0,0,0,0,0,0,0,0,0,0,0,0,0,0,0,0,0,0,0,0,0,76,254,254,254,9,0,0,0,0,0,0,0,0,0,0,0,0,0,0,0,0,0,0,0,0,0,0,0,94,254,254,254,9,0,0,0,0,0,0,0,0,0,0,0,0,0,0,0,0,0,0,0,0,0,10,131,238,254,252,136,2,0,0,0,0,0,0,0,0,0,0,0,0,0,0,0,0,0,0,0,64,110,218,254,254,254,136,0,0,0,0,0,0,0,0,0,0,0,0,0,0,0,0,0,0,0,146,231,251,254,254,254,209,86,2,0,0,0,0,0,0,0,0,0,0,0,0,0,0,0,0,0,0,64,251,254,254,254,254,254,151,13,0,0,0,0,0,0,0,0,0,0,0,0,0,0,0,0,0,0,0,0,154,240,183,219,254,254,254,182,0,0,0,0,0,0,0,0,0,0,0,0,0,0,0,0,0,0,0,0,0,0,0,0,50,195,254,254,200,0,0,0,0,0,0,0,0,0,0,0,0,0,0,0,0,0,0,0,0,0,0,0,0,15,196,254,252,128,2,0,0,0,0,0,0,0,0,0,0,0,0,0,0,0,0,0,0,0,0,0,0,0,45,246,254,254,9,0,0,0,0,0,0,0,0,0,0,0,0,0,0,0,0,0,0,0,0,0,0,0,0,172,254,254,9,0,0,0,0,0,0,0,0,0,0,0,0,0,0,0,0,0,0,0,0,0,0,0,0,72,254,254,79,0,0,0,0,0,0,0,0,0,0,0,0,47,176,190,114,47,1,0,0,0,0,0,34,226,254,254,9,0,0,0,0,0,0,0,0,0,0,0,0,135,254,254,254,225,6,0,0,0,0,70,201,254,254,225,6,0,0,0,0,0,0,0,0,0,0,0,0,177,254,254,254,184,117,71,127,151,200,252,254,254,221,34,0,0,0,0,0,0,0,0,0,0,0,0,0,58,244,254,254,254,254,254,254,254,254,254,245,155,21,0,0,0,0,0,0,0,0,0,0,0,0,0,0,0,72,159,159,191,254,254,254,254,204,121,46,0,0,0,0,0,0,0,0,0,0,0,0,0,0,0,0,0,0,0,0,0,0,0,0,0,0,0,0,0,0,0,0,0,0,0,0,0,0,0,0,0,0,0,0,0,0,0,0,0,0,0,0,0,0,0,0,0,0,0,0,0,0,0,0,0,0,0,0,0,0,0,0,0,0,0,0,0,0,0,0,0,0,0,0,0,0,0,0,0,0,0,0,0,0,0,0,0,0,0,0,0,0,0,0,0,0,0,0,0,0,0,0,0,0,0,0,0,0,0,0,0,0,0
5,0,0,0,0,0,0,0,0,0,0,0,0,0,0,0,0,0,0,0,0,0,0,0,0,0,0,0,0,0,0,0,0,0,0,0,0,0,0,0,0,0,0,0,0,0,0,0,0,0,0,0,0,0,0,0,0,0,0,0,0,0,0,0,0,0,0,0,0,0,0,0,0,0,0,0,0,0,0,0,0,0,0,0,0,0,0,0,0,0,0,0,0,0,0,0,0,0,0,0,0,0,0,0,0,0,0,0,0,0,0,0,0,0,0,0,0,0,0,0,0,0,0,0,0,0,0,0,0,0,0,0,0,0,0,0,0,0,0,0,0,0,0,0,0,0,0,0,0,0,0,0,0,0,0,0,34,47,130,138,172,231,230,230,230,0,0,0,0,0,0,0,0,0,0,0,0,0,0,0,0,0,13,174,240,254,253,253,253,239,238,230,196,0,0,0,0,0,0,0,0,0,0,0,0,0,0,0,0,0,89,236,253,254,202,152,69,25,25,0,0,0,0,0,0,0,0,0,0,0,0,0,0,0,0,0,0,0,72,254,228,34,0,0,0,0,0,0,0,0,0,0,0,0,0,0,0,0,0,0,0,0,0,0,0,13,193,248,98,0,0,0,0,0,0,0,0,0,0,0,0,0,0,0,0,0,0,0,0,0,0,0,0,78,245,238,25,0,0,0,0,0,0,0,0,0,0,0,0,0,0,0,0,0,0,0,0,0,0,0,68,204,236,79,0,0,0,0,0,0,0,0,0,0,0,0,0,0,0,0,0,0,0,0,0,0,0,0,119,254,254,169,19,0,0,0,0,0,0,0,0,0,0,0,0,0,0,0,0,0,0,0,0,0,0,43,192,254,253,244,111,0,0,0,0,0,0,0,0,0,0,0,0,0,0,0,0,0,0,0,0,0,0,0,17,138,137,232,253,43,0,0,0,0,0,0,0,0,0,0,0,0,0,0,0,0,0,0,0,0,0,0,0,0,0,174,253,93,0,0,0,0,0,0,0,0,0,0,0,0,0,0,0,0,0,0,0,0,0,0,0,0,0,24,254,204,7,0,0,0,0,0,0,0,0,0,0,0,0,0,0,0,0,0,0,0,0,0,0,0,0,15,228,216,11,0,0,0,0,0,0,0,0,0,0,0,0,0,0,108,52,0,0,0,0,0,0,0,0,24,228,210,9,0,0,0,0,0,0,0,0,0,0,0,0,0,0,220,56,0,0,0,0,0,0,26,93,199,253,176,9,0,0,0,0,0,0,0,0,0,0,0,0,0,0,195,254,178,161,162,161,170,254,255,254,254,228,34,0,0,0,0,0,0,0,0,0,0,0,0,0,0,0,99,215,253,253,254,253,253,253,207,190,115,40,0,0,0,0,0,0,0,0,0,0,0,0,0,0,0,0,0,9,54,104,138,88,46,46,0,0,0,0,0,0,0,0,0,0,0,0,0,0,0,0,0,0,0,0,0,0,0,0,0,0,0,0,0,0,0,0,0,0,0,0,0,0,0,0,0,0,0,0,0,0,0,0,0,0,0,0,0,0,0,0,0,0,0,0,0,0,0,0,0,0,0,0,0,0,0,0,0,0,0,0,0,0,0,0,0,0,0,0,0,0,0,0,0,0,0,0,0,0,0,0,0,0,0,0,0,0,0,0,0,0,0,0,0,0,0,0,0,0,0,0,0,0,0,0,0,0,0,0,0,0,0,0,0,0,0,0,0,0,0,0,0,0,0,0,0,0,0,0,0,0,0,0,0,0,0,0,0,0,0,0
1,0,0,0,0,0,0,0,0,0,0,0,0,0,0,0,0,0,0,0,0,0,0,0,0,0,0,0,0,0,0,0,0,0,0,0,0,0,0,0,0,0,0,0,0,0,0,0,0,0,0,0,0,0,0,0,0,0,0,0,0,0,0,0,0,0,0,0,0,0,0,0,0,0,0,0,0,0,0,0,0,0,0,0,0,0,0,0,0,0,0,0,0,0,0,0,0,0,0,0,0,0,0,0,0,0,0,0,0,0,0,0,0,0,0,0,0,0,0,0,0,0,0,0,0,0,0,0,0,0,0,0,0,0,0,0,0,0,0,0,0,0,0,0,0,0,0,0,0,0,0,0,0,0,0,87,212,155,0,0,0,0,0,0,0,0,0,0,0,0,0,0,0,0,0,0,0,0,0,0,0,0,25,213,254,222,0,0,0,0,0,0,0,0,0,0,0,0,0,0,0,0,0,0,0,0,0,0,0,0,53,254,254,222,0,0,0,0,0,0,0,0,0,0,0,0,0,0,0,0,0,0,0,0,0,0,0,25,203,254,254,222,0,0,0,0,0,0,0,0,0,0,0,0,0,0,0,0,0,0,0,0,0,0,0,110,254,254,254,222,0,0,0,0,0,0,0,0,0,0,0,0,0,0,0,0,0,0,0,0,0,0,24,213,254,254,254,222,0,0,0,0,0,0,0,0,0,0,0,0,0,0,0,0,0,0,0,0,0,25,196,254,254,254,254,154,0,0,0,0,0,0,0,0,0,0,0,0,0,0,0,0,0,0,0,0,0,113,254,165,89,254,254,222,0,0,0,0,0,0,0,0,0,0,0,0,0,0,0,0,0,0,0,0,168,244,236,47,53,254,254,222,0,0,0,0,0,0,0,0,0,0,0,0,0,0,0,0,0,0,24,177,244,254,155,0,53,254,254,188,0,0,0,0,0,0,0,0,0,0,0,0,0,0,0,0,0,0,190,254,254,170,15,0,53,254,254,91,0,0,0,0,0,0,0,0,0,0,0,0,0,0,0,0,0,0,177,202,95,15,0,0,53,254,254,91,0,0,0,0,0,0,0,0,0,0,0,0,0,0,0,0,0,0,0,0,0,0,0,0,53,255,254,91,0,0,0,0,0,0,0,0,0,0,0,0,0,0,0,0,0,0,0,0,0,0,0,0,53,254,254,91,0,0,0,0,0,0,0,0,0,0,0,0,0,0,0,0,0,0,0,0,0,0,0,0,53,254,254,91,0,0,0,0,0,0,0,0,0,0,0,0,0,0,0,0,0,0,0,0,0,0,0,0,53,255,254,91,0,0,0,0,0,0,0,0,0,0,0,0,0,0,0,0,0,0,0,0,0,0,0,0,53,255,254,91,0,0,0,0,0,0,0,0,0,0,0,0,0,0,0,0,0,0,0,0,0,0,0,0,53,254,254,165,0,0,0,0,0,0,0,0,0,0,0,0,0,0,0,0,0,0,0,0,0,0,0,0,25,213,254,222,0,0,0,0,0,0,0,0,0,0,0,0,0,0,0,0,0,0,0,0,0,0,0,0,0,110,254,222,0,0,0,0,0,0,0,0,0,0,0,0,0,0,0,0,0,0,0,0,0,0,0,0,0,0,0,0,0,0,0,0,0,0,0,0,0,0,0,0,0,0,0,0,0,0,0,0,0,0,0,0,0,0,0,0,0,0,0,0,0,0,0,0,0,0,0,0,0,0,0,0,0,0,0,0,0,0,0,0,0,0,0,0,0,0,0,0,0,0,0,0,0,0,0
2,0,0,0,0,0,0,0,0,0,0,0,0,0,0,0,0,0,0,0,0,0,0,0,0,0,0,0,0,0,0,0,0,0,0,0,0,0,0,0,0,0,0,0,0,0,0,0,0,0,0,0,0,0,0,0,0,0,0,0,0,0,0,0,0,0,0,0,0,0,0,0,0,0,0,0,0,0,0,0,0,0,0,0,0,0,0,0,0,0,0,0,0,0,0,0,0,0,0,0,0,0,0,0,0,0,0,0,0,0,0,0,0,0,0,0,0,0,0,0,0,0,0,0,0,0,0,0,0,0,0,0,0,0,0,0,0,0,0,0,0,0,0,0,0,0,0,0,14,100,191,210,186,100,96,0,0,0,0,0,0,0,0,0,0,0,0,0,0,0,0,0,0,0,0,0,197,253,253,253,253,253,253,176,44,0,0,0,0,0,0,0,0,0,0,0,0,0,0,0,0,0,0,0,182,253,253,253,253,253,253,253,176,0,0,0,0,0,0,0,0,0,0,0,0,0,0,0,0,0,0,0,31,155,180,165,165,165,246,253,237,65,0,0,0,0,0,0,0,0,0,0,0,0,0,0,0,0,0,0,0,6,4,0,0,0,174,249,253,147,5,0,0,0,0,0,0,0,0,0,0,0,0,0,0,0,0,0,0,0,0,0,0,0,0,135,253,253,111,0,0,0,0,0,0,0,0,0,0,0,0,0,0,0,0,0,0,0,0,0,0,0,0,79,253,253,77,0,0,0,0,0,0,0,0,0,0,0,0,0,0,0,0,0,0,0,0,0,0,0,0,155,253,253,0,0,0,0,0,0,0,0,0,0,0,0,0,0,0,0,0,0,0,0,0,0,0,0,2,168,254,254,0,0,0,0,0,0,0,0,0,0,0,0,0,0,0,0,0,0,9,67,158,177,153,67,124,253,253,253,0,0,0,0,0,0,0,0,0,0,0,0,0,0,0,0,0,0,77,253,253,253,253,253,253,253,253,253,148,100,100,100,100,100,100,100,70,0,0,0,0,0,0,0,0,0,134,253,253,253,253,253,253,253,253,253,255,253,253,253,253,253,253,253,250,51,0,0,0,0,0,0,0,0,34,253,253,253,253,253,253,253,253,253,254,253,253,253,253,253,253,253,253,157,0,0,0,0,0,0,0,0,34,253,253,253,253,253,253,199,131,55,165,165,165,165,165,165,165,165,83,7,0,0,0,0,0,0,0,0,18,212,253,253,253,245,189,52,0,0,0,0,0,0,0,0,0,0,0,0,0,0,0,0,0,0,0,0,0,26,190,209,136,22,0,0,0,0,0,0,0,0,0,0,0,0,0,0,0,0,0,0,0,0,0,0,0,0,0,0,0,0,0,0,0,0,0,0,0,0,0,0,0,0,0,0,0,0,0,0,0,0,0,0,0,0,0,0,0,0,0,0,0,0,0,0,0,0,0,0,0,0,0,0,0,0,0,0,0,0,0,0,0,0,0,0,0,0,0,0,0,0,0,0,0,0,0,0,0,0,0,0,0,0,0,0,0,0,0,0,0,0,0,0,0,0,0,0,0,0,0,0,0,0,0,0,0,0,0,0,0,0,0,0,0,0,0,0,0,0,0,0,0,0,0,0,0,0,0,0,0,0,0,0,0,0,0,0,0,0,0,0,0,0,0,0,0,0,0,0,0,0,0,0,0,0,0,0,0,0,0,0,0,0,0,0,0,0,0,0,0,0,0,0,0,0,0,0,0,0,0,0,0,0,0,0,0,0,0,0,0,0,0,0,0
1,0,0,0,0,0,0,0,0,0,0,0,0,0,0,0,0,0,0,0,0,0,0,0,0,0,0,0,0,0,0,0,0,0,0,0,0,0,0,0,0,0,0,0,0,0,0,0,0,0,0,0,0,0,0,0,0,0,0,0,0,0,0,0,0,0,0,0,0,0,0,0,0,0,0,0,0,0,0,0,0,0,0,0,0,0,0,0,0,0,0,0,0,0,0,0,0,0,0,0,0,0,0,0,0,0,0,0,0,0,0,0,0,0,0,0,0,0,0,0,0,0,0,0,0,0,0,0,0,0,0,0,0,0,0,0,0,0,0,0,0,0,0,0,0,0,0,0,0,0,0,0,0,0,0,32,234,212,0,0,0,0,0,0,0,0,0,0,0,0,0,0,0,0,0,0,0,0,0,0,0,0,0,115,254,253,0,0,0,0,0,0,0,0,0,0,0,0,0,0,0,0,0,0,0,0,0,0,0,0,27,223,255,129,0,0,0,0,0,0,0,0,0,0,0,0,0,0,0,0,0,0,0,0,0,0,0,0,161,253,254,109,0,0,0,0,0,0,0,0,0,0,0,0,0,0,0,0,0,0,0,0,0,0,0,53,254,253,249,31,0,0,0,0,0,0,0,0,0,0,0,0,0,0,0,0,0,0,0,0,0,0,0,52,191,253,197,0,0,0,0,0,0,0,0,0,0,0,0,0,0,0,0,0,0,0,0,0,0,0,0,0,37,254,145,0,0,0,0,0,0,0,0,0,0,0,0,0,0,0,0,0,0,0,0,0,0,0,0,0,99,253,145,0,0,0,0,0,0,0,0,0,0,0,0,0,0,0,0,0,0,0,0,0,0,0,0,0,161,254,94,0,0,0,0,0,0,0,0,0,0,0,0,0,0,0,0,0,0,0,0,0,0,0,0,0,181,253,73,0,0,0,0,0,0,0,0,0,0,0,0,0,0,0,0,0,0,0,0,0,0,0,0,0,182,254,73,0,0,0,0,0,0,0,0,0,0,0,0,0,0,0,0,0,0,0,0,0,0,0,0,0,244,253,11,0,0,0,0,0,0,0,0,0,0,0,0,0,0,0,0,0,0,0,0,0,0,0,0,0,255,254,0,0,0,0,0,0,0,0,0,0,0,0,0,0,0,0,0,0,0,0,0,0,0,0,0,0,254,211,0,0,0,0,0,0,0,0,0,0,0,0,0,0,0,0,0,0,0,0,0,0,0,0,0,0,255,223,0,0,0,0,0,0,0,0,0,0,0,0,0,0,0,0,0,0,0,0,0,0,0,0,0,0,254,180,0,0,0,0,0,0,0,0,0,0,0,0,0,0,0,0,0,0,0,0,0,0,0,0,0,63,255,181,0,0,0,0,0,0,0,0,0,0,0,0,0,0,0,0,0,0,0,0,0,0,0,0,0,0,254,180,0,0,0,0,0,0,0,0,0,0,0,0,0,0,0,0,0,0,0,0,0,0,0,0,0,73,255,181,0,0,0,0,0,0,0,0,0,0,0,0,0,0,0,0,0,0,0,0,0,0,0,0,0,11,212,119,0,0,0,0,0,0,0,0,0,0,0,0,0,0,0,0,0,0,0,0,0,0,0,0,0,0,0,0,0,0,0,0,0,0,0,0,0,0,0,0,0,0,0,0,0,0,0,0,0,0,0,0,0,0,0,0,0,0,0,0,0,0,0,0,0,0,0,0,0,0,0,0,0,0,0,0,0,0,0,0,0,0,0,0,0,0,0,0,0,0,0,0,0,0,0,0,0
8,0,0,0,0,0,0,0,0,0,0,0,0,0,0,0,0,0,0,0,0,0,0,0,0,0,0,0,0,0,0,0,0,0,0,0,0,0,0,0,0,0,0,0,0,0,0,0,0,0,0,0,0,0,0,0,0,0,0,0,0,0,0,0,0,0,0,0,0,0,0,0,0,0,0,0,0,0,0,0,0,0,0,0,0,0,0,0,0,0,0,0,0,0,0,0,0,0,0,0,0,0,0,0,0,0,0,0,0,0,0,0,0,0,0,0,0,0,0,0,0,0,0,0,0,0,0,0,0,0,0,0,0,0,0,0,0,0,0,0,0,0,0,0,0,0,0,0,0,0,0,0,0,91,254,183,122,70,0,0,0,0,0,0,0,0,0,0,0,0,0,0,0,0,0,0,0,0,0,23,199,249,253,253,254,248,241,128,23,0,0,0,0,0,0,0,0,0,0,0,0,0,0,0,0,0,25,198,253,253,248,159,160,159,194,253,197,25,0,0,0,0,0,0,0,0,0,0,0,0,0,0,0,0,110,253,253,245,93,0,0,0,15,220,253,196,26,0,0,0,0,0,0,0,0,0,0,0,0,0,0,22,215,253,186,47,0,0,0,0,75,245,253,239,59,0,0,0,0,0,0,0,0,0,0,0,0,0,0,109,253,242,63,0,0,0,0,0,123,253,105,52,0,0,0,0,0,0,0,0,0,0,0,0,0,0,0,214,253,199,0,0,0,0,0,96,245,219,45,0,0,0,0,0,0,0,0,0,0,0,0,0,0,0,0,214,253,205,27,13,27,27,91,249,194,15,0,0,0,0,0,0,0,0,0,0,0,0,0,0,0,0,0,132,250,253,253,197,253,253,254,253,82,0,0,0,0,0,0,0,0,0,0,0,0,0,0,0,0,0,0,0,95,147,253,253,253,253,254,253,97,0,0,0,0,0,0,0,0,0,0,0,0,0,0,0,0,0,0,0,0,26,213,254,184,64,0,178,254,104,0,0,0,0,0,0,0,0,0,0,0,0,0,0,0,0,0,0,29,138,253,228,6,0,0,6,172,249,50,0,0,0,0,0,0,0,0,0,0,0,0,0,0,0,0,0,117,253,167,23,0,0,0,0,94,253,53,0,0,0,0,0,0,0,0,0,0,0,0,0,0,0,0,26,217,208,13,0,0,0,0,0,94,253,53,0,0,0,0,0,0,0,0,0,0,0,0,0,0,0,0,17,176,199,0,0,0,0,0,0,45,233,158,0,0,0,0,0,0,0,0,0,0,0,0,0,0,0,0,0,53,225,88,0,0,0,0,0,123,253,186,0,0,0,0,0,0,0,0,0,0,0,0,0,0,0,0,0,0,166,241,85,0,0,0,96,245,198,59,0,0,0,0,0,0,0,0,0,0,0,0,0,0,0,0,0,0,20,189,243,161,161,161,249,243,84,0,0,0,0,0,0,0,0,0,0,0,0,0,0,0,0,0,0,0,0,17,192,246,253,255,247,81,0,0,0,0,0,0,0,0,0,0,0,0,0,0,0,0,0,0,0,0,0,0,13,57,120,191,69,0,0,0,0,0,0,0,0,0,0,0,0,0,0,0,0,0,0,0,0,0,0,0,0,0,0,0,0,0,0,0,0,0,0,0,0,0,0,0,0,0,0,0,0,0,0,0,0,0,0,0,0,0,0,0,0,0,0,0,0,0,0,0,0,0,0,0,0,0,0,0,0,0,0,0,0,0,0,0,0,0,0,0,0,0,0,0,0,0,0,0,0,0,0,0
1,0,0,0,0,0,0,0,0,0,0,0,0,0,0,0,0,0,0,0,0,0,0,0,0,0,0,0,0,0,0,0,0,0,0,0,0,0,0,0,0,0,0,0,0,0,0,0,0,0,0,0,0,0,0,0,0,0,0,0,0,0,0,0,0,0,0,0,0,0,0,0,0,0,0,0,0,0,0,0,0,0,0,0,0,0,0,0,0,0,0,0,0,0,0,0,0,0,0,0,0,0,0,0,0,0,0,0,0,0,0,0,0,0,0,0,0,0,0,0,0,0,0,0,0,0,0,0,99,253,63,0,0,0,0,0,0,0,0,0,0,0,0,0,0,0,0,0,0,0,0,0,0,0,0,187,242,252,144,0,0,0,0,0,0,0,0,0,0,0,0,0,0,0,0,0,0,0,0,0,0,0,0,217,252,252,144,0,0,0,0,0,0,0,0,0,0,0,0,0,0,0,0,0,0,0,0,0,0,0,1,217,252,252,144,0,0,0,0,0,0,0,0,0,0,0,0,0,0,0,0,0,0,0,0,0,0,0,109,252,252,189,0,0,0,0,0,0,0,0,0,0,0,0,0,0,0,0,0,0,0,0,0,0,0,0,233,252,220,15,0,0,0,0,0,0,0,0,0,0,0,0,0,0,0,0,0,0,0,0,0,0,0,105,253,252,215,0,0,0,0,0,0,0,0,0,0,0,0,0,0,0,0,0,0,0,0,0,0,0,0,144,253,252,215,0,0,0,0,0,0,0,0,0,0,0,0,0,0,0,0,0,0,0,0,0,0,0,0,145,255,253,217,0,0,0,0,0,0,0,0,0,0,0,0,0,0,0,0,0,0,0,0,0,0,0,11,175,253,252,91,0,0,0,0,0,0,0,0,0,0,0,0,0,0,0,0,0,0,0,0,0,0,0,37,252,253,252,71,0,0,0,0,0,0,0,0,0,0,0,0,0,0,0,0,0,0,0,0,0,0,0,37,252,253,252,71,0,0,0,0,0,0,0,0,0,0,0,0,0,0,0,0,0,0,0,0,0,0,0,21,207,255,253,72,0,0,0,0,0,0,0,0,0,0,0,0,0,0,0,0,0,0,0,0,0,0,0,0,144,253,252,71,0,0,0,0,0,0,0,0,0,0,0,0,0,0,0,0,0,0,0,0,0,0,0,0,144,253,252,71,0,0,0,0,0,0,0,0,0,0,0,0,0,0,0,0,0,0,0,0,0,0,0,0,144,253,252,71,0,0,0,0,0,0,0,0,0,0,0,0,0,0,0,0,0,0,0,0,0,0,0,0,145,255,253,133,0,0,0,0,0,0,0,0,0,0,0,0,0,0,0,0,0,0,0,0,0,0,0,0,104,253,252,247,134,42,0,0,0,0,0,0,0,0,0,0,0,0,0,0,0,0,0,0,0,0,0,0,0,133,247,252,252,144,0,0,0,0,0,0,0,0,0,0,0,0,0,0,0,0,0,0,0,0,0,0,0,0,93,128,252,144,0,0,0,0,0,0,0,0,0,0,0,0,0,0,0,0,0,0,0,0,0,0,0,0,0,0,0,0,0,0,0,0,0,0,0,0,0,0,0,0,0,0,0,0,0,0,0,0,0,0,0,0,0,0,0,0,0,0,0,0,0,0,0,0,0,0,0,0,0,0,0,0,0,0,0,0,0,0,0,0,0,0,0,0,0,0,0,0,0,0,0,0,0,0,0,0,0,0,0,0,0,0,0,0,0,0,0,0,0,0,0,0,0,0,0,0,0,0,0,0,0,0
1,0,0,0,0,0,0,0,0,0,0,0,0,0,0,0,0,0,0,0,0,0,0,0,0,0,0,0,0,0,0,0,0,0,0,0,0,0,0,0,0,0,0,0,0,0,0,0,0,0,0,0,0,0,0,0,0,0,0,0,0,0,0,0,0,0,0,0,0,0,0,0,0,0,0,0,0,0,0,0,0,0,0,0,0,0,0,0,0,0,0,0,0,0,0,0,0,0,0,0,0,0,0,0,0,0,0,0,0,0,0,0,0,0,0,0,0,0,0,0,0,0,0,0,0,0,0,0,0,0,0,0,0,0,0,0,0,0,0,0,0,0,0,0,0,0,0,0,0,0,0,0,0,26,207,253,141,0,0,0,0,0,0,0,0,0,0,0,0,0,0,0,0,0,0,0,0,0,0,0,0,57,252,252,140,0,0,0,0,0,0,0,0,0,0,0,0,0,0,0,0,0,0,0,0,0,0,0,0,44,233,252,140,0,0,0,0,0,0,0,0,0,0,0,0,0,0,0,0,0,0,0,0,0,0,0,0,0,169,252,140,0,0,0,0,0,0,0,0,0,0,0,0,0,0,0,0,0,0,0,0,0,0,0,0,0,169,252,140,0,0,0,0,0,0,0,0,0,0,0,0,0,0,0,0,0,0,0,0,0,0,0,0,0,169,253,255,27,0,0,0,0,0,0,0,0,0,0,0,0,0,0,0,0,0,0,0,0,0,0,0,0,122,252,253,74,0,0,0,0,0,0,0,0,0,0,0,0,0,0,0,0,0,0,0,0,0,0,0,0,29,252,253,136,0,0,0,0,0,0,0,0,0,0,0,0,0,0,0,0,0,0,0,0,0,0,0,0,29,252,253,27,0,0,0,0,0,0,0,0,0,0,0,0,0,0,0,0,0,0,0,0,0,0,0,0,29,252,253,27,0,0,0,0,0,0,0,0,0,0,0,0,0,0,0,0,0,0,0,0,0,0,0,0,29,253,255,27,0,0,0,0,0,0,0,0,0,0,0,0,0,0,0,0,0,0,0,0,0,0,0,0,29,252,253,74,0,0,0,0,0,0,0,0,0,0,0,0,0,0,0,0,0,0,0,0,0,0,0,0,60,252,253,167,0,0,0,0,0,0,0,0,0,0,0,0,0,0,0,0,0,0,0,0,0,0,0,0,169,252,253,74,0,0,0,0,0,0,0,0,0,0,0,0,0,0,0,0,0,0,0,0,0,0,0,0,169,252,253,27,0,0,0,0,0,0,0,0,0,0,0,0,0,0,0,0,0,0,0,0,0,0,0,0,108,253,255,27,0,0,0,0,0,0,0,0,0,0,0,0,0,0,0,0,0,0,0,0,0,0,0,0,76,252,253,27,0,0,0,0,0,0,0,0,0,0,0,0,0,0,0,0,0,0,0,0,0,0,0,0,169,252,228,21,0,0,0,0,0,0,0,0,0,0,0,0,0,0,0,0,0,0,0,0,0,0,0,0,169,252,140,0,0,0,0,0,0,0,0,0,0,0,0,0,0,0,0,0,0,0,0,0,0,0,0,0,169,252,63,0,0,0,0,0,0,0,0,0,0,0,0,0,0,0,0,0,0,0,0,0,0,0,0,0,0,0,0,0,0,0,0,0,0,0,0,0,0,0,0,0,0,0,0,0,0,0,0,0,0,0,0,0,0,0,0,0,0,0,0,0,0,0,0,0,0,0,0,0,0,0,0,0,0,0,0,0,0,0,0,0,0,0,0,0,0,0,0,0,0,0,0,0,0,0,0
3,0,0,0,0,0,0,0,0,0,0,0,0,0,0,0,0,0,0,0,0,0,0,0,0,0,0,0,0,0,0,0,0,0,0,0,0,0,0,0,0,0,0,0,0,0,0,0,0,0,0,0,0,0,0,0,0,0,0,0,0,0,0,0,0,0,0,0,0,0,0,0,0,0,0,0,0,0,0,0,0,0,0,0,0,0,0,0,0,0,0,0,0,0,0,0,0,0,0,0,0,0,0,0,0,0,0,0,0,0,0,0,0,0,0,0,0,0,0,0,0,0,0,0,0,36,79,210,210,183,130,0,0,0,0,0,0,0,0,0,0,0,0,0,0,0,0,0,0,0,0,0,128,243,254,253,253,253,227,0,0,0,0,0,0,0,0,0,0,0,0,0,0,0,0,0,0,0,0,0,155,232,65,21,21,176,253,107,0,0,0,0,0,0,0,0,0,0,0,0,0,0,0,0,0,0,0,0,0,0,0,0,0,169,253,185,0,0,0,0,0,0,0,0,0,0,0,0,0,0,0,0,0,0,0,0,0,0,0,0,0,169,253,62,0,0,0,0,0,0,0,0,0,0,0,0,0,0,0,0,0,0,0,0,0,0,0,0,102,254,192,0,0,0,0,0,0,0,0,0,0,0,0,0,0,0,0,0,0,0,0,0,0,0,0,29,240,232,54,0,0,0,0,0,0,0,0,0,0,0,0,0,0,0,0,0,0,0,0,0,0,0,18,14,235,129,0,0,0,0,0,0,0,0,0,0,0,0,0,0,0,0,0,0,0,0,0,0,43,109,240,198,238,22,0,0,0,0,0,0,0,0,0,0,0,0,0,0,0,0,0,0,0,0,0,195,240,253,254,253,253,84,45,0,0,0,0,0,0,0,0,0,0,0,0,0,0,0,0,0,0,0,0,216,255,237,213,212,251,183,130,81,0,0,0,0,0,0,0,0,0,0,0,0,0,0,0,0,0,0,0,32,63,37,0,0,58,133,213,226,21,0,0,0,0,0,0,0,0,0,0,0,0,0,0,0,0,0,0,0,0,0,0,0,0,0,203,42,37,0,0,0,0,0,0,0,0,0,0,0,0,0,0,0,0,0,0,0,0,0,0,0,0,0,177,184,108,0,0,0,0,0,0,0,0,0,0,0,0,0,0,0,0,0,0,0,0,0,0,0,0,54,247,237,37,0,0,0,0,0,0,0,0,0,0,0,0,0,0,0,0,0,0,0,0,0,0,0,9,134,237,133,0,0,0,0,0,0,0,0,0,0,0,0,0,0,0,0,0,0,0,0,0,0,0,29,166,134,218,0,0,0,0,0,0,0,0,0,0,0,0,0,0,0,11,198,101,22,22,13,128,128,172,214,250,120,57,0,0,0,0,0,0,0,0,0,0,0,0,0,0,0,8,197,253,254,253,139,253,253,244,190,86,0,0,0,0,0,0,0,0,0,0,0,0,0,0,0,0,0,0,28,42,166,253,253,253,165,80,0,0,0,0,0,0,0,0,0,0,0,0,0,0,0,0,0,0,0,0,0,0,0,0,0,0,0,0,0,0,0,0,0,0,0,0,0,0,0,0,0,0,0,0,0,0,0,0,0,0,0,0,0,0,0,0,0,0,0,0,0,0,0,0,0,0,0,0,0,0,0,0,0,0,0,0,0,0,0,0,0,0,0,0,0,0,0,0,0,0,0,0,0,0,0,0,0,0,0,0,0,0,0,0,0,0,0,0,0,0,0,0,0,0,0,0,0,0,0,0,0,0,0,0,0,0
2,0,0,0,0,0,0,0,0,0,0,0,0,0,0,0,0,0,0,0,0,0,0,0,0,0,0,0,0,0,0,0,0,0,0,0,0,0,0,0,0,0,0,0,0,0,0,0,0,0,0,0,0,0,0,0,0,0,0,0,0,0,0,0,0,0,0,0,0,0,0,0,0,0,0,0,0,0,0,0,0,0,0,0,0,0,0,0,0,0,0,0,0,0,0,0,0,0,0,0,0,0,0,0,0,0,0,0,0,0,0,0,0,0,0,0,0,0,0,0,0,0,0,0,0,0,62,102,41,0,0,0,0,0,0,0,0,0,0,0,0,0,0,0,0,0,0,0,0,0,0,0,0,123,214,253,254,253,152,51,0,0,0,0,0,0,0,0,0,0,0,0,0,0,0,0,0,0,0,0,123,243,253,252,253,252,253,232,0,0,0,0,0,0,0,0,0,0,0,0,0,0,0,0,0,0,11,132,254,253,254,233,142,203,254,253,102,0,0,0,0,0,0,0,0,0,0,0,0,0,0,0,0,0,51,252,253,252,91,30,0,102,253,252,102,0,0,0,0,0,0,0,0,0,0,0,0,0,0,0,0,0,21,142,102,20,0,0,0,102,254,253,102,0,0,0,0,0,0,0,0,0,0,0,0,0,0,0,0,0,0,0,0,0,0,0,0,142,253,252,102,0,0,0,0,0,0,0,0,0,0,0,0,0,0,0,0,0,0,0,0,0,0,0,51,253,254,233,0,0,0,0,0,0,0,0,0,0,0,0,0,0,0,0,0,0,0,0,0,0,0,0,173,252,253,111,0,0,0,0,0,0,0,0,0,0,0,0,0,0,0,0,0,0,0,0,0,0,0,123,254,253,244,40,0,0,0,0,0,0,0,0,0,0,0,0,0,0,0,0,0,0,0,0,0,0,82,243,253,252,40,0,0,0,0,0,0,0,0,0,0,0,0,0,0,0,0,0,31,51,21,0,11,132,254,253,224,61,0,0,0,0,0,0,0,0,0,0,0,0,0,0,0,0,21,183,233,252,223,203,173,252,253,212,40,0,0,0,0,0,0,0,0,0,0,0,0,0,0,0,0,0,214,253,254,253,254,253,254,253,234,51,0,0,0,0,0,0,31,132,152,233,0,0,0,0,0,0,0,0,253,252,253,252,253,252,253,252,253,232,183,102,102,102,163,203,233,252,233,111,0,0,0,0,0,0,0,0,234,253,255,253,244,203,203,243,254,253,254,253,254,253,254,253,244,162,0,0,0,0,0,0,0,0,0,0,30,91,131,50,40,0,0,40,71,151,213,252,253,171,131,50,40,0,0,0,0,0,0,0,0,0,0,0,0,0,0,0,0,0,0,0,0,0,0,0,0,0,0,0,0,0,0,0,0,0,0,0,0,0,0,0,0,0,0,0,0,0,0,0,0,0,0,0,0,0,0,0,0,0,0,0,0,0,0,0,0,0,0,0,0,0,0,0,0,0,0,0,0,0,0,0,0,0,0,0,0,0,0,0,0,0,0,0,0,0,0,0,0,0,0,0,0,0,0,0,0,0,0,0,0,0,0,0,0,0,0,0,0,0,0,0,0,0,0,0,0,0,0,0,0,0,0,0,0,0,0,0,0,0,0,0,0,0,0,0,0,0,0,0,0,0,0,0,0,0,0,0,0,0,0,0,0,0,0,0,0,0,0,0,0,0,0,0,0,0,0,0,0,0,0,0,0,0,0,0,0,0,0,0,0,0,0,0,0,0,0,0,0,0,0,0,0,0,0
7,0,0,0,0,0,0,0,0,0,0,0,0,0,0,0,0,0,0,0,0,0,0,0,0,0,0,0,0,0,0,0,0,0,0,0,0,0,0,0,0,0,0,0,0,0,0,0,0,0,0,0,0,0,0,0,0,0,0,0,0,0,0,0,0,0,0,0,0,0,0,0,0,0,0,0,0,0,0,0,0,0,0,0,0,0,0,0,0,0,0,0,0,0,0,0,0,0,0,0,0,0,0,0,0,0,0,0,0,0,0,0,0,0,0,0,0,0,0,0,0,0,0,0,0,0,0,0,0,0,0,0,0,0,0,0,0,0,0,0,0,0,0,0,0,0,0,0,0,0,0,0,0,0,0,0,0,0,0,0,0,0,0,0,0,0,0,0,0,0,0,0,0,0,0,0,0,0,0,0,0,0,0,0,0,0,0,0,0,0,0,0,0,0,0,0,0,0,0,0,0,5,87,252,252,252,252,252,252,252,255,252,252,252,252,252,252,252,252,21,0,0,0,0,0,0,0,0,5,84,250,250,250,250,250,250,250,250,252,250,250,250,250,250,250,250,250,63,0,0,0,0,0,0,0,0,87,250,250,250,250,250,250,250,250,250,252,250,250,250,250,250,250,250,250,250,0,0,0,0,0,0,0,0,252,250,250,250,250,250,250,250,250,250,252,250,250,250,250,250,250,250,250,250,0,0,0,0,0,0,0,0,252,250,250,250,250,250,250,250,250,250,252,250,250,250,250,250,250,250,250,145,0,0,0,0,0,0,0,0,252,250,250,250,250,174,113,113,113,113,114,113,113,163,250,250,250,250,250,21,0,0,0,0,0,0,0,0,252,250,250,191,90,41,0,0,0,0,0,0,0,92,250,250,250,250,250,21,0,0,0,0,0,0,0,0,252,250,199,43,0,0,0,0,0,0,0,0,0,92,250,250,250,250,250,21,0,0,0,0,0,0,0,0,45,44,32,0,0,0,0,0,0,0,0,0,57,222,250,250,250,250,80,4,0,0,0,0,0,0,0,0,0,0,0,0,0,0,0,0,0,0,0,0,69,250,250,250,250,250,44,0,0,0,0,0,0,0,0,0,0,0,0,0,0,0,0,0,0,0,0,0,70,252,252,252,252,252,45,0,0,0,0,0,0,0,0,0,0,0,0,0,0,0,0,0,0,0,0,0,69,250,250,250,250,250,44,0,0,0,0,0,0,0,0,0,0,0,0,0,0,0,0,0,0,0,0,13,119,250,250,250,250,250,44,0,0,0,0,0,0,0,0,0,0,0,0,0,0,0,0,0,0,0,0,46,250,250,250,250,250,250,44,0,0,0,0,0,0,0,0,0,0,0,0,0,0,0,0,0,0,0,11,139,250,250,250,250,250,250,44,0,0,0,0,0,0,0,0,0,0,0,0,0,0,0,0,0,0,0,23,250,250,250,250,250,250,149,20,0,0,0,0,0,0,0,0,0,0,0,0,0,0,0,0,0,0,0,23,250,250,250,250,250,250,67,0,0,0,0,0,0,0,0,0,0,0,0,0,0,0,0,0,0,0,0,23,250,250,250,250,250,250,67,0,0,0,0,0,0,0,0,0,0,0,0,0,0,0,0,0,0,0,0,23,250,250,250,250,250,118,12,0,0,0,0,0,0,0,0,0,0,0,0,0,0,0,0,0,0,0,0,2,63,250,250,250,250,90,0,0,0,0,0,0,0,0,0,0,0,0,0,0,0,0,0,0,0,0,0,0,0,0,0,0,0,0,0,0,0,0,0,0,0,0
3,0,0,0,0,0,0,0,0,0,0,0,0,0,0,0,0,0,0,0,0,0,0,0,0,0,0,0,0,0,0,0,0,0,0,0,0,0,0,0,0,0,0,0,0,0,0,0,0,0,0,0,0,0,0,0,0,0,0,0,0,0,0,0,0,0,0,0,0,0,0,0,0,0,0,0,0,0,0,0,0,0,0,0,0,0,0,0,0,0,0,0,0,0,0,0,0,0,0,0,0,0,0,0,0,0,0,0,0,0,0,0,0,0,0,0,0,0,0,0,0,46,120,195,159,159,153,63,5,0,0,0,0,0,0,0,0,0,0,0,0,0,0,0,0,0,0,0,117,245,227,226,226,231,254,254,224,106,10,0,0,0,0,0,0,0,0,0,0,0,0,0,0,0,0,0,145,156,3,0,0,13,67,132,248,254,183,9,0,0,0,0,0,0,0,0,0,0,0,0,0,0,0,0,2,2,0,0,0,0,0,0,21,201,254,140,0,0,0,0,0,0,0,0,0,0,0,0,0,0,0,0,0,0,0,0,0,0,0,0,0,24,254,216,0,0,0,0,0,0,0,0,0,0,0,0,0,0,0,0,0,0,0,0,0,0,0,0,0,80,254,183,0,0,0,0,0,0,0,0,0,0,0,0,0,0,0,0,0,0,0,0,0,0,0,0,30,210,254,100,0,0,0,0,0,0,0,0,0,0,0,0,0,0,0,0,0,0,0,0,0,0,0,14,185,254,187,4,0,0,0,0,0,0,0,0,0,0,0,0,0,0,0,0,0,0,0,0,0,0,73,230,254,180,26,0,0,0,0,0,0,0,0,0,0,0,0,0,0,0,0,0,0,0,0,4,80,163,252,254,175,28,0,0,0,0,0,0,0,0,0,0,0,0,0,0,0,0,0,0,0,0,0,93,254,254,254,254,212,71,0,0,0,0,0,0,0,0,0,0,0,0,0,0,0,0,0,0,0,0,0,7,113,87,82,111,249,251,88,0,0,0,0,0,0,0,0,0,0,0,0,0,0,0,0,0,0,0,0,0,0,0,0,0,71,226,222,30,0,0,0,0,0,0,0,0,0,0,0,0,0,0,0,0,0,0,0,0,0,0,0,0,0,127,254,160,0,0,0,0,0,0,0,0,0,0,0,0,0,0,0,0,0,0,0,0,0,0,0,0,0,107,254,216,0,0,0,0,0,0,0,0,0,0,0,0,0,0,0,0,0,47,108,0,0,0,0,0,0,107,254,216,0,0,0,0,0,0,0,0,0,0,0,0,0,0,0,0,0,87,202,1,0,0,0,0,20,201,254,176,0,0,0,0,0,0,0,0,0,0,0,0,0,0,0,0,0,31,161,130,0,0,0,21,207,254,208,9,0,0,0,0,0,0,0,0,0,0,0,0,0,0,0,0,0,0,47,247,226,226,190,235,255,200,53,0,0,0,0,0,0,0,0,0,0,0,0,0,0,0,0,0,0,0,0,96,158,249,254,254,148,37,0,0,0,0,0,0,0,0,0,0,0,0,0,0,0,0,0,0,0,0,0,0,0,0,0,0,0,0,0,0,0,0,0,0,0,0,0,0,0,0,0,0,0,0,0,0,0,0,0,0,0,0,0,0,0,0,0,0,0,0,0,0,0,0,0,0,0,0,0,0,0,0,0,0,0,0,0,0,0,0,0,0,0,0,0,0,0,0,0,0,0,0,0,0,0,0,0,0,0,0,0,0,0,0,0,0,0,0,0,0,0,0,0,0,0,0,0,0,0,0,0,0,0
0,0,0,0,0,0,0,0,0,0,0,0,0,0,0,0,0,0,0,0,0,0,0,0,0,0,0,0,0,0,0,0,0,0,0,0,0,0,0,0,0,0,0,0,0,0,0,0,0,0,0,0,0,0,0,0,0,0,0,0,0,0,0,0,0,0,0,0,0,0,0,0,0,0,0,0,0,0,0,0,0,0,0,0,0,0,0,0,0,0,0,0,0,0,0,0,0,0,0,0,0,0,0,0,0,0,0,0,0,0,0,0,0,0,0,0,0,0,0,0,0,0,0,188,254,254,254,183,0,0,0,0,0,0,0,0,0,0,0,0,0,0,0,0,0,0,0,0,0,35,213,250,253,253,253,253,242,184,11,0,0,0,0,0,0,0,0,0,0,0,0,0,0,0,0,0,0,81,253,253,253,253,253,253,254,253,181,15,0,0,0,0,0,0,0,0,0,0,0,0,0,0,0,0,0,81,253,253,253,253,253,253,254,253,253,220,87,0,0,0,0,0,0,0,0,0,0,0,0,0,0,0,0,81,253,253,253,253,253,253,254,253,253,253,239,172,21,0,0,0,0,0,0,0,0,0,0,0,0,0,20,188,253,253,245,234,253,253,201,222,253,253,253,253,108,0,0,0,0,0,0,0,0,0,0,0,0,0,186,253,253,245,109,51,80,80,0,34,128,247,253,253,241,86,0,0,0,0,0,0,0,0,0,0,0,26,230,253,253,115,0,0,0,0,0,0,0,192,248,253,253,226,0,0,0,0,0,0,0,0,0,0,7,242,253,253,214,28,0,0,0,0,0,0,0,0,124,253,253,242,69,0,0,0,0,0,0,0,0,0,121,253,253,253,116,0,0,0,0,0,0,0,0,0,32,218,253,253,240,0,0,0,0,0,0,0,0,0,122,254,254,174,0,0,0,0,0,0,0,0,0,0,0,125,255,255,241,0,0,0,0,0,0,0,0,0,121,253,253,173,0,0,0,0,0,0,0,0,0,0,0,54,253,253,240,0,0,0,0,0,0,0,0,0,121,253,253,202,20,0,0,0,0,0,0,0,0,0,0,6,182,253,252,108,0,0,0,0,0,0,0,0,121,253,253,253,187,21,0,0,0,0,0,0,0,0,0,46,241,253,253,120,0,0,0,0,0,0,0,0,89,250,253,253,253,116,21,0,0,0,0,0,0,0,18,177,253,253,207,25,0,0,0,0,0,0,0,0,0,213,253,253,253,253,208,103,54,54,0,23,54,97,205,253,253,247,84,0,0,0,0,0,0,0,0,0,0,91,228,253,253,253,253,253,253,253,175,207,253,253,253,253,253,205,0,0,0,0,0,0,0,0,0,0,0,0,35,143,253,253,253,253,253,253,255,253,253,253,253,253,213,34,0,0,0,0,0,0,0,0,0,0,0,0,0,34,141,243,253,253,253,253,255,253,253,249,240,140,34,0,0,0,0,0,0,0,0,0,0,0,0,0,0,0,0,26,120,120,197,253,255,196,120,82,0,0,0,0,0,0,0,0,0,0,0,0,0,0,0,0,0,0,0,0,0,0,0,0,0,0,0,0,0,0,0,0,0,0,0,0,0,0,0,0,0,0,0,0,0,0,0,0,0,0,0,0,0,0,0,0,0,0,0,0,0,0,0,0,0,0,0,0,0,0,0,0,0,0,0,0,0,0,0,0,0,0,0,0,0,0,0,0,0,0,0,0,0,0,0,0,0,0,0,0,0,0,0,0,0,0,0,0,0,0,0,0,0,0,0,0,0,0,0,0,0
0,0,0,0,0,0,0,0,0,0,0,0,0,0,0,0,0,0,0,0,0,0,0,0,0,0,0,0,0,0,0,0,0,0,0,0,0,0,0,0,0,0,0,0,0,0,0,0,0,0,0,0,0,0,0,0,0,0,0,0,0,0,0,0,0,0,0,0,0,0,0,0,0,0,0,0,0,0,0,0,0,0,0,0,0,0,0,0,0,0,0,0,0,0,0,0,0,0,0,0,0,0,0,0,0,0,0,0,0,0,0,0,0,0,0,0,0,0,0,0,0,0,0,0,0,0,0,0,0,63,16,254,29,0,0,0,0,0,0,0,0,0,0,0,0,0,0,0,0,0,0,0,0,0,0,0,123,235,124,182,65,53,0,0,0,0,0,0,0,0,0,0,0,0,0,0,0,0,0,0,0,0,3,104,254,253,253,253,253,243,86,1,0,0,0,0,0,0,0,0,0,0,0,0,0,0,0,0,0,0,117,253,254,253,253,253,253,253,253,14,0,0,0,0,0,0,0,0,0,0,0,0,0,0,0,0,0,125,246,253,254,253,195,100,200,253,253,146,0,0,0,0,0,0,0,0,0,0,0,0,0,0,0,4,110,249,253,253,242,100,26,0,75,253,253,57,0,0,0,0,0,0,0,0,0,0,0,0,0,0,0,110,253,253,253,253,71,0,0,0,75,253,253,14,0,0,0,0,0,0,0,0,0,0,0,0,0,0,80,206,253,253,253,112,0,0,0,0,128,253,205,9,0,0,0,0,0,0,0,0,0,0,0,0,0,0,224,253,253,253,245,86,0,0,0,22,230,253,119,0,0,0,0,0,0,0,0,0,0,0,0,0,0,72,241,253,253,253,208,0,0,0,9,198,253,235,49,0,0,0,0,0,0,0,0,0,0,0,0,0,7,176,254,254,254,217,35,0,0,0,165,254,254,162,0,0,0,0,0,0,0,0,0,0,0,0,0,0,15,253,253,253,221,125,0,0,0,86,238,253,191,13,0,0,0,0,0,0,0,0,0,0,0,0,0,0,113,253,253,233,42,0,0,0,0,209,253,253,169,0,0,0,0,0,0,0,0,0,0,0,0,0,0,0,164,253,253,223,0,0,0,0,50,230,253,196,16,0,0,0,0,0,0,0,0,0,0,0,0,0,0,0,164,253,253,223,0,0,0,0,238,253,240,16,0,0,0,0,0,0,0,0,0,0,0,0,0,0,0,0,164,253,253,223,0,0,6,119,255,253,220,0,0,0,0,0,0,0,0,0,0,0,0,0,0,0,0,0,164,253,253,223,0,128,156,253,254,141,42,0,0,0,0,0,0,0,0,0,0,0,0,0,0,0,0,0,112,253,253,251,239,252,253,253,217,29,0,0,0,0,0,0,0,0,0,0,0,0,0,0,0,0,0,0,4,129,248,253,253,253,253,226,35,0,0,0,0,0,0,0,0,0,0,0,0,0,0,0,0,0,0,0,0,0,136,253,253,112,104,43,0,0,0,0,0,0,0,0,0,0,0,0,0,0,0,0,0,0,0,0,0,0,0,0,0,0,0,0,0,0,0,0,0,0,0,0,0,0,0,0,0,0,0,0,0,0,0,0,0,0,0,0,0,0,0,0,0,0,0,0,0,0,0,0,0,0,0,0,0,0,0,0,0,0,0,0,0,0,0,0,0,0,0,0,0,0,0,0,0,0,0,0,0,0,0,0,0,0,0,0,0,0,0,0,0,0,0,0,0,0,0,0,0,0,0,0,0,0,0,0,0,0,0,0,0
4,0,0,0,0,0,0,0,0,0,0,0,0,0,0,0,0,0,0,0,0,0,0,0,0,0,0,0,0,0,0,0,0,0,0,0,0,0,0,0,0,0,0,0,0,0,0,0,0,0,0,0,0,0,0,0,0,0,0,0,0,0,0,0,0,0,0,0,0,0,0,0,0,0,0,0,0,0,0,0,0,0,0,0,0,0,0,0,0,0,0,0,0,0,0,0,0,0,0,0,0,0,0,0,0,0,0,0,0,0,0,0,0,0,0,0,0,0,0,0,0,0,0,0,0,0,0,0,0,0,0,0,0,0,0,0,0,0,0,0,0,0,0,0,0,0,0,0,0,0,0,0,64,0,0,0,0,0,130,225,38,0,0,0,0,0,0,0,0,0,0,0,0,0,0,0,0,0,95,240,246,114,0,0,0,77,249,252,79,0,0,0,0,0,0,0,0,0,0,0,0,0,0,0,0,98,244,252,190,12,0,0,0,51,233,252,128,0,0,0,0,0,0,0,0,0,0,0,0,0,0,0,57,242,252,243,72,0,0,0,0,0,200,252,212,0,0,0,0,0,0,0,0,0,0,0,0,0,0,22,186,252,252,120,0,0,0,0,0,0,200,252,212,0,0,0,0,0,0,0,0,0,0,0,0,0,0,81,252,252,222,24,0,0,0,0,0,60,238,252,212,0,0,0,0,0,0,0,0,0,0,0,0,0,0,102,252,252,191,0,0,0,0,0,0,81,252,252,212,0,0,0,0,0,0,0,0,0,0,0,0,0,0,213,252,252,93,0,0,0,0,0,0,81,252,252,212,0,0,0,0,0,0,0,0,0,0,0,0,0,0,135,252,252,214,5,0,0,0,0,0,157,252,252,212,0,0,0,0,0,0,0,0,0,0,0,0,0,0,81,252,252,252,176,56,0,0,0,0,213,252,252,141,0,0,0,0,0,0,0,0,0,0,0,0,0,0,43,228,253,253,253,253,253,255,197,169,253,253,253,142,0,0,0,0,0,0,0,0,0,0,0,0,0,0,0,10,190,252,252,252,252,253,252,252,252,252,252,212,0,0,0,0,0,0,0,0,0,0,0,0,0,0,0,0,19,118,168,252,252,253,252,252,252,252,252,212,0,0,0,0,0,0,0,0,0,0,0,0,0,0,0,0,0,0,5,117,172,173,172,201,252,252,252,100,0,0,0,0,0,0,0,0,0,0,0,0,0,0,0,0,0,0,0,0,0,0,0,94,252,252,238,58,0,0,0,0,0,0,0,0,0,0,0,0,0,0,0,0,0,0,0,0,0,0,0,192,252,252,170,0,0,0,0,0,0,0,0,0,0,0,0,0,0,0,0,0,0,0,0,0,0,0,0,226,252,252,66,0,0,0,0,0,0,0,0,0,0,0,0,0,0,0,0,0,0,0,0,0,0,0,0,226,252,252,66,0,0,0,0,0,0,0,0,0,0,0,0,0,0,0,0,0,0,0,0,0,0,0,0,226,252,213,28,0,0,0,0,0,0,0,0,0,0,0,0,0,0,0,0,0,0,0,0,0,0,0,0,156,252,185,0,0,0,0,0,0,0,0,0,0,0,0,0,0,0,0,0,0,0,0,0,0,0,0,0,0,0,0,0,0,0,0,0,0,0,0,0,0,0,0,0,0,0,0,0,0,0,0,0,0,0,0,0,0,0,0,0,0,0,0,0,0,0,0,0,0,0,0,0,0,0,0,0,0,0,0,0,0,0,0,0,0,0,0,0,0,0,0,0,0,0,0,0,0
0,0,0,0,0,0,0,0,0,0,0,0,0,0,0,0,0,0,0,0,0,0,0,0,0,0,0,0,0,0,0,0,0,0,0,0,0,0,0,0,0,0,0,0,0,0,0,0,0,0,0,0,0,0,0,0,0,0,0,0,0,0,0,0,0,0,0,0,0,0,0,0,0,0,0,0,0,0,0,0,0,0,0,0,0,0,0,0,0,0,0,0,0,0,0,0,0,0,0,0,0,0,0,0,0,0,0,0,0,0,0,0,0,0,0,0,0,0,0,0,0,0,0,0,0,0,0,128,0,0,64,191,255,0,0,0,0,0,0,0,0,0,0,0,0,0,0,0,0,0,0,0,0,0,128,255,255,64,128,255,255,128,0,0,0,0,0,0,0,0,0,0,0,0,0,0,0,0,0,0,0,64,255,255,255,128,255,255,255,255,0,0,0,0,0,0,0,0,0,0,0,0,0,0,0,0,0,0,0,191,255,255,255,64,255,255,255,255,128,0,0,0,0,0,0,0,0,0,0,0,0,0,0,0,0,0,64,255,255,255,191,0,255,255,255,255,128,0,0,0,0,0,0,0,0,0,0,0,0,0,0,0,0,0,255,255,255,191,0,0,64,255,255,255,128,0,0,0,0,0,0,0,0,0,0,0,0,0,0,0,0,128,255,255,255,64,0,0,0,128,255,255,128,0,0,0,0,0,0,0,0,0,0,0,0,0,0,0,64,255,255,255,191,0,0,0,0,128,255,255,128,0,0,0,0,0,0,0,0,0,0,0,0,0,0,0,191,255,255,191,0,0,0,0,0,128,255,255,128,0,0,0,0,0,0,0,0,0,0,0,0,0,0,0,255,255,255,128,0,0,0,0,0,128,255,255,64,0,0,0,0,0,0,0,0,0,0,0,0,0,0,128,255,255,255,64,0,0,0,0,0,255,255,255,0,0,0,0,0,0,0,0,0,0,0,0,0,0,0,255,255,255,191,0,0,0,0,0,64,255,255,191,0,0,0,0,0,0,0,0,0,0,0,0,0,0,0,255,255,255,128,0,0,0,0,64,255,255,255,0,0,0,0,0,0,0,0,0,0,0,0,0,0,0,0,255,255,255,128,0,0,0,64,191,255,255,191,0,0,0,0,0,0,0,0,0,0,0,0,0,0,0,0,255,255,255,128,0,0,64,191,255,255,255,64,0,0,0,0,0,0,0,0,0,0,0,0,0,0,0,0,255,255,255,191,64,128,255,255,255,255,128,0,0,0,0,0,0,0,0,0,0,0,0,0,0,0,0,0,255,255,255,255,255,255,255,255,255,128,0,0,0,0,0,0,0,0,0,0,0,0,0,0,0,0,0,0,191,255,255,255,255,255,255,255,128,0,0,0,0,0,0,0,0,0,0,0,0,0,0,0,0,0,0,0,0,191,255,255,255,255,255,64,0,0,0,0,0,0,0,0,0,0,0,0,0,0,0,0,0,0,0,0,0,64,191,255,191,128,0,0,0,0,0,0,0,0,0,0,0,0,0,0,0,0,0,0,0,0,0,0,0,0,0,0,0,0,0,0,0,0,0,0,0,0,0,0,0,0,0,0,0,0,0,0,0,0,0,0,0,0,0,0,0,0,0,0,0,0,0,0,0,0,0,0,0,0,0,0,0,0,0,0,0,0,0,0,0,0,0,0,0,0,0,0,0,0,0,0,0,0,0,0,0,0,0,0,0,0,0,0,0,0,0,0,0,0,0,0,0,0,0,0,0,0,0,0,0,0,0,0,0,0,0,0
5,0,0,0,0,0,0,0,0,0,0,0,0,0,0,0,0,0,0,0,0,0,0,0,0,0,0,0,0,0,0,0,0,0,0,0,0,0,0,0,0,0,0,0,0,0,0,0,0,0,0,0,0,0,0,0,0,0,0,0,0,0,0,0,0,0,0,0,0,0,0,0,0,0,0,0,0,0,0,0,0,0,0,0,0,0,0,0,0,0,0,0,0,0,0,0,0,0,0,0,0,0,0,0,0,0,0,0,0,0,0,0,0,0,0,0,0,0,0,0,0,0,0,0,0,0,0,0,0,0,0,0,0,0,0,0,0,0,0,0,0,0,0,0,0,0,0,0,0,0,0,0,0,0,0,0,0,17,17,43,47,47,47,130,138,122,0,0,0,0,0,0,0,0,0,0,0,0,0,0,0,0,15,74,157,224,225,249,253,253,254,253,253,186,0,0,0,0,0,0,0,0,0,0,0,0,0,0,0,0,103,245,253,253,254,253,253,253,254,236,119,19,0,0,0,0,0,0,0,0,0,0,0,0,0,0,0,0,95,245,254,169,60,93,93,59,0,0,0,0,0,0,0,0,0,0,0,0,0,0,0,0,0,0,5,147,254,227,89,6,0,0,0,0,0,0,0,0,0,0,0,0,0,0,0,0,0,0,0,0,0,0,141,253,228,31,0,0,0,0,0,0,0,0,0,0,0,0,0,0,0,0,0,0,0,0,0,0,0,51,224,253,103,6,0,0,0,0,0,0,0,0,0,0,0,0,0,0,0,0,0,0,0,0,0,0,0,114,254,220,162,161,161,161,70,32,0,0,0,0,0,0,0,0,0,0,0,0,0,0,0,0,0,0,0,21,156,240,241,232,215,240,254,115,0,0,0,0,0,0,0,0,0,0,0,0,0,0,0,0,0,0,0,0,0,34,34,25,9,34,211,190,0,0,0,0,0,0,0,0,0,0,0,0,0,0,0,0,0,0,0,0,0,0,0,0,0,0,161,240,34,0,0,0,0,0,0,0,0,0,0,0,0,0,0,0,0,0,0,0,0,0,0,0,0,0,195,254,71,0,0,0,0,0,0,0,0,0,0,0,0,0,0,0,0,0,0,0,0,0,0,0,0,102,245,210,29,0,0,0,0,0,0,0,0,0,0,0,0,0,100,207,207,174,208,207,114,0,0,0,62,215,254,107,0,0,0,0,0,0,0,0,0,0,0,0,0,0,229,253,253,253,136,69,38,0,0,102,240,253,228,15,0,0,0,0,0,0,0,0,0,0,0,0,0,0,119,248,254,254,162,161,161,195,255,254,254,169,34,0,0,0,0,0,0,0,0,0,0,0,0,0,0,0,0,71,211,253,254,253,253,253,254,194,73,6,0,0,0,0,0,0,0,0,0,0,0,0,0,0,0,0,0,0,21,79,105,71,129,46,46,4,0,0,0,0,0,0,0,0,0,0,0,0,0,0,0,0,0,0,0,0,0,0,0,0,0,0,0,0,0,0,0,0,0,0,0,0,0,0,0,0,0,0,0,0,0,0,0,0,0,0,0,0,0,0,0,0,0,0,0,0,0,0,0,0,0,0,0,0,0,0,0,0,0,0,0,0,0,0,0,0,0,0,0,0,0,0,0,0,0,0,0,0,0,0,0,0,0,0,0,0,0,0,0,0,0,0,0,0,0,0,0,0,0,0,0,0,0,0,0,0,0,0,0,0,0,0,0,0,0,0,0,0,0,0,0,0,0,0,0,0,0,0,0,0,0,0,0,0,0,0,0,0,0
5,0,0,0,0,0,0,0,0,0,0,0,0,0,0,0,0,0,0,0,0,0,0,0,0,0,0,0,0,0,0,0,0,0,0,0,0,0,0,0,0,0,0,0,0,0,0,0,0,0,0,0,0,0,0,0,0,0,0,0,0,0,0,0,0,0,0,0,0,0,0,0,0,0,0,0,0,0,0,0,0,0,0,0,0,0,0,0,0,0,0,0,0,0,0,0,0,0,0,0,0,0,0,0,0,0,0,0,0,0,0,0,0,0,0,0,0,0,0,0,0,0,0,0,0,0,0,0,0,0,0,0,0,0,0,0,0,0,0,0,0,0,0,0,0,0,0,0,0,0,0,0,0,0,0,0,0,0,0,0,0,0,0,0,0,0,0,0,0,0,0,0,0,0,0,0,0,0,0,0,0,0,0,19,59,97,156,163,223,171,178,156,74,59,59,14,0,0,0,0,0,0,0,0,0,10,185,107,0,5,111,226,253,253,254,253,253,253,253,254,253,253,253,185,0,0,0,0,0,0,0,0,0,20,253,241,41,156,253,253,253,253,254,253,253,192,253,193,247,205,174,137,0,0,0,0,0,0,0,0,0,73,253,231,49,254,253,253,216,138,79,71,19,5,19,5,18,8,0,0,0,0,0,0,0,0,0,0,0,192,253,117,0,178,245,88,5,0,0,0,0,0,0,0,0,0,0,0,0,0,0,0,0,0,0,0,0,215,254,117,0,0,0,0,0,0,0,0,0,0,0,0,0,0,0,0,0,0,0,0,0,0,0,0,0,214,253,34,0,0,0,0,0,0,0,0,0,0,0,0,0,0,0,0,0,0,0,0,0,0,0,0,0,214,253,91,79,138,168,79,6,0,0,0,0,0,0,0,0,0,0,0,0,0,0,0,0,0,0,0,0,214,253,253,253,254,253,253,235,122,0,0,0,0,0,0,0,0,0,0,0,0,0,0,0,0,0,0,0,214,253,253,253,254,253,253,253,253,114,0,0,0,0,0,0,0,0,0,0,0,0,0,0,0,0,0,0,170,235,195,120,99,98,128,204,254,255,99,0,0,0,0,0,0,0,0,0,0,0,0,0,0,0,0,0,3,27,0,0,0,0,0,6,196,254,218,0,0,0,0,0,0,0,0,0,0,0,0,0,0,0,0,0,0,0,0,0,0,0,0,0,30,254,233,0,0,0,0,0,0,0,0,0,0,0,0,0,0,0,0,0,0,0,0,0,0,0,0,0,0,254,233,0,0,0,0,0,0,0,0,0,0,0,0,0,0,0,0,0,0,0,0,0,0,0,0,0,114,254,233,0,0,0,0,0,0,0,0,0,0,0,0,0,0,0,0,23,0,0,0,0,0,0,19,127,254,255,234,0,0,0,0,0,0,0,0,0,0,0,0,0,0,0,0,222,169,88,20,20,118,125,226,253,253,219,88,0,0,0,0,0,0,0,0,0,0,0,0,0,0,0,0,127,253,253,253,253,254,253,253,253,222,30,0,0,0,0,0,0,0,0,0,0,0,0,0,0,0,0,0,5,72,213,250,253,254,253,225,146,12,0,0,0,0,0,0,0,0,0,0,0,0,0,0,0,0,0,0,0,0,0,54,96,96,58,18,0,0,0,0,0,0,0,0,0,0,0,0,0,0,0,0,0,0,0,0,0,0,0,0,0,0,0,0,0,0,0,0,0,0,0,0,0,0,0,0,0,0,0,0,0,0,0,0,0,0,0,0,0,0,0,0,0,0,0,0,0,0,0,0,0,0,0,0,0
8,0,0,0,0,0,0,0,0,0,0,0,0,0,0,0,0,0,0,0,0,0,0,0,0,0,0,0,0,0,0,0,0,0,0,0,0,0,0,0,0,0,0,0,0,0,0,0,0,0,0,0,0,0,0,0,0,0,0,0,0,0,0,0,0,0,0,0,0,0,0,0,0,0,0,0,0,0,0,0,0,0,0,0,0,0,0,0,0,0,0,0,0,0,0,0,0,0,0,0,0,0,0,0,0,0,0,0,0,0,0,0,0,0,0,0,0,0,0,0,0,0,0,0,0,0,0,0,0,0,0,0,0,0,0,0,0,0,0,0,0,0,0,0,0,0,0,0,0,0,0,0,13,92,216,255,254,255,126,2,0,0,0,0,0,0,0,0,0,0,0,0,0,0,0,0,0,0,36,143,208,253,253,253,253,253,224,7,0,0,0,0,0,0,0,0,0,0,0,0,0,0,0,0,0,86,226,253,252,148,71,32,41,139,40,0,0,0,0,0,0,0,0,0,0,0,0,0,0,0,0,1,62,228,253,245,93,0,0,0,0,0,0,0,0,0,0,0,0,0,0,0,0,0,0,0,0,0,0,6,253,253,211,52,0,0,0,0,7,82,82,4,0,0,0,0,0,0,0,0,0,0,0,0,0,0,0,3,205,253,190,51,0,0,0,48,177,253,253,103,0,0,0,0,0,0,0,0,0,0,0,0,0,0,0,0,77,241,253,235,121,4,101,233,253,242,117,4,0,0,0,0,0,0,0,0,0,0,0,0,0,0,0,0,0,125,245,253,253,108,232,253,200,45,0,0,0,0,0,0,0,0,0,0,0,0,0,0,0,0,0,0,0,0,70,199,253,253,253,175,25,0,0,0,0,0,0,0,0,0,0,0,0,0,0,0,0,0,0,0,0,0,0,49,253,253,253,253,246,162,54,0,0,0,0,0,0,0,0,0,0,0,0,0,0,0,0,0,0,0,0,134,253,241,77,195,253,253,233,48,0,0,0,0,0,0,0,0,0,0,0,0,0,0,0,0,0,0,0,157,253,127,0,6,82,253,253,234,51,0,0,0,0,0,0,0,0,0,0,0,0,0,0,0,0,0,0,157,253,21,0,0,8,112,242,253,188,0,0,0,0,0,0,0,0,0,0,0,0,0,0,0,0,0,5,194,253,21,0,0,0,0,164,253,241,35,0,0,0,0,0,0,0,0,0,0,0,0,0,0,0,0,6,202,253,21,0,0,0,0,4,244,253,101,0,0,0,0,0,0,0,0,0,0,0,0,0,0,0,0,0,129,253,21,0,0,0,0,0,197,253,150,0,0,0,0,0,0,0,0,0,0,0,0,0,0,0,0,0,49,253,208,38,0,0,0,40,248,253,150,0,0,0,0,0,0,0,0,0,0,0,0,0,0,0,0,0,1,5,233,227,102,33,33,210,253,245,86,0,0,0,0,0,0,0,0,0,0,0,0,0,0,0,0,0,0,0,203,253,253,253,253,253,253,158,0,0,0,0,0,0,0,0,0,0,0,0,0,0,0,0,0,0,0,0,26,214,253,253,253,253,92,12,0,0,0,0,0,0,0,0,0,0,0,0,0,0,0,0,0,0,0,0,0,0,0,0,0,0,0,0,0,0,0,0,0,0,0,0,0,0,0,0,0,0,0,0,0,0,0,0,0,0,0,0,0,0,0,0,0,0,0,0,0,0,0,0,0,0,0,0,0,0,0,0,0,0,0,0,0,0,0,0,0,0,0,0,0,0,0,0,0,0,0,0
3,0,0,0,0,0,0,0,0,0,0,0,0,0,0,0,0,0,0,0,0,0,0,0,0,0,0,0,0,0,0,0,0,0,0,0,0,0,0,0,0,0,0,0,0,0,0,0,0,0,0,0,0,0,0,0,0,0,0,0,0,0,0,0,0,0,0,0,0,0,0,0,0,0,0,0,0,0,0,0,0,0,0,0,0,0,0,0,0,0,0,0,0,0,0,0,0,0,0,0,0,0,0,0,0,0,0,0,0,0,0,0,0,0,0,0,0,0,0,0,0,0,0,0,0,45,141,141,154,178,178,253,242,116,7,0,0,0,0,0,0,0,0,0,0,0,0,0,0,0,0,26,120,225,252,252,253,214,196,196,253,252,130,0,0,0,0,0,0,0,0,0,0,0,0,0,0,57,85,210,253,196,80,56,56,19,0,0,128,252,168,0,0,0,0,0,0,0,0,0,0,0,0,0,0,119,252,52,28,9,0,0,0,0,0,0,29,252,168,0,0,0,0,0,0,0,0,0,0,0,0,0,0,0,0,0,0,0,0,0,0,0,0,0,104,253,106,0,0,0,0,0,0,0,0,0,0,0,0,0,0,0,0,0,0,0,0,0,0,0,0,101,253,189,19,0,0,0,0,0,0,0,0,0,0,0,0,0,0,0,0,0,0,0,0,0,0,57,123,246,244,56,0,0,0,0,0,0,0,0,0,0,0,0,0,0,0,0,0,0,126,225,187,113,226,243,252,202,25,0,0,0,0,0,0,0,0,0,0,0,0,0,0,0,0,0,0,0,242,253,253,253,255,253,119,0,0,0,0,0,0,0,0,0,0,0,0,0,0,0,0,0,0,0,0,0,60,196,196,196,253,252,187,7,0,0,0,0,0,0,0,0,0,0,0,0,0,0,0,0,0,0,0,0,0,0,0,0,69,224,252,153,0,0,0,0,0,0,0,0,0,0,0,0,0,0,0,0,0,0,0,0,0,0,0,0,0,119,252,252,0,0,0,0,0,0,0,0,0,0,0,0,0,0,0,0,0,0,0,0,0,0,0,0,0,0,198,253,0,0,0,0,0,0,0,0,0,0,0,0,0,0,0,0,0,0,0,0,0,0,0,0,0,38,234,252,0,0,0,0,0,0,0,0,0,0,0,0,0,0,0,0,0,0,0,0,0,0,0,0,0,144,252,252,0,0,0,0,0,0,0,0,0,0,0,0,26,225,187,13,0,0,0,0,0,0,0,0,13,206,252,151,0,0,0,0,0,0,0,0,0,0,0,0,29,253,253,253,129,22,0,0,0,0,23,29,255,253,206,13,0,0,0,0,0,0,0,0,0,0,0,0,10,159,240,252,253,234,169,169,169,169,234,252,253,214,81,0,0,0,0,0,0,0,0,0,0,0,0,0,0,0,81,205,253,252,252,252,253,252,252,252,156,19,0,0,0,0,0,0,0,0,0,0,0,0,0,0,0,0,0,13,140,139,177,252,253,177,103,28,0,0,0,0,0,0,0,0,0,0,0,0,0,0,0,0,0,0,0,0,0,0,0,0,0,0,0,0,0,0,0,0,0,0,0,0,0,0,0,0,0,0,0,0,0,0,0,0,0,0,0,0,0,0,0,0,0,0,0,0,0,0,0,0,0,0,0,0,0,0,0,0,0,0,0,0,0,0,0,0,0,0,0,0,0,0,0,0,0,0,0,0,0,0,0,0,0,0,0,0,0,0,0,0,0,0,0,0,0,0,0,0,0,0,0,0,0,0,0,0,0,0,0,0,0
4,0,0,0,0,0,0,0,0,0,0,0,0,0,0,0,0,0,0,0,0,0,0,0,0,0,0,0,0,0,0,0,0,0,0,0,0,0,0,0,0,0,0,0,0,0,0,0,0,0,0,0,0,0,0,0,0,0,0,0,0,0,0,0,0,0,0,0,0,0,0,0,0,0,0,0,0,0,0,0,0,0,0,0,0,0,0,0,0,0,0,0,0,0,0,0,0,0,0,0,0,0,0,0,0,0,0,0,0,0,0,0,0,0,0,0,0,0,0,0,0,0,0,0,0,0,0,0,0,0,0,0,0,0,0,0,0,0,0,0,0,0,0,0,0,0,0,0,0,0,0,0,0,89,216,117,0,0,0,0,0,0,0,0,0,0,0,0,0,0,0,0,0,0,0,0,0,0,0,0,0,234,254,84,0,0,0,0,0,0,0,0,0,0,0,0,0,0,0,0,0,0,0,0,0,0,0,2,127,252,158,7,10,140,94,1,0,0,0,0,0,0,0,0,0,0,0,0,0,0,0,0,0,0,0,50,254,245,37,0,19,240,254,76,0,0,0,0,0,0,0,0,0,0,0,0,0,0,0,0,0,0,4,161,254,123,0,0,0,168,254,119,0,0,0,0,0,0,0,0,0,0,0,0,0,0,0,0,0,4,161,254,214,11,0,0,0,123,254,119,0,0,0,0,0,0,0,0,0,0,0,0,0,0,0,0,0,149,254,224,64,0,0,0,0,102,254,119,0,0,0,0,0,0,0,0,0,0,0,0,0,0,0,0,71,240,250,118,0,0,0,0,0,60,254,119,0,0,0,0,0,0,0,0,0,0,0,0,0,0,0,6,246,254,254,251,234,227,126,34,0,60,254,119,0,0,0,0,0,0,0,0,0,0,0,0,0,0,0,5,200,200,200,210,254,254,254,221,62,102,254,119,0,0,0,0,0,0,0,0,0,0,0,0,0,0,0,0,0,0,0,11,54,107,221,254,254,254,254,119,0,0,0,0,0,0,0,0,0,0,0,0,0,0,0,0,0,0,0,0,0,0,10,55,170,149,250,128,0,0,0,0,0,0,0,0,0,0,0,0,0,0,0,0,0,0,0,0,0,0,0,0,0,40,238,227,0,0,0,0,0,0,0,0,0,0,0,0,0,0,0,0,0,0,0,0,0,0,0,0,0,60,254,185,0,0,0,0,0,0,0,0,0,0,0,0,0,0,0,0,0,0,0,0,0,0,0,0,0,60,254,165,0,0,0,0,0,0,0,0,0,0,0,0,0,0,0,0,0,0,0,0,0,0,0,0,0,60,254,119,0,0,0,0,0,0,0,0,0,0,0,0,0,0,0,0,0,0,0,0,0,0,0,0,0,60,254,119,0,0,0,0,0,0,0,0,0,0,0,0,0,0,0,0,0,0,0,0,0,0,0,0,0,27,228,132,0,0,0,0,0,0,0,0,0,0,0,0,0,0,0,0,0,0,0,0,0,0,0,0,0,0,207,246,106,43,0,0,0,0,0,0,0,0,0,0,0,0,0,0,0,0,0,0,0,0,0,0,0,0,72,250,254,105,0,0,0,0,0,0,0,0,0,0,0,0,0,0,0,0,0,0,0,0,0,0,0,0,0,0,0,0,0,0,0,0,0,0,0,0,0,0,0,0,0,0,0,0,0,0,0,0,0,0,0,0,0,0,0,0,0,0,0,0,0,0,0,0,0,0,0,0,0,0,0,0,0,0,0,0,0,0,0,0,0,0,0,0,0,0,0,0,0,0,0
7,0,0,0,0,0,0,0,0,0,0,0,0,0,0,0,0,0,0,0,0,0,0,0,0,0,0,0,0,0,0,0,0,0,0,0,0,0,0,0,0,0,0,0,0,0,0,0,0,0,0,0,0,0,0,0,0,0,0,0,0,0,0,0,0,0,0,0,0,0,0,0,0,0,0,0,0,0,0,0,0,0,0,0,0,0,0,0,0,0,0,0,0,0,0,0,0,0,0,0,0,0,0,0,0,0,0,0,0,0,0,0,0,0,0,0,0,0,0,0,0,0,0,0,0,0,0,0,0,0,0,0,0,0,0,0,0,0,0,0,0,0,0,0,0,0,0,0,0,0,0,0,0,0,0,0,0,0,0,0,0,0,0,0,0,0,0,0,0,0,0,0,0,0,0,0,0,0,164,187,187,104,45,13,0,0,0,0,0,0,0,0,0,0,0,0,0,0,0,0,0,0,0,0,0,0,214,254,254,254,245,63,0,0,0,0,0,0,0,0,0,0,0,0,0,0,0,0,0,0,0,0,0,0,42,214,247,254,254,233,208,209,125,72,0,0,0,0,0,0,0,0,0,0,0,0,0,0,0,0,0,0,0,0,84,221,254,254,254,254,254,247,151,0,0,0,0,0,0,0,0,0,0,0,0,0,0,0,0,0,0,0,0,0,17,93,93,152,223,254,254,60,0,0,0,0,0,0,0,0,0,0,0,0,0,0,0,0,0,0,0,0,0,0,0,0,55,254,254,127,0,0,0,0,0,0,0,0,0,0,0,0,0,0,0,0,0,0,0,0,0,0,0,0,55,254,254,85,0,0,0,0,0,0,0,0,0,0,0,0,0,0,0,0,0,0,0,0,0,0,0,51,223,254,220,0,0,0,0,0,0,0,0,0,0,0,0,0,0,0,0,0,0,0,0,0,0,0,0,188,254,248,84,0,0,0,0,0,0,0,0,0,0,0,0,0,0,0,0,0,0,0,0,0,0,5,147,254,254,163,0,0,0,0,0,0,0,0,0,0,0,0,0,0,0,0,0,0,0,0,0,0,5,145,254,254,207,9,0,0,0,0,0,0,0,0,0,0,0,0,0,0,0,0,0,0,0,0,0,0,147,254,254,229,40,0,0,0,0,0,0,0,0,0,0,0,0,0,0,0,0,0,0,0,0,0,26,154,254,254,229,34,0,0,0,0,0,0,0,0,0,0,0,0,0,0,0,0,0,0,0,0,0,5,189,254,254,224,40,0,0,0,0,0,0,0,0,0,0,0,0,0,0,0,0,0,0,0,0,0,5,145,254,254,190,42,0,0,0,0,0,0,0,0,0,0,0,0,0,0,0,0,0,0,0,0,0,0,181,254,254,170,32,0,0,0,0,0,0,0,0,0,0,0,0,0,0,0,0,0,0,0,0,0,0,129,254,254,170,0,0,0,0,0,0,0,0,0,0,0,0,0,0,0,0,0,0,0,0,0,0,0,17,246,254,224,32,0,0,0,0,0,0,0,0,0,0,0,0,0,0,0,0,0,0,0,0,0,0,0,168,254,254,63,0,0,0,0,0,0,0,0,0,0,0,0,0,0,0,0,0,0,0,0,0,0,0,0,84,255,119,13,0,0,0,0,0,0,0,0,0,0,0,0,0,0,0,0,0,0,0,0,0,0,0,0,0,0,0,0,0,0,0,0,0,0,0,0,0,0,0,0,0,0,0,0,0,0,0,0,0,0,0,0,0,0,0,0,0,0,0,0,0,0,0,0,0,0,0,0,0,0,0,0,0
1,0,0,0,0,0,0,0,0,0,0,0,0,0,0,0,0,0,0,0,0,0,0,0,0,0,0,0,0,0,0,0,0,0,0,0,0,0,0,0,0,0,0,0,0,0,0,0,0,0,0,0,0,0,0,0,0,0,0,0,0,0,0,0,0,0,0,0,0,0,0,0,0,0,0,0,0,0,0,0,0,0,0,0,0,0,0,0,0,0,0,0,0,0,0,0,0,0,0,0,0,0,0,0,0,0,0,0,0,0,0,0,0,0,0,0,0,0,0,0,0,0,0,0,0,0,0,106,237,87,0,0,0,0,0,0,0,0,0,0,0,0,0,0,0,0,0,0,0,0,0,0,0,0,0,196,254,141,0,0,0,0,0,0,0,0,0,0,0,0,0,0,0,0,0,0,0,0,0,0,0,0,41,236,254,141,0,0,0,0,0,0,0,0,0,0,0,0,0,0,0,0,0,0,0,0,0,0,0,0,60,254,254,141,0,0,0,0,0,0,0,0,0,0,0,0,0,0,0,0,0,0,0,0,0,0,0,0,60,254,254,141,0,0,0,0,0,0,0,0,0,0,0,0,0,0,0,0,0,0,0,0,0,0,0,0,165,254,254,141,0,0,0,0,0,0,0,0,0,0,0,0,0,0,0,0,0,0,0,0,0,0,0,20,214,254,254,141,0,0,0,0,0,0,0,0,0,0,0,0,0,0,0,0,0,0,0,0,0,0,0,0,178,254,254,87,0,0,0,0,0,0,0,0,0,0,0,0,0,0,0,0,0,0,0,0,0,0,0,46,226,254,254,123,0,0,0,0,0,0,0,0,0,0,0,0,0,0,0,0,0,0,0,0,0,0,0,160,255,254,255,23,0,0,0,0,0,0,0,0,0,0,0,0,0,0,0,0,0,0,0,0,0,0,0,160,254,254,226,16,0,0,0,0,0,0,0,0,0,0,0,0,0,0,0,0,0,0,0,0,0,0,0,160,255,254,159,0,0,0,0,0,0,0,0,0,0,0,0,0,0,0,0,0,0,0,0,0,0,0,11,202,254,254,52,0,0,0,0,0,0,0,0,0,0,0,0,0,0,0,0,0,0,0,0,0,0,0,86,254,254,251,39,0,0,0,0,0,0,0,0,0,0,0,0,0,0,0,0,0,0,0,0,0,0,1,156,254,255,186,5,0,0,0,0,0,0,0,0,0,0,0,0,0,0,0,0,0,0,0,0,0,0,6,254,254,254,240,33,0,0,0,0,0,0,0,0,0,0,0,0,0,0,0,0,0,0,0,0,0,0,6,254,254,254,177,0,0,0,0,0,0,0,0,0,0,0,0,0,0,0,0,0,0,0,0,0,0,0,6,254,254,254,83,0,0,0,0,0,0,0,0,0,0,0,0,0,0,0,0,0,0,0,0,0,0,0,4,210,254,231,36,0,0,0,0,0,0,0,0,0,0,0,0,0,0,0,0,0,0,0,0,0,0,0,0,21,155,139,0,0,0,0,0,0,0,0,0,0,0,0,0,0,0,0,0,0,0,0,0,0,0,0,0,0,0,0,0,0,0,0,0,0,0,0,0,0,0,0,0,0,0,0,0,0,0,0,0,0,0,0,0,0,0,0,0,0,0,0,0,0,0,0,0,0,0,0,0,0,0,0,0,0,0,0,0,0,0,0,0,0,0,0,0,0,0,0,0,0,0,0,0,0,0,0,0,0,0,0,0,0,0,0,0,0,0,0,0,0,0,0,0,0,0,0,0,0,0,0,0,0,0,0,0,0
5,0,0,0,0,0,0,0,0,0,0,0,0,0,0,0,0,0,0,0,0,0,0,0,0,0,0,0,0,0,0,0,0,0,0,0,0,0,0,0,0,0,0,0,0,0,0,0,0,0,0,0,0,0,0,0,0,0,0,0,0,0,0,0,0,0,0,0,0,0,0,0,0,0,0,0,0,0,0,0,0,0,0,0,0,0,0,0,0,0,0,0,0,0,0,0,0,0,0,0,0,0,0,0,0,0,0,0,0,0,0,0,0,0,0,0,0,0,0,0,0,0,0,0,0,0,36,192,96,0,0,0,0,0,0,0,0,0,0,0,0,0,0,0,0,0,0,0,0,0,0,0,0,0,73,255,253,130,0,0,0,0,0,0,0,0,0,0,0,0,0,0,0,0,0,0,0,0,0,0,0,0,129,254,254,225,92,0,0,0,0,0,0,0,0,0,0,0,0,0,0,0,0,0,0,0,0,0,0,195,251,254,254,254,251,216,92,0,0,0,0,0,0,0,0,0,0,0,0,0,0,0,0,0,0,0,78,250,254,254,254,254,254,254,251,230,152,43,0,0,0,0,0,0,0,0,0,0,0,0,0,0,0,0,200,254,254,254,186,181,254,254,254,254,254,237,217,0,0,0,0,0,0,0,0,0,0,0,0,0,0,123,249,254,254,232,43,8,62,102,169,169,92,39,38,0,0,0,0,0,0,0,0,0,0,0,0,0,31,233,254,254,232,63,0,0,0,0,0,0,0,0,0,0,0,0,0,0,0,0,0,0,0,0,0,0,135,254,254,254,240,169,19,0,0,0,0,0,0,0,0,0,0,0,0,0,0,0,0,0,0,0,0,0,230,254,254,254,254,254,211,156,0,0,0,0,0,0,0,0,0,0,0,0,0,0,0,0,0,0,0,0,109,217,254,224,254,254,254,241,89,0,0,0,0,0,0,0,0,0,0,0,0,0,0,0,0,0,0,0,0,26,71,35,71,71,208,254,208,0,0,0,0,0,0,0,0,0,0,0,0,0,0,0,0,0,0,0,0,0,0,0,0,0,190,254,241,59,0,0,0,0,0,0,0,0,0,0,0,0,0,0,0,0,0,0,0,0,0,0,0,0,190,254,247,72,0,0,0,0,0,0,0,0,0,0,0,0,0,0,0,0,0,0,0,0,0,0,0,60,232,254,208,0,0,0,0,0,0,0,0,0,0,0,0,0,0,0,13,27,27,2,0,0,0,22,64,232,254,249,187,0,0,0,0,0,0,0,0,0,0,0,0,0,0,0,51,232,254,158,151,84,151,236,254,254,254,192,0,0,0,0,0,0,0,0,0,0,0,0,0,0,0,0,0,0,168,254,254,254,254,254,254,254,214,31,0,0,0,0,0,0,0,0,0,0,0,0,0,0,0,0,0,0,52,171,254,254,254,254,253,214,30,0,0,0,0,0,0,0,0,0,0,0,0,0,0,0,0,0,0,0,0,0,112,170,187,146,89,0,0,0,0,0,0,0,0,0,0,0,0,0,0,0,0,0,0,0,0,0,0,0,0,0,0,0,0,0,0,0,0,0,0,0,0,0,0,0,0,0,0,0,0,0,0,0,0,0,0,0,0,0,0,0,0,0,0,0,0,0,0,0,0,0,0,0,0,0,0,0,0,0,0,0,0,0,0,0,0,0,0,0,0,0,0,0,0,0,0,0,0,0,0,0,0,0,0,0,0,0,0,0,0,0,0,0,0,0,0,0,0,0,0,0,0,0,0,0,0,0,0,0,0,0,0
5,0,0,0,0,0,0,0,0,0,0,0,0,0,0,0,0,0,0,0,0,0,0,0,0,0,0,0,0,0,0,0,0,0,0,0,0,0,0,0,0,0,0,0,0,0,0,0,0,0,0,0,0,0,0,0,0,0,0,0,0,0,0,0,0,0,0,0,0,0,0,0,0,0,0,0,0,0,0,0,0,0,0,0,0,0,0,0,0,0,0,0,0,0,0,0,0,0,0,0,0,0,0,0,0,0,0,0,0,0,0,0,0,0,0,0,0,0,0,0,0,0,0,0,0,0,0,0,0,0,0,0,0,0,0,0,0,0,0,0,0,0,0,0,0,0,0,0,0,0,0,0,0,0,43,115,235,254,254,254,254,254,254,254,209,0,0,0,0,0,0,0,0,0,0,0,0,0,0,0,0,81,243,244,243,247,238,143,143,143,143,143,80,0,0,0,0,0,0,0,0,0,0,0,0,0,0,0,0,239,253,4,0,36,0,0,0,0,0,0,0,0,0,0,0,0,0,0,0,0,0,0,0,0,0,0,82,252,125,1,0,0,0,0,0,0,0,0,0,0,0,0,0,0,0,0,0,0,0,0,0,0,0,21,232,242,42,0,0,0,0,0,0,0,0,0,0,0,0,0,0,0,0,0,0,0,0,0,0,0,9,96,253,151,0,0,0,0,0,0,0,0,0,0,0,0,0,0,0,0,0,0,0,0,0,0,0,0,109,253,225,10,0,0,0,0,0,0,0,0,0,0,0,0,0,0,0,0,0,0,0,0,0,0,0,75,249,253,104,40,10,0,0,0,0,0,0,0,0,0,0,0,0,0,0,0,0,0,0,0,0,0,25,209,253,253,253,253,208,118,0,0,0,0,0,0,0,0,0,0,0,0,0,0,0,0,0,0,0,46,215,250,174,93,38,104,180,232,166,0,0,0,0,0,0,0,0,0,0,0,0,0,0,0,0,0,0,209,252,112,0,0,0,0,0,108,252,157,1,0,0,0,0,0,0,0,0,0,0,0,0,0,0,0,0,78,70,0,0,0,0,0,0,0,119,253,126,0,0,0,0,0,0,0,0,0,0,0,0,0,0,0,0,0,0,0,0,0,0,0,0,0,1,168,245,39,0,0,0,0,0,0,0,0,0,0,0,0,0,0,0,0,0,0,0,0,0,0,0,0,0,44,243,170,8,0,0,0,0,0,0,0,0,0,0,0,0,0,0,0,7,53,0,0,0,0,0,0,0,0,214,253,30,0,0,0,0,0,0,0,0,0,0,0,0,0,0,0,65,204,0,0,0,0,0,0,0,19,227,231,20,0,0,0,0,0,0,0,0,0,0,0,0,0,0,0,65,233,0,0,0,0,0,0,33,239,253,92,0,0,0,0,0,0,0,0,0,0,0,0,0,0,0,0,65,248,60,0,0,0,70,149,241,253,132,22,0,0,0,0,0,0,0,0,0,0,0,0,0,0,0,0,3,142,216,154,145,239,251,245,207,47,2,0,0,0,0,0,0,0,0,0,0,0,0,0,0,0,0,0,0,0,46,153,153,193,153,85,0,0,0,0,0,0,0,0,0,0,0,0,0,0,0,0,0,0,0,0,0,0,0,0,0,0,0,0,0,0,0,0,0,0,0,0,0,0,0,0,0,0,0,0,0,0,0,0,0,0,0,0,0,0,0,0,0,0,0,0,0,0,0,0,0,0,0,0,0,0,0,0,0,0,0,0,0,0,0,0,0,0,0,0,0,0,0,0,0,0,0,0,0,0,0,0,0
4,0,0,0,0,0,0,0,0,0,0,0,0,0,0,0,0,0,0,0,0,0,0,0,0,0,0,0,0,0,0,0,0,0,0,0,0,0,0,0,0,0,0,0,0,0,0,0,0,0,0,0,0,0,0,0,0,0,0,0,0,0,0,0,0,0,0,0,0,0,0,0,0,0,0,0,0,0,0,0,0,0,0,0,0,0,0,0,0,0,0,0,0,0,0,0,0,0,0,0,0,0,0,0,0,0,0,0,0,0,0,0,0,0,0,0,0,0,0,0,0,0,0,0,0,0,0,0,0,0,0,0,0,0,0,0,0,0,0,0,0,0,0,0,0,0,0,0,0,0,0,0,0,0,0,0,0,0,0,0,0,0,0,0,0,0,0,0,0,0,0,0,0,0,0,0,0,0,183,235,34,0,0,0,0,0,0,0,0,0,0,0,0,0,0,0,0,0,0,0,0,0,0,0,0,92,247,254,106,0,0,0,0,0,0,0,0,0,0,0,0,0,0,0,0,0,0,0,0,0,0,0,41,247,254,230,33,0,0,0,0,0,0,0,0,0,0,0,0,0,0,0,0,0,0,0,0,0,0,22,213,254,234,81,0,0,0,0,0,0,0,0,0,37,150,152,23,0,0,0,0,0,0,0,0,0,0,149,254,254,54,0,0,0,0,0,0,0,0,79,156,244,254,254,84,0,0,0,0,0,0,0,0,0,88,238,254,211,14,0,0,0,0,0,62,145,228,253,254,254,254,251,36,0,0,0,0,0,0,0,0,0,185,254,227,25,0,0,0,25,50,135,207,254,254,254,254,254,254,163,0,0,0,0,0,0,0,0,0,30,238,254,174,66,92,149,196,225,254,254,254,197,167,205,254,254,229,18,0,0,0,0,0,0,0,0,0,92,254,254,242,249,254,254,254,254,244,199,74,7,7,245,254,254,168,0,0,0,0,0,0,0,0,0,0,124,254,254,254,254,254,221,163,92,33,0,0,0,167,254,254,232,43,0,0,0,0,0,0,0,0,0,0,8,132,201,162,162,65,21,0,0,0,0,0,48,244,254,254,112,0,0,0,0,0,0,0,0,0,0,0,0,0,7,0,0,0,0,0,0,0,0,21,206,254,254,137,3,0,0,0,0,0,0,0,0,0,0,0,0,0,0,0,0,0,0,0,0,0,0,130,254,254,248,62,0,0,0,0,0,0,0,0,0,0,0,0,0,0,0,0,0,0,0,0,0,0,0,172,254,254,51,0,0,0,0,0,0,0,0,0,0,0,0,0,0,0,0,0,0,0,0,0,0,0,147,254,254,190,5,0,0,0,0,0,0,0,0,0,0,0,0,0,0,0,0,0,0,0,0,0,0,14,215,254,214,16,0,0,0,0,0,0,0,0,0,0,0,0,0,0,0,0,0,0,0,0,0,0,0,99,254,254,150,0,0,0,0,0,0,0,0,0,0,0,0,0,0,0,0,0,0,0,0,0,0,0,10,214,254,173,2,0,0,0,0,0,0,0,0,0,0,0,0,0,0,0,0,0,0,0,0,0,0,0,17,254,254,125,0,0,0,0,0,0,0,0,0,0,0,0,0,0,0,0,0,0,0,0,0,0,0,0,17,254,215,25,0,0,0,0,0,0,0,0,0,0,0,0,0,0,0,0,0,0,0,0,0,0,0,0,0,0,0,0,0,0,0,0,0,0,0,0,0,0,0,0,0,0,0,0,0,0,0,0,0,0,0,0,0,0,0,0,0,0,0,0,0,0,0,0,0,0,0,0
8,0,0,0,0,0,0,0,0,0,0,0,0,0,0,0,0,0,0,0,0,0,0,0,0,0,0,0,0,0,0,0,0,0,0,0,0,0,0,0,0,0,0,0,0,0,0,0,0,0,0,0,0,0,0,0,0,0,0,0,0,0,0,0,0,0,0,0,0,0,0,0,0,0,0,0,0,0,0,0,0,0,0,0,0,0,0,0,0,0,0,0,0,0,0,0,0,0,0,0,0,0,0,0,0,0,0,0,0,0,0,0,0,0,0,0,0,0,0,0,0,0,0,0,0,0,0,0,0,0,0,0,0,0,0,0,0,0,0,0,0,0,0,0,0,0,0,0,0,0,0,0,0,0,0,0,0,0,0,0,0,0,0,0,0,0,0,0,0,0,0,0,0,0,0,0,0,0,0,97,151,151,177,168,151,111,48,48,158,181,160,185,60,0,0,0,0,0,0,0,0,0,0,0,35,95,128,250,254,254,254,254,254,254,254,254,254,254,254,254,252,116,0,0,0,0,0,0,0,0,0,0,194,255,254,254,255,254,254,237,135,247,254,254,254,254,254,254,254,193,0,0,0,0,0,0,0,0,0,0,198,254,254,246,171,123,67,39,0,95,219,254,254,254,254,254,254,163,0,0,0,0,0,0,0,0,0,0,187,254,254,101,0,0,0,0,0,0,16,119,254,254,254,254,138,8,0,0,0,0,0,0,0,0,0,0,95,255,254,247,84,0,0,0,0,59,188,254,254,254,254,177,11,0,0,0,0,0,0,0,0,0,0,0,12,148,254,254,246,84,12,1,80,227,254,254,254,243,94,10,0,0,0,0,0,0,0,0,0,0,0,0,0,13,123,250,254,254,233,169,254,254,254,254,183,25,0,0,0,0,0,0,0,0,0,0,0,0,0,0,0,0,0,49,221,254,254,254,254,254,189,67,3,0,0,0,0,0,0,0,0,0,0,0,0,0,0,0,0,0,0,49,193,254,254,254,254,214,3,0,0,0,0,0,0,0,0,0,0,0,0,0,0,0,0,0,0,0,33,242,254,254,254,254,254,254,45,0,0,0,0,0,0,0,0,0,0,0,0,0,0,0,0,0,0,54,252,254,254,228,109,154,254,254,168,0,0,0,0,0,0,0,0,0,0,0,0,0,0,0,0,0,0,177,254,254,163,33,0,4,220,254,244,47,0,0,0,0,0,0,0,0,0,0,0,0,0,0,0,0,89,254,254,174,5,0,0,0,31,227,254,160,0,0,0,0,0,0,0,0,0,0,0,0,0,0,0,0,95,254,254,50,0,0,0,0,0,203,254,166,0,0,0,0,0,0,0,0,0,0,0,0,0,0,0,0,95,254,254,20,0,0,0,0,5,207,254,166,0,0,0,0,0,0,0,0,0,0,0,0,0,0,0,0,95,254,254,126,21,0,0,2,149,254,254,166,0,0,0,0,0,0,0,0,0,0,0,0,0,0,0,0,14,195,254,254,230,133,219,220,254,254,231,49,0,0,0,0,0,0,0,0,0,0,0,0,0,0,0,0,0,14,188,254,254,254,254,254,243,197,42,0,0,0,0,0,0,0,0,0,0,0,0,0,0,0,0,0,0,0,16,142,180,248,150,106,37,0,0,0,0,0,0,0,0,0,0,0,0,0,0,0,0,0,0,0,0,0,0,0,0,0,0,0,0,0,0,0,0,0,0,0,0,0,0,0,0,0,0,0,0,0,0,0,0,0,0,0,0,0,0,0,0,0,0,0,0,0,0,0,0,0,0,0,0
8,0,0,0,0,0,0,0,0,0,0,0,0,0,0,0,0,0,0,0,0,0,0,0,0,0,0,0,0,0,0,0,0,0,0,0,0,0,0,0,0,0,0,0,0,0,0,0,0,0,0,0,0,0,0,0,0,0,0,0,0,0,0,0,0,0,0,0,0,0,0,0,0,0,0,0,0,0,0,0,0,0,0,0,0,0,0,0,0,0,0,0,0,0,0,0,0,0,0,0,0,0,0,0,0,0,0,0,0,0,0,0,0,0,0,0,0,0,0,0,0,0,0,0,0,0,0,0,0,0,0,0,0,0,0,0,0,0,0,0,0,0,0,0,0,0,0,0,0,0,0,0,4,43,7,43,183,253,253,253,175,11,0,0,0,0,0,0,0,0,0,0,0,0,0,0,0,0,0,29,187,252,200,183,252,252,252,252,253,98,0,0,0,0,0,0,0,0,0,0,0,0,0,0,0,0,0,85,252,252,252,245,252,252,141,152,253,168,0,0,0,0,0,0,0,0,0,0,0,0,0,0,0,0,0,85,252,252,226,49,163,180,28,71,253,168,0,0,0,0,0,0,0,0,0,0,0,0,0,0,0,0,0,85,252,252,59,0,0,0,27,211,236,54,0,0,0,0,0,0,0,0,0,0,0,0,0,0,0,0,0,146,253,243,35,0,0,31,218,253,132,0,0,0,0,0,0,0,0,0,0,0,0,0,0,0,0,0,0,190,252,189,0,50,121,221,252,94,0,0,0,0,0,0,0,0,0,0,0,0,0,0,0,0,0,0,0,190,252,221,127,201,252,252,141,4,0,0,0,0,0,0,0,0,0,0,0,0,0,0,0,0,0,0,0,120,252,252,252,253,252,252,196,81,0,0,0,0,0,0,0,0,0,0,0,0,0,0,0,0,0,0,0,50,244,252,252,253,252,252,252,252,132,0,0,0,0,0,0,0,0,0,0,0,0,0,0,0,0,0,0,50,245,253,191,45,0,54,187,253,255,81,0,0,0,0,0,0,0,0,0,0,0,0,0,0,0,0,0,121,252,252,68,0,0,0,16,221,253,168,0,0,0,0,0,0,0,0,0,0,0,0,0,0,0,0,145,247,251,160,21,0,0,0,0,124,253,168,0,0,0,0,0,0,0,0,0,0,0,0,0,0,0,98,253,252,134,0,0,0,0,0,16,221,253,168,0,0,0,0,0,0,0,0,0,0,0,0,0,0,27,228,253,182,4,0,0,0,0,9,142,252,253,80,0,0,0,0,0,0,0,0,0,0,0,0,0,4,139,253,247,53,0,0,0,0,15,192,253,253,132,0,0,0,0,0,0,0,0,0,0,0,0,0,0,22,252,252,167,0,0,0,71,86,185,252,231,80,0,0,0,0,0,0,0,0,0,0,0,0,0,0,0,20,245,252,250,232,135,153,249,253,252,224,51,0,0,0,0,0,0,0,0,0,0,0,0,0,0,0,0,0,83,242,253,252,252,252,252,216,153,7,0,0,0,0,0,0,0,0,0,0,0,0,0,0,0,0,0,0,0,124,209,252,244,147,59,18,0,0,0,0,0,0,0,0,0,0,0,0,0,0,0,0,0,0,0,0,0,0,0,0,0,0,0,0,0,0,0,0,0,0,0,0,0,0,0,0,0,0,0,0,0,0,0,0,0,0,0,0,0,0,0,0,0,0,0,0,0,0,0,0,0,0,0,0,0,0,0,0,0,0,0,0,0,0,0,0,0,0,0,0,0,0,0,0,0,0,0,0,0,0,0,0,0
1,0,0,0,0,0,0,0,0,0,0,0,0,0,0,0,0,0,0,0,0,0,0,0,0,0,0,0,0,0,0,0,0,0,0,0,0,0,0,0,0,0,0,0,0,0,0,0,0,0,0,0,0,0,0,0,0,0,0,0,0,0,0,0,0,0,0,0,0,0,0,0,0,0,0,0,0,0,0,0,0,0,0,0,0,0,0,0,0,0,0,0,0,0,0,0,0,0,0,0,0,0,0,0,0,0,0,0,0,0,0,0,0,0,0,0,0,0,0,0,0,0,0,0,0,0,0,0,0,0,0,0,0,0,6,116,255,251,0,0,0,0,0,0,0,0,0,0,0,0,0,0,0,0,0,0,0,0,0,0,0,0,230,253,253,124,0,0,0,0,0,0,0,0,0,0,0,0,0,0,0,0,0,0,0,0,0,0,53,143,243,253,177,3,0,0,0,0,0,0,0,0,0,0,0,0,0,0,0,0,0,0,0,0,0,21,169,253,243,174,5,0,0,0,0,0,0,0,0,0,0,0,0,0,0,0,0,0,0,0,0,0,0,211,253,253,72,0,0,0,0,0,0,0,0,0,0,0,0,0,0,0,0,0,0,0,0,0,0,30,137,238,253,220,21,0,0,0,0,0,0,0,0,0,0,0,0,0,0,0,0,0,0,0,0,0,0,199,253,253,237,25,0,0,0,0,0,0,0,0,0,0,0,0,0,0,0,0,0,0,0,0,0,13,144,236,253,236,69,0,0,0,0,0,0,0,0,0,0,0,0,0,0,0,0,0,0,0,0,0,13,105,253,253,235,69,0,0,0,0,0,0,0,0,0,0,0,0,0,0,0,0,0,0,0,0,0,13,165,253,253,235,70,0,0,0,0,0,0,0,0,0,0,0,0,0,0,0,0,0,0,0,0,0,0,111,253,253,253,145,0,0,0,0,0,0,0,0,0,0,0,0,0,0,0,0,0,0,0,0,0,0,131,209,253,253,139,12,0,0,0,0,0,0,0,0,0,0,0,0,0,0,0,0,0,0,0,0,0,52,195,253,235,172,66,0,0,0,0,0,0,0,0,0,0,0,0,0,0,0,0,0,0,0,0,0,129,238,253,253,197,0,0,0,0,0,0,0,0,0,0,0,0,0,0,0,0,0,0,0,0,0,62,217,239,253,253,105,29,0,0,0,0,0,0,0,0,0,0,0,0,0,0,0,0,0,0,0,0,5,186,253,253,253,166,10,0,0,0,0,0,0,0,0,0,0,0,0,0,0,0,0,0,0,0,0,3,173,253,253,253,168,8,0,0,0,0,0,0,0,0,0,0,0,0,0,0,0,0,0,0,0,0,0,116,253,253,253,169,7,0,0,0,0,0,0,0,0,0,0,0,0,0,0,0,0,0,0,0,0,0,0,197,253,253,172,5,0,0,0,0,0,0,0,0,0,0,0,0,0,0,0,0,0,0,0,0,0,0,0,9,253,244,54,0,0,0,0,0,0,0,0,0,0,0,0,0,0,0,0,0,0,0,0,0,0,0,0,0,0,0,0,0,0,0,0,0,0,0,0,0,0,0,0,0,0,0,0,0,0,0,0,0,0,0,0,0,0,0,0,0,0,0,0,0,0,0,0,0,0,0,0,0,0,0,0,0,0,0,0,0,0,0,0,0,0,0,0,0,0,0,0,0,0,0,0,0,0,0,0,0,0,0,0,0,0,0,0,0,0,0,0,0,0,0,0,0,0,0,0,0,0,0,0,0,0,0,0,0,0,0,0,0,0,0
8,0,0,0,0,0,0,0,0,0,0,0,0,0,0,0,0,0,0,0,0,0,0,0,0,0,0,0,0,0,0,0,0,0,0,0,0,0,0,0,0,0,0,0,0,0,0,0,0,0,0,0,0,0,0,0,0,0,0,0,0,0,0,0,0,0,0,0,0,0,0,0,0,0,0,0,0,0,0,0,0,0,0,0,0,0,0,0,0,0,0,0,0,0,0,0,0,0,0,0,0,0,0,0,0,0,0,0,0,0,0,0,0,0,0,0,0,0,0,0,0,0,9,47,132,237,253,253,255,242,116,13,4,0,0,0,0,0,0,0,0,0,0,0,0,0,0,0,0,17,188,252,252,252,252,252,253,252,252,252,72,0,0,0,0,0,0,0,0,0,0,0,0,0,0,0,23,221,252,252,252,252,252,252,253,252,252,252,98,26,0,0,0,0,0,0,0,0,0,0,0,0,0,0,37,252,252,252,213,157,84,84,92,252,252,252,252,193,10,0,0,0,0,0,0,0,0,0,0,0,0,0,37,252,252,217,25,0,0,0,4,140,229,252,252,252,77,0,0,0,0,0,0,0,0,0,0,0,0,0,37,252,252,252,163,11,0,0,0,0,123,252,252,252,167,0,0,0,0,0,0,0,0,0,0,0,0,0,25,224,252,252,252,165,49,0,0,0,7,48,194,252,196,12,0,0,0,0,0,0,0,0,0,0,0,0,0,105,225,252,252,252,237,159,0,0,0,0,112,229,252,36,0,0,0,0,0,0,0,0,0,0,0,0,0,0,181,252,252,252,252,252,167,57,94,21,57,218,164,20,0,0,0,0,0,0,0,0,0,0,0,0,0,0,37,166,252,252,252,252,253,247,216,107,247,126,3,0,0,0,0,0,0,0,0,0,0,0,0,0,0,0,0,79,253,253,253,253,255,253,253,253,72,0,0,0,0,0,0,0,0,0,0,0,0,0,0,0,0,0,47,227,252,252,252,252,253,252,252,252,175,46,0,0,0,0,0,0,0,0,0,0,0,0,0,0,0,7,191,252,252,252,236,216,161,252,252,252,252,225,47,0,0,0,0,0,0,0,0,0,0,0,0,0,0,129,252,252,252,234,59,0,10,231,252,252,252,252,184,7,0,0,0,0,0,0,0,0,0,0,0,0,27,229,252,252,252,122,35,0,0,41,155,252,252,252,252,36,0,0,0,0,0,0,0,0,0,0,0,0,37,252,252,252,252,252,227,135,73,73,99,252,252,252,252,36,0,0,0,0,0,0,0,0,0,0,0,0,37,252,252,252,252,252,252,252,253,252,252,252,252,252,252,36,0,0,0,0,0,0,0,0,0,0,0,0,6,116,225,252,252,252,252,252,253,252,252,252,252,224,58,5,0,0,0,0,0,0,0,0,0,0,0,0,0,0,46,175,252,252,252,252,253,252,252,252,174,45,0,0,0,0,0,0,0,0,0,0,0,0,0,0,0,0,0,4,52,131,183,194,138,183,131,51,4,0,0,0,0,0,0,0,0,0,0,0,0,0,0,0,0,0,0,0,0,0,0,0,0,0,0,0,0,0,0,0,0,0,0,0,0,0,0,0,0,0,0,0,0,0,0,0,0,0,0,0,0,0,0,0,0,0,0,0,0,0,0,0,0,0,0,0,0,0,0,0,0,0,0,0,0,0,0,0,0,0,0,0,0,0,0,0,0,0,0,0,0,0,0,0,0,0,0,0,0,0,0,0,0,0,0,0,0,0,0,0,0,0,0,0,0,0,0,0,0
7,0,0,0,0,0,0,0,0,0,0,0,0,0,0,0,0,0,0,0,0,0,0,0,0,0,0,0,0,0,0,0,0,0,0,0,0,0,0,0,0,0,0,0,0,0,0,0,0,0,0,0,0,0,0,0,0,0,0,0,0,0,0,0,0,0,0,0,0,0,0,0,0,0,0,0,0,0,0,0,0,0,0,0,0,0,0,0,0,0,0,0,0,0,0,0,0,0,0,0,0,0,0,0,0,0,0,0,0,0,0,0,0,0,0,0,0,0,0,0,0,0,0,0,0,0,0,0,0,0,0,0,0,0,0,0,0,0,0,0,0,0,0,0,0,0,0,0,0,0,0,0,0,0,0,0,0,0,0,0,0,0,0,0,0,0,0,0,0,0,0,0,0,0,0,0,0,0,0,0,57,86,197,255,253,86,85,86,28,0,0,0,0,0,0,0,0,0,0,0,0,0,0,0,0,0,0,0,56,253,251,253,251,253,251,253,196,169,56,0,0,0,0,0,0,0,0,0,0,0,0,0,0,0,0,255,253,254,253,254,253,254,253,254,253,254,139,85,28,0,0,0,0,0,0,0,0,0,0,0,0,0,114,253,251,253,251,196,83,253,251,253,251,253,251,196,28,0,0,0,0,0,0,0,0,0,0,0,57,86,197,255,253,254,196,114,0,0,0,85,253,254,253,226,56,0,0,0,0,0,0,0,0,0,0,0,56,253,251,253,251,253,83,0,0,0,0,85,251,253,251,168,0,0,0,0,0,0,0,0,0,0,0,57,225,255,253,255,196,0,0,0,0,0,0,254,253,254,139,0,0,0,0,0,0,0,0,0,0,0,0,169,224,253,251,84,28,0,0,0,0,0,114,253,251,253,138,0,0,0,0,0,0,0,0,0,0,0,57,254,253,254,196,0,0,0,0,0,0,29,85,254,253,226,56,0,0,0,0,0,0,0,0,0,0,0,168,253,251,253,83,0,0,0,0,0,0,85,251,253,251,168,0,0,0,0,0,0,0,0,0,0,0,57,168,254,253,0,0,0,0,0,0,0,114,254,253,254,139,0,0,0,0,0,0,0,0,0,0,0,0,0,0,84,83,0,0,0,0,0,0,0,114,253,251,196,83,0,0,0,0,0,0,0,0,0,0,0,0,0,0,0,0,0,0,0,0,0,0,85,197,254,196,114,0,0,0,0,0,0,0,0,0,0,0,0,0,0,0,0,0,0,0,0,0,0,0,253,251,253,196,0,0,0,0,0,0,0,0,0,0,0,0,0,0,0,0,0,0,0,0,0,0,0,169,254,253,254,84,0,0,0,0,0,0,0,0,0,0,0,0,0,0,0,0,0,0,0,0,0,0,169,224,253,251,84,28,0,0,0,0,0,0,0,0,0,0,0,0,0,0,0,0,0,0,0,0,29,85,254,253,254,196,0,0,0,0,0,0,0,0,0,0,0,0,0,0,0,0,0,0,0,0,0,0,85,251,253,251,253,83,0,0,0,0,0,0,0,0,0,0,0,0,0,0,0,0,0,0,0,0,0,114,254,253,254,139,0,0,0,0,0,0,0,0,0,0,0,0,0,0,0,0,0,0,0,0,0,0,57,168,253,251,196,83,0,0,0,0,0,0,0,0,0,0,0,0,0,0,0,0,0,0,0,0,0,0,0,0,0,0,0,0,0,0,0,0,0,0,0,0,0,0,0,0,0,0,0,0,0,0,0,0,0,0,0,0,0,0,0,0,0,0,0,0,0,0,0,0,0,0,0,0,0,0
5,0,0,0,0,0,0,0,0,0,0,0,0,0,0,0,0,0,0,0,0,0,0,0,0,0,0,0,0,0,0,0,0,0,0,0,0,0,0,0,0,0,0,0,0,0,0,0,0,0,0,0,0,0,0,0,0,0,0,0,0,0,0,0,0,0,0,0,0,0,0,0,0,0,0,0,0,0,0,0,0,0,0,0,0,0,0,0,0,0,0,0,0,0,0,0,0,0,0,0,0,0,0,0,0,0,0,0,0,0,0,0,0,0,0,0,0,0,0,0,0,0,0,0,0,0,0,0,0,0,0,0,0,0,0,0,0,0,0,0,0,0,0,0,0,0,0,0,0,0,0,0,0,0,0,0,0,0,0,0,128,128,191,255,0,0,0,0,0,0,0,0,0,0,0,0,0,0,0,0,0,0,0,0,0,64,191,255,255,255,255,255,128,0,0,0,0,0,0,0,0,0,0,0,0,64,128,128,191,191,255,255,255,255,255,255,255,255,255,128,0,0,0,0,0,0,0,0,0,0,0,0,255,255,255,255,255,255,255,255,255,255,255,255,255,128,64,0,0,0,0,0,0,0,0,0,0,0,0,128,255,255,255,255,255,255,255,255,255,255,191,64,0,0,0,0,0,0,0,0,0,0,0,0,0,0,0,255,255,255,0,0,128,128,128,128,64,0,0,0,0,0,0,0,0,0,0,0,0,0,0,0,0,0,0,128,255,255,255,128,64,0,0,0,0,0,0,0,0,0,0,0,0,0,0,0,0,0,0,0,0,0,0,64,255,255,255,255,191,191,128,128,128,128,64,0,0,0,0,0,0,0,0,0,0,0,0,0,0,0,0,0,64,191,128,255,255,255,255,255,255,255,191,255,128,0,0,0,0,0,0,0,0,0,0,0,0,0,0,0,0,0,0,0,128,191,255,255,255,255,255,255,255,255,128,0,0,0,0,0,0,0,0,0,0,0,0,0,0,0,0,0,0,0,0,0,0,0,0,64,255,255,255,255,128,0,0,0,0,0,0,0,0,0,0,0,0,0,0,0,0,0,0,0,0,0,0,0,0,64,191,255,191,0,0,0,0,0,0,0,0,0,128,255,0,0,0,0,0,0,0,0,0,0,0,0,0,0,0,255,255,0,0,0,0,0,0,0,0,0,128,255,191,0,0,0,0,0,0,0,0,0,0,0,0,0,0,255,255,0,0,0,0,0,0,0,0,0,128,255,255,191,0,0,0,0,0,0,0,0,0,0,0,64,191,255,191,0,0,0,0,0,0,0,0,0,64,255,255,255,255,128,0,0,0,0,0,0,0,64,255,255,255,255,64,0,0,0,0,0,0,0,0,0,0,64,255,255,255,255,255,255,255,255,255,255,255,255,255,255,255,0,0,0,0,0,0,0,0,0,0,0,0,0,64,255,255,255,255,255,255,255,255,255,255,255,255,191,0,0,0,0,0,0,0,0,0,0,0,0,0,0,0,0,0,255,255,255,255,255,255,255,255,128,0,0,0,0,0,0,0,0,0,0,0,0,0,0,0,0,0,0,0,0,0,191,255,128,0,0,0,0,0,0,0,0,0,0,0,0,0,0,0,0,0,0,0,0,0,0,0,0,0,0,0,0,0,0,0,0,0,0,0,0,0,0,0,0,0,0,0,0,0,0,0,0,0,0,0,0,0,0,0,0,0,0,0,0,0,0,0,0,0,0,0,0,0,0,0,0,0,0,0,0,0,0,0,0,0,0,0,0,0,0,0,0,0,0,0,0,0,0,0,0,0
3,0,0,0,0,0,0,0,0,0,0,0,0,0,0,0,0,0,0,0,0,0,0,0,0,0,0,0,0,0,0,0,0,0,0,0,0,0,0,0,0,0,0,0,0,0,0,0,0,0,0,0,0,0,0,0,0,0,0,0,0,0,0,0,0,0,0,0,0,0,0,0,0,0,0,0,0,0,0,0,0,0,0,0,0,0,0,0,0,0,0,0,0,0,0,0,0,0,0,0,0,0,0,0,0,0,0,0,0,0,0,0,0,0,0,0,0,0,0,0,0,0,0,0,0,0,0,0,0,0,0,0,0,0,0,0,0,0,0,0,0,0,0,0,0,0,0,0,0,0,0,0,0,0,0,0,0,0,0,0,0,0,0,0,0,0,0,0,0,0,0,0,0,0,0,0,0,0,0,0,0,0,0,0,0,144,198,189,95,95,95,17,0,0,0,0,0,0,0,0,0,0,0,0,0,0,0,0,0,8,37,156,245,254,254,255,254,254,254,189,0,0,0,0,0,0,0,0,0,0,0,0,0,0,0,21,86,201,254,254,254,254,254,254,254,254,254,193,0,0,0,0,0,0,0,0,0,0,0,0,0,0,7,152,254,254,254,254,254,251,228,143,246,254,231,79,0,0,0,0,0,0,0,0,0,0,0,0,0,0,0,120,243,254,254,243,145,68,0,45,229,254,214,14,0,0,0,0,0,0,0,0,0,0,0,0,0,0,0,0,71,134,52,26,0,0,12,219,254,239,24,0,0,0,0,0,0,0,0,0,0,0,0,0,0,0,0,0,0,0,0,0,0,60,200,254,212,106,0,0,0,0,0,0,0,0,0,0,0,0,0,0,0,0,0,0,0,0,0,1,85,246,254,243,48,0,0,0,0,0,0,0,0,0,0,0,0,0,0,0,0,0,0,0,44,117,156,172,254,254,206,50,0,0,0,0,0,0,0,0,0,0,0,0,0,0,0,0,0,0,97,203,246,254,254,254,254,254,164,10,0,0,0,0,0,0,0,0,0,0,0,0,0,0,0,0,0,131,252,254,254,254,254,254,254,254,222,58,0,0,0,0,0,0,0,0,0,0,0,0,0,0,0,0,0,73,208,254,180,166,124,166,233,254,254,68,0,0,0,0,0,0,0,0,0,0,0,0,0,0,0,0,0,0,7,15,3,0,0,0,127,253,254,81,0,0,0,0,0,0,0,0,0,0,0,0,0,0,0,0,0,0,0,0,0,0,0,0,64,250,254,87,0,0,0,0,0,0,0,0,0,0,0,0,32,126,14,0,0,0,0,0,0,0,0,47,238,254,207,24,0,0,0,0,0,0,0,0,0,0,0,0,179,254,209,74,0,0,0,0,0,0,55,175,254,246,53,0,0,0,0,0,0,0,0,0,0,0,0,0,159,252,254,243,219,146,115,115,115,179,247,254,254,129,0,0,0,0,0,0,0,0,0,0,0,0,0,0,0,73,94,94,189,197,197,197,197,197,197,180,94,6,0,0,0,0,0,0,0,0,0,0,0,0,0,0,0,0,0,0,0,0,0,0,0,0,0,0,0,0,0,0,0,0,0,0,0,0,0,0,0,0,0,0,0,0,0,0,0,0,0,0,0,0,0,0,0,0,0,0,0,0,0,0,0,0,0,0,0,0,0,0,0,0,0,0,0,0,0,0,0,0,0,0,0,0,0,0,0,0,0,0,0,0,0,0,0,0,0,0,0,0,0,0,0,0,0,0,0,0,0,0,0,0,0,0,0,0,0,0,0,0,0,0,0
1,0,0,0,0,0,0,0,0,0,0,0,0,0,0,0,0,0,0,0,0,0,0,0,0,0,0,0,0,0,0,0,0,0,0,0,0,0,0,0,0,0,0,0,0,0,0,0,0,0,0,0,0,0,0,0,0,0,0,0,0,0,0,0,0,0,0,0,0,0,0,0,0,0,0,0,0,0,0,0,0,0,0,0,0,0,0,0,0,0,0,0,0,0,0,0,0,0,0,0,0,0,0,0,0,0,0,0,0,0,0,0,0,0,0,0,0,0,0,0,0,0,0,0,0,0,0,124,255,56,2,0,0,0,0,0,0,0,0,0,0,0,0,0,0,0,0,0,0,0,0,0,0,0,0,177,253,253,40,0,0,0,0,0,0,0,0,0,0,0,0,0,0,0,0,0,0,0,0,0,0,0,0,177,253,253,141,0,0,0,0,0,0,0,0,0,0,0,0,0,0,0,0,0,0,0,0,0,0,0,0,177,253,253,141,0,0,0,0,0,0,0,0,0,0,0,0,0,0,0,0,0,0,0,0,0,0,0,15,204,253,253,141,0,0,0,0,0,0,0,0,0,0,0,0,0,0,0,0,0,0,0,0,0,0,0,42,253,253,253,141,0,0,0,0,0,0,0,0,0,0,0,0,0,0,0,0,0,0,0,0,0,0,0,100,253,253,253,141,0,0,0,0,0,0,0,0,0,0,0,0,0,0,0,0,0,0,0,0,0,0,0,160,253,253,253,130,0,0,0,0,0,0,0,0,0,0,0,0,0,0,0,0,0,0,0,0,0,0,4,175,253,253,253,23,0,0,0,0,0,0,0,0,0,0,0,0,0,0,0,0,0,0,0,0,0,0,24,253,253,253,231,18,0,0,0,0,0,0,0,0,0,0,0,0,0,0,0,0,0,0,0,0,0,0,60,253,253,253,158,0,0,0,0,0,0,0,0,0,0,0,0,0,0,0,0,0,0,0,0,0,0,0,142,253,253,253,158,0,0,0,0,0,0,0,0,0,0,0,0,0,0,0,0,0,0,0,0,0,0,0,142,253,253,253,51,0,0,0,0,0,0,0,0,0,0,0,0,0,0,0,0,0,0,0,0,0,0,4,199,253,253,253,41,0,0,0,0,0,0,0,0,0,0,0,0,0,0,0,0,0,0,0,0,0,0,6,253,253,253,208,17,0,0,0,0,0,0,0,0,0,0,0,0,0,0,0,0,0,0,0,0,0,0,6,253,253,253,176,0,0,0,0,0,0,0,0,0,0,0,0,0,0,0,0,0,0,0,0,0,0,0,6,253,253,253,146,0,0,0,0,0,0,0,0,0,0,0,0,0,0,0,0,0,0,0,0,0,0,0,6,253,253,234,40,0,0,0,0,0,0,0,0,0,0,0,0,0,0,0,0,0,0,0,0,0,0,0,6,253,253,194,0,0,0,0,0,0,0,0,0,0,0,0,0,0,0,0,0,0,0,0,0,0,0,0,1,95,253,139,0,0,0,0,0,0,0,0,0,0,0,0,0,0,0,0,0,0,0,0,0,0,0,0,0,0,0,0,0,0,0,0,0,0,0,0,0,0,0,0,0,0,0,0,0,0,0,0,0,0,0,0,0,0,0,0,0,0,0,0,0,0,0,0,0,0,0,0,0,0,0,0,0,0,0,0,0,0,0,0,0,0,0,0,0,0,0,0,0,0,0,0,0,0,0,0,0,0,0,0,0,0,0,0,0,0,0,0,0,0,0,0,0,0,0,0,0,0,0,0,0,0,0,0,0
9,0,0,0,0,0,0,0,0,0,0,0,0,0,0,0,0,0,0,0,0,0,0,0,0,0,0,0,0,0,0,0,0,0,0,0,0,0,0,0,0,0,0,0,0,0,0,0,0,0,0,0,0,0,0,0,0,0,0,0,0,0,0,0,0,0,0,0,0,0,0,0,0,0,0,0,0,0,0,0,0,0,0,0,0,0,0,0,0,0,0,0,0,0,0,0,0,0,0,0,0,0,0,0,0,0,0,0,0,0,0,0,0,0,0,0,0,0,0,0,0,0,0,0,0,0,0,0,0,0,0,0,0,0,0,0,0,0,0,0,0,0,0,0,0,0,0,0,0,0,0,0,0,0,0,0,0,0,0,0,0,0,0,0,0,0,0,0,0,0,0,0,0,0,0,0,0,0,0,12,43,253,171,191,129,25,0,0,0,0,0,0,0,0,0,0,0,0,0,0,0,0,0,0,0,0,15,179,252,252,252,252,253,232,60,0,0,0,0,0,0,0,0,0,0,0,0,0,0,0,0,0,0,9,181,252,252,252,252,252,253,252,192,4,0,0,0,0,0,0,0,0,0,0,0,0,0,0,0,0,0,185,252,252,252,252,202,168,196,252,252,20,0,0,0,0,0,0,0,0,0,0,0,0,0,0,0,0,66,249,252,252,202,130,23,0,72,252,252,121,0,0,0,0,0,0,0,0,0,0,0,0,0,0,0,0,186,252,233,78,5,0,0,0,8,192,252,121,0,0,0,0,0,0,0,0,0,0,0,0,0,0,0,0,209,252,144,0,0,0,0,0,0,121,198,15,0,0,0,0,0,0,0,0,0,0,0,0,0,0,0,12,217,252,107,0,0,0,0,0,0,0,0,39,0,0,0,0,0,0,0,0,0,0,0,0,0,0,0,67,252,252,214,17,0,0,0,0,0,54,168,234,27,0,0,0,0,0,0,0,0,0,0,0,0,0,0,9,215,252,252,189,10,0,34,14,29,243,252,252,183,0,0,0,0,0,0,0,0,0,0,0,0,0,0,0,44,233,253,253,253,253,253,253,255,253,253,253,198,0,0,0,0,0,0,0,0,0,0,0,0,0,0,0,0,132,252,252,252,252,252,252,253,252,252,252,197,0,0,0,0,0,0,0,0,0,0,0,0,0,0,0,0,23,180,252,252,235,135,166,154,106,235,252,219,22,0,0,0,0,0,0,0,0,0,0,0,0,0,0,0,0,7,10,10,9,4,2,0,0,166,248,252,55,0,0,0,0,0,0,0,0,0,0,0,0,0,0,0,0,0,0,0,0,0,0,0,0,137,252,252,55,0,0,0,0,0,0,0,0,0,0,0,0,0,0,0,0,0,0,0,0,0,0,0,0,100,252,252,55,0,0,0,0,0,0,0,0,0,0,0,0,0,0,0,0,0,0,0,0,0,0,0,0,100,252,252,197,68,0,0,0,0,0,0,0,0,0,0,0,0,0,0,0,0,0,0,0,0,0,0,0,100,252,252,252,179,92,0,0,0,0,0,0,0,0,0,0,0,0,0,0,0,0,0,0,0,0,0,0,26,82,252,252,131,0,0,0,0,0,0,0,0,0,0,0,0,0,0,0,0,0,0,0,0,0,0,0,0,23,180,190,26,0,0,0,0,0,0,0,0,0,0,0,0,0,0,0,0,0,0,0,0,0,0,0,0,0,0,0,0,0,0,0,0,0,0,0,0,0,0,0,0,0,0,0,0,0,0,0,0,0,0,0,0,0,0,0,0,0,0,0,0,0,0
5,0,0,0,0,0,0,0,0,0,0,0,0,0,0,0,0,0,0,0,0,0,0,0,0,0,0,0,0,0,0,0,0,0,0,0,0,0,0,0,0,0,0,0,0,0,0,0,0,0,0,0,0,0,0,0,0,0,0,0,0,0,0,0,0,0,0,0,0,0,0,0,0,0,0,0,0,0,0,0,0,0,0,0,0,0,0,0,0,0,0,0,0,0,0,0,0,0,0,0,0,0,0,0,0,0,0,0,0,0,0,0,0,0,0,0,0,0,0,0,0,0,0,0,0,0,0,0,0,0,0,0,0,0,0,0,0,0,0,0,0,0,0,0,0,0,0,0,0,0,0,0,0,0,0,11,57,155,200,254,255,135,0,0,0,0,0,0,0,0,0,0,0,0,0,0,0,0,0,6,11,66,147,218,253,253,253,253,239,60,0,0,0,0,0,0,0,0,0,0,0,0,0,0,0,8,144,210,253,253,253,253,253,238,188,123,46,0,0,0,0,0,0,0,0,0,0,0,0,0,0,0,0,0,174,253,253,253,253,214,93,26,0,0,0,0,0,0,0,0,0,0,0,0,0,0,0,0,0,0,0,0,174,253,253,196,79,2,0,0,0,0,0,0,0,0,0,0,0,0,0,0,0,0,0,0,0,0,0,0,174,253,253,63,0,0,0,0,0,0,0,0,0,0,0,0,0,0,0,0,0,0,0,0,0,0,0,0,174,253,253,14,0,0,0,0,0,0,0,0,0,0,0,0,0,0,0,0,0,0,0,0,0,0,0,0,174,253,253,146,64,33,0,0,0,0,0,0,0,0,0,0,0,0,0,0,0,0,0,0,0,0,0,0,137,253,253,253,253,242,194,132,15,0,0,0,0,0,0,0,0,0,0,0,0,0,0,0,0,0,0,0,31,220,253,253,253,253,253,253,199,37,0,0,0,0,0,0,0,0,0,0,0,0,0,0,0,0,0,0,0,26,122,110,148,148,231,253,253,185,1,0,0,0,0,0,0,0,0,0,0,0,0,0,0,0,0,0,0,0,0,0,0,0,41,231,253,253,92,0,0,0,0,0,0,0,0,0,0,0,0,0,0,0,0,0,0,0,0,0,0,0,0,88,236,253,134,0,0,0,0,0,0,0,0,0,0,0,0,0,0,0,0,0,0,0,0,0,0,0,0,0,214,253,228,0,0,0,0,0,0,0,0,0,0,0,0,0,0,0,0,0,0,0,0,0,0,0,0,40,234,253,179,0,0,0,0,0,0,0,0,0,0,0,0,0,0,0,0,0,0,0,0,0,0,0,34,189,253,253,98,0,0,0,0,0,0,0,0,0,0,0,0,0,0,0,0,11,203,172,10,6,35,133,223,253,253,175,3,0,0,0,0,0,0,0,0,0,0,0,0,0,0,0,0,21,253,253,173,155,253,253,253,253,167,22,0,0,0,0,0,0,0,0,0,0,0,0,0,0,0,0,0,17,240,253,253,253,253,253,215,47,5,0,0,0,0,0,0,0,0,0,0,0,0,0,0,0,0,0,0,0,107,205,253,198,153,56,11,0,0,0,0,0,0,0,0,0,0,0,0,0,0,0,0,0,0,0,0,0,0,0,0,0,0,0,0,0,0,0,0,0,0,0,0,0,0,0,0,0,0,0,0,0,0,0,0,0,0,0,0,0,0,0,0,0,0,0,0,0,0,0,0,0,0,0,0,0,0,0,0,0,0,0,0,0,0,0,0,0,0,0,0,0,0,0,0,0,0,0,0,0,0,0,0
8,0,0,0,0,0,0,0,0,0,0,0,0,0,0,0,0,0,0,0,0,0,0,0,0,0,0,0,0,0,0,0,0,0,0,0,0,0,0,0,0,0,0,0,0,0,0,0,0,0,0,0,0,0,0,0,0,0,0,0,0,0,0,0,0,0,0,0,0,0,0,0,0,0,0,0,0,0,0,0,0,0,0,0,0,0,0,0,0,0,0,0,0,0,0,0,0,0,0,0,0,0,0,0,0,0,0,0,0,0,0,0,0,0,0,0,0,0,0,0,0,0,0,0,0,0,0,0,0,0,0,0,0,0,0,0,0,0,0,0,0,0,0,0,0,0,0,0,0,0,0,82,214,253,254,172,214,253,254,253,234,112,0,0,0,0,0,0,0,0,0,0,0,0,0,0,0,0,123,243,192,151,253,252,233,151,151,192,253,252,82,0,0,0,0,0,0,0,0,0,0,0,0,0,11,173,254,192,0,0,123,243,102,0,0,0,173,253,173,10,0,0,0,0,0,0,0,0,0,0,0,0,92,252,172,30,0,0,0,122,61,0,0,0,10,212,253,50,0,0,0,0,0,0,0,0,0,0,0,0,214,253,82,0,0,0,0,0,0,0,0,0,0,203,254,50,0,0,0,0,0,0,0,0,0,0,0,0,253,212,0,0,0,0,0,0,0,0,0,0,21,223,172,10,0,0,0,0,0,0,0,0,0,0,0,21,254,151,0,0,0,0,0,0,0,0,0,0,132,253,82,0,0,0,0,0,0,0,0,0,0,0,0,61,253,151,0,0,0,0,0,0,0,82,102,142,253,130,0,0,0,0,0,0,0,0,0,0,0,0,0,0,234,253,62,0,0,0,0,0,0,203,254,253,224,20,0,0,0,0,0,0,0,0,0,0,0,0,0,0,51,232,203,142,123,203,203,203,203,243,253,252,243,122,0,0,0,0,0,0,0,0,0,0,0,0,0,0,0,41,193,253,254,253,254,253,254,172,82,82,234,253,123,0,0,0,0,0,0,0,0,0,0,0,0,0,0,82,233,252,192,151,151,70,50,10,0,0,51,232,243,40,0,0,0,0,0,0,0,0,0,0,0,0,51,233,224,81,0,0,0,0,0,0,0,0,0,183,254,151,0,0,0,0,0,0,0,0,0,0,0,0,193,252,61,0,0,0,0,0,0,0,0,0,0,20,253,192,0,0,0,0,0,0,0,0,0,0,0,0,254,131,0,0,0,0,0,0,0,0,0,0,0,0,254,192,0,0,0,0,0,0,0,0,0,0,0,0,253,91,0,0,0,0,0,0,0,0,0,0,0,41,253,151,0,0,0,0,0,0,0,0,0,0,0,0,254,213,21,0,0,0,0,0,0,0,0,0,11,213,255,131,0,0,0,0,0,0,0,0,0,0,0,0,131,252,223,40,0,0,0,0,0,0,0,82,213,252,131,10,0,0,0,0,0,0,0,0,0,0,0,0,0,82,203,223,254,213,152,152,152,152,254,253,224,81,0,0,0,0,0,0,0,0,0,0,0,0,0,0,0,0,0,20,112,192,253,252,253,171,151,111,20,0,0,0,0,0,0,0,0,0,0,0,0,0,0,0,0,0,0,0,0,0,0,0,0,0,0,0,0,0,0,0,0,0,0,0,0,0,0,0,0,0,0,0,0,0,0,0,0,0,0,0,0,0,0,0,0,0,0,0,0,0,0,0,0,0,0,0,0,0,0,0,0,0,0,0,0,0,0,0,0,0,0,0,0,0,0,0,0,0,0,0,0
0,0,0,0,0,0,0,0,0,0,0,0,0,0,0,0,0,0,0,0,0,0,0,0,0,0,0,0,0,0,0,0,0,0,0,0,0,0,0,0,0,0,0,0,0,0,0,0,0,0,0,0,0,0,0,0,0,0,0,0,0,0,0,0,0,0,0,0,0,0,0,0,0,0,0,0,0,0,0,0,0,0,0,0,0,0,0,0,0,0,0,0,0,0,0,0,0,0,0,0,0,0,0,0,0,0,0,0,0,0,0,0,0,0,0,0,0,0,0,0,0,0,0,0,0,0,0,73,176,253,253,124,0,0,0,0,0,0,0,0,0,0,0,0,0,0,0,0,0,0,0,0,0,0,105,253,251,251,251,251,145,62,0,0,0,0,0,0,0,0,0,0,0,0,0,0,0,0,0,0,58,217,241,253,251,251,251,251,253,231,56,0,0,0,0,0,0,0,0,0,0,0,0,0,0,0,0,63,231,251,251,253,251,251,251,251,253,251,230,62,0,0,0,0,0,0,0,0,0,0,0,0,0,0,53,221,251,251,251,253,251,251,251,251,253,251,251,142,0,0,0,0,0,0,0,0,0,0,0,0,0,53,255,253,253,253,253,255,253,253,253,253,255,253,253,143,0,0,0,0,0,0,0,0,0,0,0,0,63,221,253,251,251,251,251,253,251,251,251,251,253,251,251,142,0,0,0,0,0,0,0,0,0,0,0,0,109,251,253,251,251,251,251,164,35,35,113,241,253,251,251,142,0,0,0,0,0,0,0,0,0,0,0,16,170,251,253,251,251,204,142,0,0,0,0,180,253,251,251,142,0,0,0,0,0,0,0,0,0,0,0,37,251,251,253,251,225,41,0,0,0,0,0,180,253,251,251,142,0,0,0,0,0,0,0,0,0,0,0,218,253,253,255,253,216,0,0,0,0,0,0,182,255,253,253,143,0,0,0,0,0,0,0,0,0,0,84,236,251,251,253,251,112,0,0,0,0,0,63,221,253,251,251,142,0,0,0,0,0,0,0,0,0,0,144,251,251,251,253,230,30,0,0,0,0,58,231,251,253,251,220,20,0,0,0,0,0,0,0,0,0,0,144,251,251,251,221,61,0,0,0,0,63,231,251,251,253,251,215,0,0,0,0,0,0,0,0,0,0,0,144,251,251,251,232,180,154,0,130,182,221,251,251,251,253,251,86,0,0,0,0,0,0,0,0,0,0,0,145,253,253,253,255,253,253,253,253,255,253,253,253,253,255,108,0,0,0,0,0,0,0,0,0,0,0,0,144,251,251,251,253,251,251,251,251,253,251,251,251,251,211,46,0,0,0,0,0,0,0,0,0,0,0,0,20,195,251,251,253,251,251,251,251,253,251,246,215,86,25,0,0,0,0,0,0,0,0,0,0,0,0,0,0,21,189,251,253,251,251,251,251,253,251,137,0,0,0,0,0,0,0,0,0,0,0,0,0,0,0,0,0,0,31,71,72,174,251,251,122,72,71,10,0,0,0,0,0,0,0,0,0,0,0,0,0,0,0,0,0,0,0,0,0,0,0,0,0,0,0,0,0,0,0,0,0,0,0,0,0,0,0,0,0,0,0,0,0,0,0,0,0,0,0,0,0,0,0,0,0,0,0,0,0,0,0,0,0,0,0,0,0,0,0,0,0,0,0,0,0,0,0,0,0,0,0,0,0,0,0,0,0,0,0,0,0,0,0,0,0,0,0,0,0,0,0,0,0,0,0,0,0,0,0,0,0,0,0,0,0,0,0,0,0,0,0
9,0,0,0,0,0,0,0,0,0,0,0,0,0,0,0,0,0,0,0,0,0,0,0,0,0,0,0,0,0,0,0,0,0,0,0,0,0,0,0,0,0,0,0,0,0,0,0,0,0,0,0,0,0,0,0,0,0,0,0,0,0,0,0,0,0,0,0,0,0,0,0,0,0,0,0,0,0,0,0,0,0,0,0,0,0,0,0,0,0,0,0,0,0,0,0,0,0,0,0,0,0,0,0,0,0,0,0,0,0,0,0,0,0,0,0,0,0,0,0,0,0,0,0,0,0,0,0,0,0,0,0,0,0,0,0,0,0,0,0,0,0,0,0,0,0,0,0,0,0,0,0,0,0,176,213,16,0,0,0,0,0,0,0,0,0,0,0,0,0,0,0,0,0,0,0,0,0,0,115,217,218,248,254,99,0,0,0,0,0,0,0,0,0,0,0,0,0,0,0,0,0,0,0,0,0,156,255,202,255,254,254,233,0,0,0,0,0,0,0,0,0,0,0,0,0,0,0,0,0,0,0,0,32,248,202,47,212,88,233,253,125,0,0,0,0,0,0,0,0,0,0,0,0,0,0,0,0,0,0,0,140,253,42,73,134,0,11,217,243,88,0,0,0,0,0,0,0,0,0,0,0,0,0,0,0,0,0,0,181,232,0,94,32,0,0,63,254,180,0,0,0,0,0,0,0,0,0,0,0,0,0,0,0,0,0,1,192,150,0,42,0,0,0,0,120,119,0,0,0,0,0,0,0,0,0,0,0,0,0,0,0,0,0,1,253,88,0,0,0,0,0,0,140,139,0,0,0,0,0,0,0,0,0,0,0,0,0,0,0,0,0,73,254,36,0,0,0,0,0,0,202,233,11,0,0,0,0,0,0,0,0,0,0,0,0,0,0,0,0,73,253,36,0,0,0,0,0,0,139,253,73,0,0,0,0,0,0,0,0,0,0,0,0,0,0,0,0,1,254,119,0,0,0,0,0,0,110,254,125,0,0,0,0,0,0,0,0,0,0,0,0,0,0,0,0,1,191,243,21,0,0,0,0,0,171,253,145,0,0,0,0,0,0,0,0,0,0,0,0,0,0,0,0,0,53,249,244,99,37,37,110,192,254,254,145,0,0,0,0,0,0,0,0,0,0,0,0,0,0,0,0,0,0,94,254,253,254,253,254,253,233,253,166,0,0,0,0,0,0,0,0,0,0,0,0,0,0,0,0,0,0,0,11,115,197,155,145,83,11,228,223,6,0,0,0,0,0,0,0,0,0,0,0,0,0,0,0,0,0,0,0,0,0,0,0,0,0,155,254,36,0,0,0,0,0,0,0,0,0,0,0,0,0,0,0,0,0,0,0,0,0,0,0,0,0,73,254,109,0,0,0,0,0,0,0,0,0,0,0,0,0,0,0,0,0,0,0,0,0,0,0,0,0,73,254,149,0,0,0,0,0,0,0,0,0,0,0,0,0,0,0,0,0,0,0,0,0,0,0,0,0,21,223,212,0,0,0,0,0,0,0,0,0,0,0,0,0,0,0,0,0,0,0,0,0,0,0,0,0,0,160,253,42,0,0,0,0,0,0,0,0,0,0,0,0,0,0,0,0,0,0,0,0,0,0,0,0,0,0,0,0,0,0,0,0,0,0,0,0,0,0,0,0,0,0,0,0,0,0,0,0,0,0,0,0,0,0,0,0,0,0,0,0,0,0,0,0,0,0,0,0,0,0,0,0,0,0,0,0,0,0,0,0,0,0,0,0,0,0,0,0,0,0,0
3,0,0,0,0,0,0,0,0,0,0,0,0,0,0,0,0,0,0,0,0,0,0,0,0,0,0,0,0,0,0,0,0,0,0,0,0,0,0,0,0,0,0,0,0,0,0,0,0,0,0,0,0,0,0,0,0,0,0,0,0,0,0,0,0,0,0,0,0,0,0,0,0,0,0,0,0,0,0,0,0,0,0,0,0,0,0,0,0,0,0,0,0,0,0,0,0,0,0,0,0,0,0,0,0,0,0,0,0,0,0,0,0,0,0,0,0,0,0,0,0,0,0,0,0,0,0,0,0,0,0,0,0,0,0,0,0,0,0,0,0,0,0,0,0,0,0,0,0,0,0,191,255,255,255,255,255,255,255,128,0,0,0,0,0,0,0,0,0,0,0,0,0,0,0,0,64,191,255,255,255,255,255,255,255,255,255,255,128,0,0,0,0,0,0,0,0,0,0,0,0,0,0,128,255,255,255,255,255,255,191,128,128,255,255,255,255,64,0,0,0,0,0,0,0,0,0,0,0,0,0,191,255,255,128,64,0,0,0,0,0,0,64,255,255,191,0,0,0,0,0,0,0,0,0,0,0,0,0,0,0,0,0,0,0,0,0,0,0,64,191,255,255,128,0,0,0,0,0,0,0,0,0,0,0,0,0,0,0,0,0,0,0,0,0,0,128,255,255,255,191,0,0,0,0,0,0,0,0,0,0,0,0,0,0,0,0,0,0,0,0,0,128,191,255,255,255,191,64,0,0,0,0,0,0,0,0,0,0,0,0,0,0,0,0,0,0,64,128,255,255,255,255,255,191,0,0,0,0,0,0,0,0,0,0,0,0,0,0,0,0,0,0,0,255,255,255,255,255,255,255,255,255,128,64,0,0,0,0,0,0,0,0,0,0,0,0,0,0,0,0,64,255,255,255,255,255,255,255,255,255,255,255,191,0,0,0,0,0,0,0,0,0,0,0,0,0,0,0,0,128,255,128,128,128,128,128,128,255,255,255,255,128,0,0,0,0,0,0,0,0,0,0,0,0,0,0,0,0,0,0,0,0,0,0,0,0,64,191,255,255,0,0,0,0,0,0,0,0,0,0,0,0,0,0,0,0,0,0,0,0,0,0,0,0,0,255,255,191,0,0,0,0,0,0,0,0,0,0,0,0,0,0,0,0,0,0,0,0,0,0,0,0,191,255,255,128,0,0,0,0,0,0,0,0,0,0,0,0,0,0,0,0,0,0,0,0,0,0,0,64,255,255,255,0,0,0,0,0,0,0,0,0,0,0,0,0,0,0,0,0,0,0,0,0,0,0,191,255,255,255,191,0,0,0,0,0,0,0,0,0,0,0,0,0,64,128,0,0,0,0,0,0,0,255,255,255,255,191,0,0,0,0,0,0,0,0,0,0,0,0,0,0,128,255,255,128,128,128,128,191,255,255,255,255,191,0,0,0,0,0,0,0,0,0,0,0,0,0,0,0,128,255,255,255,255,255,255,255,255,255,191,128,0,0,0,0,0,0,0,0,0,0,0,0,0,0,0,0,0,64,191,255,255,255,255,191,128,64,0,0,0,0,0,0,0,0,0,0,0,0,0,0,0,0,0,0,0,0,0,0,0,0,0,0,0,0,0,0,0,0,0,0,0,0,0,0,0,0,0,0,0,0,0,0,0,0,0,0,0,0,0,0,0,0,0,0,0,0,0,0,0,0,0,0,0,0,0,0,0,0,0,0,0,0,0,0,0,0,0,0,0,0,0,0,0,0,0,0,0,0,0,0,0,0
2,0,0,0,0,0,0,0,0,0,0,0,0,0,0,0,0,0,0,0,0,0,0,0,0,0,0,0,0,0,0,0,0,0,0,0,0,0,0,0,0,0,0,0,22,224,22,0,0,0,0,0,0,0,0,0,0,0,0,0,0,0,0,0,0,0,0,0,0,0,0,0,32,253,76,0,0,0,0,0,0,0,0,0,0,0,0,0,0,0,0,0,0,0,0,0,0,0,0,0,6,215,221,8,0,0,0,0,0,0,0,0,0,0,0,0,0,0,0,0,0,0,0,0,0,0,0,0,0,161,253,16,0,0,0,0,0,0,0,0,0,0,0,0,0,0,0,0,0,0,0,0,0,0,0,0,0,53,253,16,0,0,0,0,0,0,0,0,0,0,0,0,0,0,0,0,0,0,0,0,0,0,0,0,0,15,232,95,0,0,0,0,0,0,0,0,0,0,0,0,0,0,0,0,0,0,0,0,0,0,0,0,0,0,222,95,0,0,0,0,0,0,0,0,0,0,0,0,0,0,0,0,0,0,0,0,0,0,0,0,0,0,222,95,0,0,0,0,0,0,0,0,0,0,0,0,0,0,0,0,0,0,0,0,0,0,0,0,0,0,222,95,0,0,0,0,0,0,0,0,0,0,0,0,0,0,0,0,0,0,0,0,0,0,0,0,0,45,251,95,0,0,0,0,0,0,0,0,0,0,0,0,0,0,0,0,0,0,0,0,0,0,0,0,0,53,254,16,0,0,0,0,0,0,0,0,0,0,0,0,0,0,0,0,0,0,0,0,0,0,0,0,0,161,245,14,0,0,0,0,0,0,0,0,0,0,0,0,0,0,0,0,0,0,0,0,0,0,0,0,16,230,150,0,0,0,0,0,0,0,0,0,0,0,0,0,0,0,0,0,0,0,0,8,64,133,94,0,122,253,41,0,0,0,0,0,0,0,0,0,0,0,0,0,0,0,0,0,0,0,60,195,253,253,253,239,249,223,12,0,0,0,0,0,0,0,0,0,0,0,0,0,0,0,0,0,0,55,255,172,40,0,50,200,254,209,2,0,0,0,0,0,0,0,0,0,0,0,0,0,0,0,0,0,0,115,232,16,0,0,10,209,239,247,109,2,0,0,0,0,0,0,0,0,0,0,0,0,0,0,0,0,0,173,158,0,0,0,159,251,66,151,253,134,80,0,0,0,0,0,0,0,0,0,0,0,0,0,0,0,0,193,237,109,104,212,251,104,0,6,170,209,45,0,0,0,0,0,0,0,0,0,0,0,0,0,0,0,0,35,204,253,253,208,50,0,0,0,0,5,0,0,0,0,0,0,0,0,0,0,0,0,0,0,0,0,0,0,0,0,0,0,0,0,0,0,0,0,0,0,0,0,0,0,0,0,0,0,0,0,0,0,0,0,0,0,0,0,0,0,0,0,0,0,0,0,0,0,0,0,0,0,0,0,0,0,0,0,0,0,0,0,0,0,0,0,0,0,0,0,0,0,0,0,0,0,0,0,0,0,0,0,0,0,0,0,0,0,0,0,0,0,0,0,0,0,0,0,0,0,0,0,0,0,0,0,0,0,0,0,0,0,0,0,0,0,0,0,0,0,0,0,0,0,0,0,0,0,0,0,0,0,0,0,0,0,0,0,0,0,0,0,0,0,0,0,0,0,0,0,0,0,0,0,0,0,0,0,0,0,0,0,0,0,0,0,0,0,0,0,0,0,0,0,0,0,0,0,0,0,0,0,0,0,0,0,0,0,0,0,0,0,0,0,0
3,0,0,0,0,0,0,0,0,0,0,0,0,0,0,0,0,0,0,0,0,0,0,0,0,0,0,0,0,0,0,0,0,0,0,0,0,0,0,0,0,0,0,0,0,0,0,0,0,0,0,0,0,0,0,0,0,0,0,0,0,0,0,0,0,0,0,0,0,0,0,0,0,0,0,0,0,0,0,0,0,0,0,0,0,0,0,0,0,0,0,0,0,0,0,0,0,0,0,0,0,0,0,0,0,0,0,0,0,0,0,0,0,0,0,0,0,0,0,0,0,0,0,0,0,0,0,0,0,0,0,0,0,0,0,0,0,0,0,0,0,0,0,0,0,0,0,0,0,0,0,0,0,0,0,0,0,0,0,0,0,0,0,0,0,0,0,0,0,0,0,0,0,0,0,128,128,128,128,255,255,128,128,128,128,64,0,0,0,0,0,0,0,0,0,0,0,0,0,0,0,0,128,255,255,255,255,255,255,255,255,255,255,255,255,255,128,0,0,0,0,0,0,0,0,0,0,0,0,0,64,255,255,255,255,255,255,255,255,255,255,255,255,255,255,191,0,0,0,0,0,0,0,0,0,0,0,0,0,0,64,0,0,0,0,0,128,128,255,255,255,255,255,255,0,0,0,0,0,0,0,0,0,0,0,0,0,0,0,0,0,0,0,0,128,191,255,255,255,255,255,128,0,0,0,0,0,0,0,0,0,0,0,0,0,0,0,0,64,128,255,255,255,255,255,255,255,128,64,0,0,0,0,0,0,0,0,0,0,0,0,0,0,0,128,191,255,255,255,255,255,255,255,191,64,0,0,0,0,0,0,0,0,0,0,0,0,0,0,0,64,255,255,255,255,255,255,255,255,255,255,191,128,128,64,0,0,0,0,0,0,0,0,0,0,0,0,0,128,255,255,255,255,255,255,255,255,255,255,255,255,255,255,255,191,0,0,0,0,0,0,0,0,0,0,0,128,255,255,255,255,255,255,255,255,191,255,255,255,255,255,255,255,128,0,0,0,0,0,0,0,0,0,0,0,128,128,64,0,0,0,0,0,0,0,0,0,0,191,255,255,128,0,0,0,0,0,0,0,0,0,0,0,0,0,0,0,0,0,0,0,0,0,0,0,64,255,255,255,128,0,0,0,0,0,0,0,0,0,0,0,0,0,0,0,0,0,0,0,0,0,0,128,255,255,255,255,64,0,0,0,0,0,0,0,0,0,0,0,0,0,0,0,0,0,0,0,0,0,191,255,255,255,255,0,0,0,0,0,0,0,0,0,0,0,0,0,0,0,0,0,0,0,0,0,64,255,255,255,255,191,64,0,0,0,0,0,0,0,0,0,0,0,0,0,0,0,0,0,0,0,0,191,255,255,255,255,128,0,0,0,0,0,0,0,0,0,0,0,0,0,0,0,0,0,0,0,64,128,255,255,255,255,191,64,0,0,0,0,0,0,0,0,0,0,0,0,0,0,0,0,0,0,64,191,255,255,255,255,255,128,0,0,0,0,0,0,0,0,0,0,0,0,0,0,0,0,0,0,0,0,255,255,255,255,255,128,0,0,0,0,0,0,0,0,0,0,0,0,0,0,0,0,0,0,0,0,0,0,255,255,255,128,0,0,0,0,0,0,0,0,0,0,0,0,0,0,0,0,0,0,0,0,0,0,0,0,0,0,0,0,0,0,0,0,0,0,0,0,0,0,0,0,0,0,0,0,0,0,0,0,0,0,0,0,0,0,0,0,0,0,0,0,0,0,0,0,0,0,0,0,0,0,0,0
0,0,0,0,0,0,0,0,0,0,0,0,0,0,0,0,0,0,0,0,0,0,0,0,0,0,0,0,0,0,0,0,0,0,0,0,0,0,0,0,0,0,0,0,0,0,0,0,0,0,0,0,0,0,0,0,0,0,0,0,0,0,0,0,0,0,0,0,0,0,0,0,0,0,0,0,0,0,0,0,0,0,0,0,0,0,0,0,0,0,0,0,0,0,0,0,0,0,0,0,0,0,0,0,0,0,0,0,0,0,0,0,0,0,0,0,0,0,0,0,0,0,0,0,0,0,0,0,0,0,0,0,0,0,0,0,0,0,0,0,0,0,0,0,0,0,0,0,0,0,0,0,0,0,62,106,105,99,0,0,0,0,0,0,0,0,0,0,0,0,0,0,0,0,0,0,0,0,0,0,110,208,234,253,252,249,208,164,60,28,0,0,0,0,0,0,0,0,0,0,0,0,0,0,0,0,29,164,247,252,252,253,252,252,252,252,252,126,1,0,0,0,0,0,0,0,0,0,0,0,0,0,0,106,213,252,252,252,252,253,252,252,252,252,252,252,85,0,0,0,0,0,0,0,0,0,0,0,0,5,145,248,252,252,252,252,252,253,252,252,252,252,252,252,241,96,0,0,0,0,0,0,0,0,0,0,0,121,252,252,252,252,252,252,252,241,246,252,252,252,252,252,252,239,74,0,0,0,0,0,0,0,0,0,32,210,252,252,252,252,252,252,172,70,98,205,252,252,252,252,252,252,103,0,0,0,0,0,0,0,0,0,200,252,252,252,241,84,67,136,6,0,0,23,252,252,252,252,252,252,244,0,0,0,0,0,0,0,0,81,242,252,252,238,95,0,0,0,0,0,0,13,207,207,207,231,252,252,252,0,0,0,0,0,0,0,0,105,252,252,252,90,0,0,0,0,0,0,0,0,0,0,0,134,252,252,252,0,0,0,0,0,0,0,0,255,253,253,253,29,0,0,0,0,0,0,0,0,0,0,0,134,253,253,253,0,0,0,0,0,0,0,0,253,252,252,252,29,0,0,0,0,0,0,0,0,0,0,61,231,252,252,128,0,0,0,0,0,0,0,0,253,252,252,252,129,14,0,0,0,0,0,0,0,8,60,226,252,252,214,36,0,0,0,0,0,0,0,0,253,252,252,252,252,236,120,7,0,0,0,0,78,182,252,252,252,252,59,0,0,0,0,0,0,0,0,0,122,252,252,252,252,252,252,225,223,223,224,223,242,252,252,252,252,172,7,0,0,0,0,0,0,0,0,0,93,229,252,252,252,252,252,252,252,252,253,252,252,252,252,248,142,48,0,0,0,0,0,0,0,0,0,0,0,28,205,252,252,252,252,252,252,252,253,252,252,252,252,142,0,0,0,0,0,0,0,0,0,0,0,0,0,0,9,85,241,252,252,252,252,252,253,252,252,252,128,4,0,0,0,0,0,0,0,0,0,0,0,0,0,0,0,0,52,164,207,207,207,120,59,181,198,59,7,0,0,0,0,0,0,0,0,0,0,0,0,0,0,0,0,0,0,0,0,0,0,0,0,0,0,0,0,0,0,0,0,0,0,0,0,0,0,0,0,0,0,0,0,0,0,0,0,0,0,0,0,0,0,0,0,0,0,0,0,0,0,0,0,0,0,0,0,0,0,0,0,0,0,0,0,0,0,0,0,0,0,0,0,0,0,0,0,0,0,0,0,0,0,0,0,0,0,0,0,0,0,0,0,0,0,0,0,0,0,0,0,0,0,0,0,0,0,0,0,0
2,0,0,0,0,0,0,0,0,0,0,0,0,0,0,0,0,0,0,0,0,0,0,0,0,0,0,0,0,0,0,0,0,0,0,0,0,0,0,0,0,0,0,0,0,0,0,0,0,0,0,0,0,0,0,0,0,0,0,0,0,0,0,0,0,0,0,0,0,0,0,0,0,0,0,0,0,0,0,0,0,0,0,0,0,0,0,0,0,0,0,0,0,0,0,0,15,148,253,253,255,218,30,0,0,0,0,0,0,0,0,0,0,0,0,0,0,0,0,0,0,0,0,68,211,252,252,217,183,252,212,28,0,0,0,0,0,0,0,0,0,0,0,0,0,0,0,0,0,0,0,148,252,242,56,12,4,91,251,142,4,0,0,0,0,0,0,0,0,0,0,0,0,0,0,0,0,0,0,67,189,129,0,0,0,0,232,252,68,0,0,0,0,0,0,0,0,0,0,0,0,0,0,0,0,0,0,0,0,0,0,0,0,0,232,252,147,0,0,0,0,0,0,0,0,0,0,0,0,0,0,0,0,0,0,0,0,0,0,0,0,0,110,253,147,0,0,0,0,0,0,0,0,0,0,0,0,0,0,0,0,0,0,0,0,0,0,0,0,0,22,252,226,0,0,0,0,0,0,0,0,0,0,0,0,0,0,0,0,0,0,0,0,0,0,0,0,0,22,252,252,0,0,0,0,0,0,0,0,0,0,0,0,0,0,0,0,0,0,0,0,0,0,0,0,0,22,252,252,0,0,0,0,0,0,0,0,0,0,0,0,0,0,0,0,0,0,0,0,0,0,0,0,0,66,252,208,0,0,0,0,0,0,0,0,0,0,0,0,0,0,0,0,0,18,43,43,4,0,0,0,0,233,253,147,0,0,0,0,0,0,0,0,0,0,0,0,0,0,0,8,112,216,253,252,195,99,0,0,100,247,231,54,0,0,0,0,0,0,0,0,0,0,0,0,0,0,8,217,238,187,127,161,251,247,188,145,247,251,86,0,0,0,0,0,0,0,0,0,0,0,0,0,0,0,112,252,84,0,0,0,86,231,252,253,252,134,0,0,0,0,0,0,0,0,0,0,0,0,0,0,0,36,242,244,49,0,0,0,0,126,252,253,252,65,0,0,0,0,0,0,0,0,0,0,0,0,0,0,0,43,253,232,0,0,0,32,148,253,253,219,253,253,156,7,0,0,0,0,0,0,0,0,0,0,0,0,0,43,252,238,28,0,103,237,252,231,124,11,98,246,252,156,36,0,0,0,0,0,0,0,0,0,0,0,0,4,142,252,239,232,253,245,178,51,0,0,0,125,237,252,224,127,28,0,0,0,0,0,0,0,0,0,0,0,28,180,189,242,172,56,0,0,0,0,0,0,21,172,253,252,245,99,11,0,0,0,0,0,0,0,0,0,0,0,0,35,0,0,0,0,0,0,0,0,0,0,60,147,244,252,42,0,0,0,0,0,0,0,0,0,0,0,0,0,0,0,0,0,0,0,0,0,0,0,0,0,0,0,0,0,0,0,0,0,0,0,0,0,0,0,0,0,0,0,0,0,0,0,0,0,0,0,0,0,0,0,0,0,0,0,0,0,0,0,0,0,0,0,0,0,0,0,0,0,0,0,0,0,0,0,0,0,0,0,0,0,0,0,0,0,0,0,0,0,0,0,0,0,0,0,0,0,0,0,0,0,0,0,0,0,0,0,0,0,0,0,0,0,0,0,0,0,0,0,0,0,0,0,0,0,0,0,0,0,0,0,0,0,0,0,0,0,0,0
1,0,0,0,0,0,0,0,0,0,0,0,0,0,0,0,0,0,0,0,0,0,0,0,0,0,0,0,0,0,0,0,0,0,0,0,0,0,0,0,0,0,0,0,0,0,0,0,0,0,0,0,0,0,0,0,0,0,0,0,0,0,0,0,0,0,0,0,0,0,0,0,0,0,0,0,0,0,0,0,0,0,0,0,0,0,0,0,0,0,0,0,0,0,0,0,0,0,0,0,0,0,0,0,0,0,0,0,0,0,0,0,0,0,0,0,0,0,0,0,60,255,133,48,0,0,0,0,0,0,0,0,0,0,0,0,0,0,0,0,0,0,0,0,0,0,0,0,138,253,251,220,43,0,0,0,0,0,0,0,0,0,0,0,0,0,0,0,0,0,0,0,0,0,0,0,0,173,251,251,220,48,0,0,0,0,0,0,0,0,0,0,0,0,0,0,0,0,0,0,0,0,0,0,0,72,236,251,251,232,0,0,0,0,0,0,0,0,0,0,0,0,0,0,0,0,0,0,0,0,0,0,0,0,190,251,251,251,100,0,0,0,0,0,0,0,0,0,0,0,0,0,0,0,0,0,0,0,0,0,0,0,20,206,253,253,255,63,0,0,0,0,0,0,0,0,0,0,0,0,0,0,0,0,0,0,0,0,0,0,0,32,229,251,253,185,16,0,0,0,0,0,0,0,0,0,0,0,0,0,0,0,0,0,0,0,0,0,0,0,221,251,253,251,126,0,0,0,0,0,0,0,0,0,0,0,0,0,0,0,0,0,0,0,0,0,0,0,83,251,253,251,236,27,0,0,0,0,0,0,0,0,0,0,0,0,0,0,0,0,0,0,0,0,0,0,24,193,253,251,251,129,0,0,0,0,0,0,0,0,0,0,0,0,0,0,0,0,0,0,0,0,0,0,0,100,255,253,253,189,0,0,0,0,0,0,0,0,0,0,0,0,0,0,0,0,0,0,0,0,0,0,0,0,253,251,251,196,12,0,0,0,0,0,0,0,0,0,0,0,0,0,0,0,0,0,0,0,0,0,0,0,253,251,251,251,173,0,0,0,0,0,0,0,0,0,0,0,0,0,0,0,0,0,0,0,0,0,0,0,91,236,251,251,251,40,0,0,0,0,0,0,0,0,0,0,0,0,0,0,0,0,0,0,0,0,0,0,0,190,251,251,251,158,0,0,0,0,0,0,0,0,0,0,0,0,0,0,0,0,0,0,0,0,0,0,0,191,253,253,253,159,0,0,0,0,0,0,0,0,0,0,0,0,0,0,0,0,0,0,0,0,0,0,0,190,251,251,251,158,0,0,0,0,0,0,0,0,0,0,0,0,0,0,0,0,0,0,0,0,0,0,0,190,251,251,251,158,0,0,0,0,0,0,0,0,0,0,0,0,0,0,0,0,0,0,0,0,0,0,0,150,251,251,251,158,0,0,0,0,0,0,0,0,0,0,0,0,0,0,0,0,0,0,0,0,0,0,0,32,251,251,251,59,0,0,0,0,0,0,0,0,0,0,0,0,0,0,0,0,0,0,0,0,0,0,0,0,0,0,0,0,0,0,0,0,0,0,0,0,0,0,0,0,0,0,0,0,0,0,0,0,0,0,0,0,0,0,0,0,0,0,0,0,0,0,0,0,0,0,0,0,0,0,0,0,0,0,0,0,0,0,0,0,0,0,0,0,0,0,0,0,0,0,0,0,0,0,0,0,0,0,0,0,0,0,0,0,0,0,0,0,0,0,0,0,0,0,0,0,0,0,0,0,0
4,0,0,0,0,0,0,0,0,0,0,0,0,0,0,0,0,0,0,0,0,0,0,0,0,0,0,0,0,0,0,0,0,0,0,0,0,0,0,0,0,0,0,0,0,0,0,0,0,0,0,0,0,0,0,0,0,0,0,0,0,0,0,0,0,0,0,0,0,0,0,0,0,0,0,0,0,0,0,0,0,0,0,0,0,0,0,0,0,0,0,0,0,0,0,0,0,0,0,0,0,0,0,0,0,0,0,0,0,0,0,0,0,0,0,0,0,0,0,0,0,0,0,0,0,0,0,0,0,0,0,0,0,0,0,0,0,0,0,0,0,0,0,0,0,0,0,0,0,0,0,0,87,245,253,126,0,0,81,12,0,0,0,0,0,0,0,0,0,0,0,0,0,0,0,0,0,0,0,0,41,204,252,191,0,55,245,88,0,0,0,0,0,0,0,0,0,0,0,0,0,0,0,0,0,0,0,5,193,252,252,68,0,209,252,178,0,0,0,0,0,0,0,0,0,0,0,0,0,0,0,0,0,0,0,60,252,252,252,0,64,251,252,149,0,0,0,0,0,0,0,0,0,0,0,0,0,0,0,0,0,0,0,84,252,252,228,0,67,252,252,197,0,0,0,0,0,0,0,0,0,0,0,0,0,0,0,0,0,0,70,224,252,225,45,0,153,252,252,111,0,0,0,0,0,0,0,0,0,0,0,0,0,0,0,0,0,3,191,252,252,123,0,0,176,252,232,8,0,0,0,0,0,0,0,0,0,0,0,0,0,0,0,0,0,32,229,252,245,54,0,0,110,252,244,54,0,0,0,0,0,0,0,0,0,0,0,0,0,0,0,0,7,116,252,249,144,0,0,0,100,252,246,61,0,121,43,0,0,0,0,0,0,0,0,0,0,0,0,0,119,252,252,193,0,0,0,29,243,252,240,111,111,239,134,0,0,0,0,0,0,0,0,0,0,0,0,0,243,253,253,52,53,177,253,255,253,253,253,253,253,253,209,0,0,0,0,0,0,0,0,0,0,0,0,70,249,252,252,252,252,252,252,253,252,252,252,209,186,133,63,0,0,0,0,0,0,0,0,0,0,0,0,190,252,252,252,252,252,222,153,210,252,252,100,15,0,0,0,0,0,0,0,0,0,0,0,0,0,0,0,52,178,206,121,20,10,7,0,201,252,252,10,0,0,0,0,0,0,0,0,0,0,0,0,0,0,0,0,0,0,0,0,0,0,0,0,181,252,252,83,0,0,0,0,0,0,0,0,0,0,0,0,0,0,0,0,0,0,0,0,0,0,0,0,182,252,252,82,0,0,0,0,0,0,0,0,0,0,0,0,0,0,0,0,0,0,0,0,0,0,0,0,253,252,205,10,0,0,0,0,0,0,0,0,0,0,0,0,0,0,0,0,0,0,0,0,0,0,0,0,234,252,214,183,0,0,0,0,0,0,0,0,0,0,0,0,0,0,0,0,0,0,0,0,0,0,0,0,143,252,252,196,0,0,0,0,0,0,0,0,0,0,0,0,0,0,0,0,0,0,0,0,0,0,0,0,96,252,166,16,0,0,0,0,0,0,0,0,0,0,0,0,0,0,0,0,0,0,0,0,0,0,0,0,0,0,0,0,0,0,0,0,0,0,0,0,0,0,0,0,0,0,0,0,0,0,0,0,0,0,0,0,0,0,0,0,0,0,0,0,0,0,0,0,0,0,0,0,0,0,0,0,0,0,0,0,0,0,0,0,0,0,0,0,0,0,0,0,0,0,0,0,0,0
8,0,0,0,0,0,0,0,0,0,0,0,0,0,0,0,0,0,0,0,0,0,0,0,0,0,0,0,0,0,0,0,0,0,0,0,0,0,0,0,0,0,0,0,0,0,0,0,0,0,0,0,0,0,0,0,0,0,0,0,0,0,0,0,0,0,0,0,0,0,0,0,0,0,0,0,0,0,0,0,0,0,0,0,0,0,0,0,0,0,0,0,0,0,0,0,0,0,0,0,0,0,0,0,0,0,0,0,0,0,0,0,0,0,0,0,0,0,0,0,0,0,0,0,0,0,0,0,0,0,0,0,0,0,0,0,0,0,0,0,0,0,0,0,0,0,0,0,0,0,0,16,58,151,194,220,253,130,29,0,0,0,0,0,0,0,0,0,0,0,0,0,0,0,0,0,0,0,14,189,254,254,254,254,254,254,233,42,0,0,0,0,0,0,0,0,0,0,0,0,0,0,0,0,0,0,137,254,251,145,22,36,117,240,254,232,35,0,0,0,0,0,0,0,0,0,0,0,0,0,0,0,0,0,141,254,228,0,0,0,0,42,217,254,138,0,0,0,0,0,0,0,0,0,0,0,0,0,0,0,0,0,141,254,228,0,0,0,0,0,140,254,166,0,9,16,27,26,0,0,0,0,0,0,0,0,0,0,0,0,141,254,247,54,0,0,0,0,0,250,228,93,201,223,225,214,0,0,0,0,0,0,0,0,0,0,0,0,49,254,254,78,0,0,0,4,139,254,254,254,243,145,52,17,0,0,0,0,0,0,0,0,0,0,0,0,28,238,254,78,0,42,108,185,254,254,233,136,25,0,0,0,0,0,0,0,0,0,0,0,0,0,0,0,0,185,254,196,117,240,254,254,252,189,52,0,0,0,0,0,0,0,0,0,0,0,0,0,0,0,0,0,0,33,242,254,254,254,253,138,60,0,0,0,0,0,0,0,0,0,0,0,0,0,0,0,0,0,0,0,0,33,242,254,254,230,67,0,0,0,0,0,0,0,0,0,0,0,0,0,0,0,0,0,0,0,0,0,21,224,254,254,254,90,0,0,0,0,0,0,0,0,0,0,0,0,0,0,0,0,0,0,0,0,0,33,198,254,245,228,254,167,0,0,0,0,0,0,0,0,0,0,0,0,0,0,0,0,0,0,0,0,0,95,254,254,32,164,254,251,52,0,0,0,0,0,0,0,0,0,0,0,0,0,0,0,0,0,0,0,0,95,254,195,6,21,233,254,177,0,0,0,0,0,0,0,0,0,0,0,0,0,0,0,0,0,0,0,0,95,254,78,0,0,130,254,249,0,0,0,0,0,0,0,0,0,0,0,0,0,0,0,0,0,0,0,0,95,254,137,0,0,121,254,249,0,0,0,0,0,0,0,0,0,0,0,0,0,0,0,0,0,0,0,0,52,250,243,27,11,168,254,249,0,0,0,0,0,0,0,0,0,0,0,0,0,0,0,0,0,0,0,0,0,155,254,254,254,254,240,108,0,0,0,0,0,0,0,0,0,0,0,0,0,0,0,0,0,0,0,0,0,7,81,246,255,205,114,0,0,0,0,0,0,0,0,0,0,0,0,0,0,0,0,0,0,0,0,0,0,0,0,0,0,0,0,0,0,0,0,0,0,0,0,0,0,0,0,0,0,0,0,0,0,0,0,0,0,0,0,0,0,0,0,0,0,0,0,0,0,0,0,0,0,0,0,0,0,0,0,0,0,0,0,0,0,0,0,0,0,0,0,0,0,0,0,0,0,0,0,0,0,0,0,0
9,0,0,0,0,0,0,0,0,0,0,0,0,0,0,0,0,0,0,0,0,0,0,0,0,0,0,0,0,0,0,0,0,0,0,0,0,0,0,0,0,0,0,0,0,0,0,0,0,0,0,0,0,0,0,0,0,0,0,0,0,0,0,0,0,0,0,0,0,0,0,0,0,0,0,0,0,0,0,0,0,0,0,0,0,0,0,0,0,0,0,0,0,0,0,0,0,0,0,0,0,0,0,0,0,0,0,0,0,0,0,0,0,0,0,0,0,0,0,0,0,0,0,0,0,0,0,0,0,0,0,0,0,0,0,0,0,0,0,0,0,0,0,0,0,0,0,0,0,0,0,0,0,0,0,0,0,0,0,0,0,0,0,0,0,0,0,0,0,0,0,0,0,0,0,0,0,0,0,0,0,36,125,155,135,0,0,0,0,0,0,0,0,0,0,0,0,0,0,0,0,0,0,0,0,0,0,0,98,224,255,254,253,226,40,0,0,0,0,0,0,0,0,0,0,0,0,0,0,0,0,0,0,0,0,82,252,254,254,254,197,254,209,0,0,0,0,0,0,0,0,0,0,0,0,0,0,0,0,0,0,0,38,223,254,225,116,19,9,183,231,38,0,0,0,0,0,0,0,0,0,0,0,0,0,0,0,0,0,0,210,254,254,65,0,0,21,207,254,91,0,0,0,0,0,0,0,0,0,0,0,0,0,0,0,0,0,0,223,254,185,7,0,0,101,254,254,91,0,0,0,0,0,0,0,0,0,0,0,0,0,0,0,0,0,0,223,254,109,0,0,0,184,254,254,91,0,0,0,0,0,0,0,0,0,0,0,0,0,0,0,0,0,0,223,254,135,0,0,19,205,254,254,91,0,0,0,0,0,0,0,0,0,0,0,0,0,0,0,0,0,0,223,254,82,0,0,60,254,254,223,19,0,0,0,0,0,0,0,0,0,0,0,0,0,0,0,0,0,0,223,254,196,14,0,60,254,254,181,0,0,0,0,0,0,0,0,0,0,0,0,0,0,0,0,0,0,0,192,254,254,99,60,172,254,244,65,0,0,0,0,0,0,0,0,0,0,0,0,0,0,0,0,0,0,0,26,200,254,254,254,254,254,208,0,0,0,0,0,0,0,0,0,0,0,0,0,0,0,0,0,0,0,0,0,71,208,245,255,254,254,208,0,0,0,0,0,0,0,0,0,0,0,0,0,0,0,0,0,0,0,0,0,0,0,68,119,245,254,208,0,0,0,0,0,0,0,0,0,0,0,0,0,0,0,0,0,0,0,0,0,0,0,0,0,190,254,208,0,0,0,0,0,0,0,0,0,0,0,0,0,0,0,0,0,0,0,0,0,0,0,0,0,190,254,208,0,0,0,0,0,0,0,0,0,0,0,0,0,0,0,0,0,0,0,0,0,0,0,0,0,113,254,208,0,0,0,0,0,0,0,0,0,0,0,0,0,0,0,0,0,0,0,0,0,0,0,0,0,57,251,211,34,120,0,0,0,0,0,0,0,0,0,0,0,0,0,0,0,0,0,0,0,0,0,0,0,0,184,254,254,91,0,0,0,0,0,0,0,0,0,0,0,0,0,0,0,0,0,0,0,0,0,0,0,0,90,215,166,44,0,0,0,0,0,0,0,0,0,0,0,0,0,0,0,0,0,0,0,0,0,0,0,0,0,0,0,0,0,0,0,0,0,0,0,0,0,0,0,0,0,0,0,0,0,0,0,0,0,0,0,0,0,0,0,0,0,0,0,0,0,0,0,0,0
6,0,0,0,0,0,0,0,0,0,0,0,0,0,0,0,0,0,0,0,0,0,0,0,0,0,0,0,0,0,0,0,0,0,0,0,0,0,0,0,0,0,0,0,0,0,0,0,0,0,0,0,0,0,0,0,0,0,0,0,0,0,0,0,0,0,0,0,0,0,0,0,0,0,0,0,0,0,0,0,0,0,0,0,0,0,0,0,0,0,0,0,0,0,0,0,0,0,0,0,0,0,0,0,0,0,0,0,0,0,0,0,0,0,0,0,0,0,0,0,0,0,0,0,0,0,0,0,0,0,72,206,254,255,187,0,0,0,0,0,0,0,0,0,0,0,0,0,0,0,0,0,0,0,0,0,0,71,240,253,253,253,147,0,0,0,0,0,0,0,0,0,0,0,0,0,0,0,0,0,0,0,0,23,160,249,253,253,253,227,37,0,0,0,0,0,0,0,0,0,0,0,0,0,0,0,0,0,0,0,38,228,253,253,224,73,141,87,0,0,0,0,0,0,0,0,0,0,0,0,0,0,0,0,0,0,0,0,205,253,253,221,39,0,0,0,0,0,0,0,0,0,0,0,0,0,0,0,0,0,0,0,0,0,0,18,225,253,225,35,0,0,0,0,0,0,0,0,0,0,0,0,0,0,0,0,0,0,0,0,0,0,14,195,253,180,40,0,0,0,0,0,0,0,0,0,0,0,0,0,0,0,0,0,0,0,0,0,0,18,152,253,252,74,0,0,0,0,0,0,0,0,0,0,0,0,0,0,0,0,0,0,0,0,0,0,1,120,253,253,74,0,5,6,6,1,0,0,0,0,0,0,0,0,0,0,0,0,0,0,0,0,0,0,91,253,253,215,39,117,234,253,253,107,15,0,0,0,0,0,0,0,0,0,0,0,0,0,0,0,0,0,130,253,253,173,208,253,253,253,253,253,72,0,0,0,0,0,0,0,0,0,0,0,0,0,0,0,0,0,232,253,253,253,253,228,171,66,201,253,131,0,0,0,0,0,0,0,0,0,0,0,0,0,0,0,0,64,249,253,253,253,177,24,0,0,89,253,175,0,0,0,0,0,0,0,0,0,0,0,0,0,0,0,0,181,253,253,253,207,19,0,0,6,151,253,121,0,0,0,0,0,0,0,0,0,0,0,0,0,0,0,0,187,253,253,253,181,13,0,0,42,253,244,50,0,0,0,0,0,0,0,0,0,0,0,0,0,0,0,0,187,253,253,237,104,4,5,62,231,253,128,0,0,0,0,0,0,0,0,0,0,0,0,0,0,0,0,0,159,253,253,161,17,68,148,253,253,253,49,0,0,0,0,0,0,0,0,0,0,0,0,0,0,0,0,0,46,245,253,251,227,253,253,253,235,104,3,0,0,0,0,0,0,0,0,0,0,0,0,0,0,0,0,0,0,144,253,253,253,253,253,208,80,0,0,0,0,0,0,0,0,0,0,0,0,0,0,0,0,0,0,0,0,5,76,149,175,166,86,10,0,0,0,0,0,0,0,0,0,0,0,0,0,0,0,0,0,0,0,0,0,0,0,0,0,0,0,0,0,0,0,0,0,0,0,0,0,0,0,0,0,0,0,0,0,0,0,0,0,0,0,0,0,0,0,0,0,0,0,0,0,0,0,0,0,0,0,0,0,0,0,0,0,0,0,0,0,0,0,0,0,0,0,0,0,0,0,0,0,0,0,0,0,0,0,0,0,0,0,0,0,0,0,0,0,0,0,0,0,0,0,0,0,0,0,0,0,0,0,0,0,0,0,0
1,0,0,0,0,0,0,0,0,0,0,0,0,0,0,0,0,0,0,0,0,0,0,0,0,0,0,0,0,0,0,0,0,0,0,0,0,0,0,0,0,0,0,0,0,0,0,0,0,0,0,0,0,0,0,0,0,0,0,0,0,0,0,0,0,0,0,0,0,0,0,0,0,0,0,0,0,0,0,0,0,0,0,0,0,0,0,0,0,0,0,0,0,0,0,0,0,0,0,0,0,0,0,0,0,0,0,0,0,0,0,0,0,0,0,0,0,0,0,0,0,0,0,0,0,0,0,0,0,0,0,0,0,0,0,0,0,0,0,0,0,0,0,0,0,0,0,0,0,0,0,0,0,0,0,0,0,0,0,0,130,253,142,0,0,0,0,0,0,0,0,0,0,0,0,0,0,0,0,0,0,0,0,0,0,0,40,219,249,252,250,88,0,0,0,0,0,0,0,0,0,0,0,0,0,0,0,0,0,0,0,0,0,0,142,252,252,252,252,93,0,0,0,0,0,0,0,0,0,0,0,0,0,0,0,0,0,0,0,0,0,34,235,252,231,143,110,15,0,0,0,0,0,0,0,0,0,0,0,0,0,0,0,0,0,0,0,0,0,107,252,252,185,0,0,0,0,0,0,0,0,0,0,0,0,0,0,0,0,0,0,0,0,0,0,0,26,208,252,252,87,0,0,0,0,0,0,0,0,0,0,0,0,0,0,0,0,0,0,0,0,0,0,0,211,252,252,176,17,0,0,0,0,0,0,0,0,0,0,0,0,0,0,0,0,0,0,0,0,0,0,85,253,252,242,35,0,0,0,0,0,0,0,0,0,0,0,0,0,0,0,0,0,0,0,0,0,0,15,202,253,252,82,0,0,0,0,0,0,0,0,0,0,0,0,0,0,0,0,0,0,0,0,0,0,0,146,252,253,195,12,0,0,0,0,0,0,0,0,0,0,0,0,0,0,0,0,0,0,0,0,0,0,91,253,253,255,13,0,0,0,0,0,0,0,0,0,0,0,0,0,0,0,0,0,0,0,0,0,0,17,199,252,252,83,1,0,0,0,0,0,0,0,0,0,0,0,0,0,0,0,0,0,0,0,0,0,20,189,252,252,202,0,0,0,0,0,0,0,0,0,0,0,0,0,0,0,0,0,0,0,0,0,0,0,166,252,252,198,19,0,0,0,0,0,0,0,0,0,0,0,0,0,0,0,0,0,0,0,0,0,0,18,204,252,245,78,0,0,0,0,0,0,0,0,0,0,0,0,0,0,0,0,0,0,0,0,0,0,17,176,252,243,108,0,0,0,0,0,0,0,0,0,0,0,0,0,0,0,0,0,0,0,0,0,0,0,102,252,252,191,0,0,0,0,0,0,0,0,0,0,0,0,0,0,0,0,0,0,0,0,0,0,0,10,217,252,218,29,0,0,0,0,0,0,0,0,0,0,0,0,0,0,0,0,0,0,0,0,0,0,0,94,252,252,122,0,0,0,0,0,0,0,0,0,0,0,0,0,0,0,0,0,0,0,0,0,0,0,0,45,231,252,66,0,0,0,0,0,0,0,0,0,0,0,0,0,0,0,0,0,0,0,0,0,0,0,0,0,0,0,0,0,0,0,0,0,0,0,0,0,0,0,0,0,0,0,0,0,0,0,0,0,0,0,0,0,0,0,0,0,0,0,0,0,0,0,0,0,0,0,0,0,0,0,0,0,0,0,0,0,0,0,0,0,0,0,0,0,0,0,0,0,0,0,0,0,0,0,0,0,0,0,0,0
3,0,0,0,0,0,0,0,0,0,0,0,0,0,0,0,0,0,0,0,0,0,0,0,0,0,0,0,0,0,0,0,0,0,0,0,0,0,0,0,0,0,0,0,0,0,0,0,0,0,0,0,0,0,0,0,0,0,0,0,0,0,0,0,0,0,0,0,0,0,0,0,0,0,0,0,0,0,0,0,0,0,0,0,0,0,0,0,0,0,0,0,0,0,0,0,0,0,0,0,0,0,0,0,0,0,0,0,0,0,0,0,0,0,0,0,0,0,0,0,0,0,0,0,0,0,0,0,0,0,0,0,0,0,0,0,0,0,0,0,0,0,0,0,0,0,0,0,0,0,0,0,64,128,128,128,128,255,255,191,0,0,0,0,0,0,0,0,0,0,0,0,0,0,0,0,0,64,191,255,255,255,255,255,255,255,255,255,255,64,0,0,0,0,0,0,0,0,0,0,0,0,0,0,128,255,255,255,255,255,255,255,255,255,255,255,255,191,0,0,0,0,0,0,0,0,0,0,0,0,0,0,255,255,255,255,255,255,255,191,128,128,128,191,255,255,191,0,0,0,0,0,0,0,0,0,0,0,0,0,255,255,255,255,255,128,0,0,0,0,64,255,255,255,255,0,0,0,0,0,0,0,0,0,0,0,0,0,64,255,255,255,64,0,0,0,0,255,255,255,255,255,255,0,0,0,0,0,0,0,0,0,0,0,0,0,0,64,128,0,0,0,64,191,255,255,255,255,255,255,255,0,0,0,0,0,0,0,0,0,0,0,0,0,0,0,0,128,128,255,255,255,255,255,255,255,255,255,128,0,0,0,0,0,0,0,0,0,0,0,0,0,0,0,0,255,255,255,255,255,255,255,255,255,191,0,0,0,0,0,0,0,0,0,0,0,0,0,0,0,0,0,0,255,255,255,255,255,255,255,128,0,0,0,0,0,0,0,0,0,0,0,0,0,0,0,0,0,0,0,0,191,255,255,255,255,255,0,0,0,0,0,0,0,0,0,0,0,0,0,0,0,0,0,0,0,0,0,0,0,64,128,255,255,255,64,0,0,0,0,0,0,0,0,0,0,0,0,0,0,0,0,0,0,0,0,0,0,0,0,0,64,191,255,64,0,0,0,0,0,0,0,0,0,0,0,0,0,0,0,0,0,0,0,0,0,0,0,0,0,191,255,128,0,0,0,0,0,0,0,0,0,0,0,0,0,0,0,0,0,0,0,0,0,0,0,0,128,255,255,255,0,0,0,0,0,0,0,0,0,0,0,0,0,0,0,0,0,0,0,128,128,128,128,255,255,255,255,255,64,0,0,0,0,0,0,0,0,0,0,0,0,0,0,0,191,255,255,255,255,255,255,255,255,255,255,255,64,0,0,0,0,0,0,0,0,0,0,0,0,0,0,0,255,255,255,255,255,255,255,255,255,255,255,128,0,0,0,0,0,0,0,0,0,0,0,0,0,0,0,0,128,255,255,255,255,255,255,255,255,255,64,0,0,0,0,0,0,0,0,0,0,0,0,0,0,0,0,0,0,191,255,255,255,255,255,128,64,0,0,0,0,0,0,0,0,0,0,0,0,0,0,0,0,0,0,0,0,0,0,0,0,0,0,0,0,0,0,0,0,0,0,0,0,0,0,0,0,0,0,0,0,0,0,0,0,0,0,0,0,0,0,0,0,0,0,0,0,0,0,0,0,0,0,0,0,0,0,0,0,0,0,0,0,0,0,0,0,0,0,0,0,0,0,0,0,0,0,0,0,0,0,0,0,0
0,0,0,0,0,0,0,0,0,0,0,0,0,0,0,0,0,0,0,0,0,0,0,0,0,0,0,0,0,0,0,0,0,0,0,0,0,0,0,0,0,0,0,0,0,0,0,0,0,0,0,0,0,0,0,0,0,0,0,0,0,0,0,0,0,0,0,0,0,0,0,0,0,0,0,0,0,0,0,0,0,0,0,0,0,0,0,0,0,0,0,0,0,0,0,0,0,0,0,0,0,0,0,0,0,0,0,0,0,0,0,0,0,0,0,0,0,0,0,0,0,0,0,4,53,132,184,253,255,184,116,10,0,0,0,0,0,0,0,0,0,0,0,0,0,0,0,0,0,0,6,147,252,252,252,252,253,252,252,231,41,0,0,0,0,0,0,0,0,0,0,0,0,0,0,0,0,0,135,252,252,238,164,96,96,96,175,252,184,55,0,0,0,0,0,0,0,0,0,0,0,0,0,0,0,33,229,252,252,75,0,0,0,0,12,164,238,193,33,0,0,0,0,0,0,0,0,0,0,0,0,0,27,194,252,235,94,10,0,0,0,0,0,0,137,238,228,26,0,0,0,0,0,0,0,0,0,0,0,0,71,252,252,180,0,0,0,0,0,0,0,0,0,158,252,70,0,0,0,0,0,0,0,0,0,0,0,0,157,252,232,62,0,0,0,0,0,0,0,0,0,73,252,188,8,0,0,0,0,0,0,0,0,0,0,21,239,252,89,0,0,0,0,0,0,0,0,0,0,11,211,252,70,0,0,0,0,0,0,0,0,0,0,134,252,252,72,0,0,0,0,0,0,0,0,21,195,229,248,252,143,0,0,0,0,0,0,0,0,0,0,145,252,206,4,0,0,0,0,0,0,0,0,26,218,252,252,252,143,0,0,0,0,0,0,0,0,0,0,145,253,205,0,0,0,0,0,0,0,0,0,0,0,194,253,253,144,0,0,0,0,0,0,0,0,0,0,145,252,192,0,0,0,0,0,0,0,0,0,0,0,193,252,252,143,0,0,0,0,0,0,0,0,0,0,145,252,84,0,0,0,78,157,100,0,0,0,0,9,201,252,252,143,0,0,0,0,0,0,0,0,0,0,145,252,164,0,0,0,119,248,252,107,21,0,10,155,252,252,234,59,0,0,0,0,0,0,0,0,0,0,117,252,215,18,0,0,0,117,221,253,211,181,194,252,252,232,61,0,0,0,0,0,0,0,0,0,0,0,18,225,252,72,0,0,0,0,29,253,252,252,252,252,231,62,0,0,0,0,0,0,0,0,0,0,0,0,0,117,252,189,20,0,0,0,0,52,201,252,252,232,62,0,0,0,0,0,0,0,0,0,0,0,0,0,0,23,174,252,225,120,97,97,97,220,252,252,234,61,0,0,0,0,0,0,0,0,0,0,0,0,0,0,0,0,5,135,252,252,252,252,252,253,252,167,19,0,0,0,0,0,0,0,0,0,0,0,0,0,0,0,0,0,0,3,104,172,252,252,194,69,11,5,0,0,0,0,0,0,0,0,0,0,0,0,0,0,0,0,0,0,0,0,0,0,0,0,0,0,0,0,0,0,0,0,0,0,0,0,0,0,0,0,0,0,0,0,0,0,0,0,0,0,0,0,0,0,0,0,0,0,0,0,0,0,0,0,0,0,0,0,0,0,0,0,0,0,0,0,0,0,0,0,0,0,0,0,0,0,0,0,0,0,0,0,0,0,0,0,0,0,0,0,0,0,0,0,0,0,0,0,0,0,0,0,0,0,0,0,0,0,0,0,0,0
8,0,0,0,0,0,0,0,0,0,0,0,0,0,0,0,0,0,0,0,0,0,0,0,0,0,0,0,0,0,0,0,0,0,0,0,0,0,0,0,0,0,0,0,0,0,0,0,0,0,0,0,0,0,0,0,0,0,0,0,0,0,0,0,0,0,0,0,0,0,0,0,0,0,0,0,0,0,0,0,0,0,0,0,0,0,0,0,0,0,0,0,0,0,0,0,0,0,0,0,0,0,0,0,0,0,0,0,0,0,0,0,0,0,0,0,0,0,0,0,0,0,0,0,0,0,0,0,0,0,0,0,0,0,0,0,0,0,0,0,0,0,0,0,0,0,0,0,0,0,0,0,0,0,10,97,255,254,254,254,254,121,0,0,0,0,0,0,0,0,0,0,0,0,0,0,0,0,0,0,0,0,85,253,254,253,253,253,253,222,18,0,0,0,0,0,0,0,0,0,0,0,0,0,0,0,0,0,0,0,136,253,254,209,169,253,253,254,39,0,0,0,0,0,0,0,0,0,0,0,0,0,0,0,0,0,0,13,192,253,254,124,180,253,253,169,3,0,0,0,0,0,0,0,0,0,0,0,0,0,0,0,0,0,0,79,253,253,171,66,253,253,139,0,0,0,0,0,0,0,0,0,0,0,0,0,0,0,0,0,0,0,0,176,254,254,82,239,254,207,23,0,0,0,0,0,0,0,0,0,0,0,0,0,0,0,0,0,0,0,55,241,253,253,254,253,209,63,0,0,0,0,0,0,0,0,0,0,0,0,0,0,0,0,0,0,0,0,20,253,253,253,254,247,54,0,0,0,0,0,0,0,0,0,0,0,0,0,0,0,0,0,0,0,0,0,20,253,253,253,254,91,0,0,0,0,0,0,0,0,0,0,0,0,0,0,0,0,0,0,0,0,0,0,5,193,253,253,208,9,0,0,0,0,0,0,0,0,0,0,0,0,0,0,0,0,0,0,0,0,0,0,35,224,254,254,209,9,0,0,0,0,0,0,0,0,0,0,0,0,0,0,0,0,0,0,0,0,0,0,162,253,253,253,254,39,0,0,0,0,0,0,0,0,0,0,0,0,0,0,0,0,0,0,0,0,0,71,241,228,217,253,254,136,0,0,0,0,0,0,0,0,0,0,0,0,0,0,0,0,0,0,0,0,16,209,234,111,41,244,254,244,42,0,0,0,0,0,0,0,0,0,0,0,0,0,0,0,0,0,0,0,173,254,135,0,0,120,254,253,78,0,0,0,0,0,0,0,0,0,0,0,0,0,0,0,0,0,0,10,209,255,114,0,10,171,255,254,78,0,0,0,0,0,0,0,0,0,0,0,0,0,0,0,0,0,0,40,253,158,6,0,55,253,254,243,42,0,0,0,0,0,0,0,0,0,0,0,0,0,0,0,0,0,0,40,253,183,79,146,247,253,254,135,0,0,0,0,0,0,0,0,0,0,0,0,0,0,0,0,0,0,0,40,253,254,253,253,253,253,154,18,0,0,0,0,0,0,0,0,0,0,0,0,0,0,0,0,0,0,0,9,133,254,253,222,140,58,0,0,0,0,0,0,0,0,0,0,0,0,0,0,0,0,0,0,0,0,0,0,0,0,0,0,0,0,0,0,0,0,0,0,0,0,0,0,0,0,0,0,0,0,0,0,0,0,0,0,0,0,0,0,0,0,0,0,0,0,0,0,0,0,0,0,0,0,0,0,0,0,0,0,0,0,0,0,0,0,0,0,0,0,0,0,0,0,0,0,0,0,0,0,0,0,0
7,0,0,0,0,0,0,0,0,0,0,0,0,0,0,0,0,0,0,0,0,0,0,0,0,0,0,0,0,0,0,0,0,0,0,0,0,0,0,0,0,0,0,0,0,0,0,0,0,0,0,0,0,0,0,0,0,0,0,0,0,0,0,0,0,0,0,0,0,0,0,0,0,0,0,0,0,0,0,0,0,0,0,0,0,0,0,0,0,0,0,0,0,0,0,0,0,0,0,0,0,0,0,0,0,0,0,0,0,0,0,0,0,0,0,0,0,0,0,0,0,0,0,0,0,0,0,0,0,0,0,0,0,0,0,0,0,0,0,0,0,0,0,0,0,0,0,0,0,0,0,0,0,0,0,0,0,0,0,0,0,0,0,0,0,0,0,0,0,0,0,0,0,0,0,0,0,0,0,0,0,0,0,0,0,0,0,0,0,0,0,0,0,0,0,0,0,0,0,0,58,125,125,125,125,125,125,125,125,125,125,192,145,171,125,116,0,0,0,0,0,0,0,0,0,0,0,0,119,254,254,254,254,254,254,254,255,254,254,254,254,254,254,254,242,55,0,0,0,0,0,0,0,0,0,0,119,254,254,254,254,254,254,254,254,254,254,254,254,254,254,254,254,117,0,0,0,0,0,0,0,0,0,0,9,143,149,149,149,149,110,124,149,149,149,127,39,163,254,254,254,117,0,0,0,0,0,0,0,0,0,0,0,0,0,0,0,0,0,0,0,0,0,0,0,151,254,254,254,117,0,0,0,0,0,0,0,0,0,0,0,0,0,0,0,0,0,0,0,0,0,0,35,243,254,254,250,75,0,0,0,0,0,0,0,0,0,0,0,0,0,0,0,0,0,0,0,0,0,0,84,254,254,248,160,0,0,0,0,0,0,0,0,0,0,0,0,0,0,0,0,0,0,0,0,0,0,0,170,254,254,235,0,0,0,0,0,0,0,0,0,0,0,0,0,0,0,0,0,0,0,0,0,0,0,37,238,254,254,235,0,0,0,0,0,0,0,0,0,0,0,0,0,0,0,0,0,0,0,0,0,0,0,114,254,254,254,167,0,0,0,0,0,0,0,0,0,0,0,0,0,0,0,0,0,0,0,0,0,0,0,77,254,254,254,204,0,0,0,0,0,0,0,0,0,0,0,0,0,0,0,0,0,0,0,0,0,0,66,233,254,254,208,29,0,0,0,0,0,0,0,0,0,0,0,0,0,0,0,0,0,0,0,0,0,0,184,254,254,254,98,0,0,0,0,0,0,0,0,0,0,0,0,0,0,0,0,0,0,0,0,0,0,10,194,254,254,249,83,0,0,0,0,0,0,0,0,0,0,0,0,0,0,0,0,0,0,0,0,0,0,60,254,254,254,137,0,0,0,0,0,0,0,0,0,0,0,0,0,0,0,0,0,0,0,0,0,0,0,140,254,254,254,91,0,0,0,0,0,0,0,0,0,0,0,0,0,0,0,0,0,0,0,0,0,0,0,190,254,254,251,84,0,0,0,0,0,0,0,0,0,0,0,0,0,0,0,0,0,0,0,0,0,0,0,190,254,254,208,0,0,0,0,0,0,0,0,0,0,0,0,0,0,0,0,0,0,0,0,0,0,0,0,187,254,254,151,0,0,0,0,0,0,0,0,0,0,0,0,0,0,0,0,0,0,0,0,0,0,0,0,29,218,231,41,0,0,0,0,0,0,0,0,0,0,0,0,0,0,0,0,0,0,0,0,0,0,0,0,0,0,0,0,0,0,0,0,0,0,0,0,0,0,0,0
0,0,0,0,0,0,0,0,0,0,0,0,0,0,0,0,0,0,0,0,0,0,0,0,0,0,0,0,0,0,0,0,0,0,0,0,0,0,0,0,0,0,0,0,0,0,0,0,0,0,0,0,0,0,0,0,0,0,0,0,0,0,0,0,0,0,0,0,0,0,0,0,0,0,0,0,0,0,0,0,0,0,0,0,0,0,0,0,0,0,0,0,0,0,0,0,0,0,0,0,0,0,0,0,0,0,0,0,0,0,0,0,0,0,0,0,0,0,0,0,0,0,0,0,0,0,0,0,0,0,0,0,0,0,0,0,0,0,0,0,0,0,0,0,0,0,0,0,0,0,0,0,0,11,92,214,253,254,253,254,253,214,10,0,0,0,0,0,0,0,0,0,0,0,0,0,0,0,0,0,0,92,252,253,252,131,50,50,172,253,91,0,0,0,0,0,0,0,0,0,0,0,0,0,0,0,0,11,213,254,253,163,0,0,0,0,102,255,253,0,0,0,0,0,0,0,0,0,0,0,0,0,0,0,0,173,252,233,111,0,0,0,0,0,102,253,252,0,0,0,0,0,0,0,0,0,0,0,0,0,0,0,41,254,233,82,0,0,0,0,0,0,123,255,253,0,0,0,0,0,0,0,0,0,0,0,0,0,0,41,243,253,70,0,0,0,0,0,0,0,203,253,252,0,0,0,0,0,0,0,0,0,0,0,0,0,0,72,253,142,0,0,0,0,0,0,0,31,233,254,213,0,0,0,0,0,0,0,0,0,0,0,0,0,0,233,252,20,0,0,0,0,0,0,0,51,252,233,30,0,0,0,0,0,0,0,0,0,0,0,0,0,41,254,213,0,0,0,0,0,0,0,0,113,253,203,0,0,0,0,0,0,0,0,0,0,0,0,0,0,123,233,30,0,0,0,0,0,0,0,0,193,252,203,0,0,0,0,0,0,0,0,0,0,0,0,0,11,213,203,0,0,0,0,0,0,0,0,82,254,253,82,0,0,0,0,0,0,0,0,0,0,0,0,0,132,252,81,0,0,0,0,0,0,0,0,203,253,90,0,0,0,0,0,0,0,0,0,0,0,0,0,0,152,253,0,0,0,0,0,0,0,0,11,213,244,40,0,0,0,0,0,0,0,0,0,0,0,0,0,0,233,171,0,0,0,0,0,0,0,41,213,252,122,0,0,0,0,0,0,0,0,0,0,0,0,0,0,0,254,151,0,0,0,0,0,0,31,193,254,172,0,0,0,0,0,0,0,0,0,0,0,0,0,0,0,0,253,151,0,0,0,0,0,0,213,252,192,30,0,0,0,0,0,0,0,0,0,0,0,0,0,0,0,0,153,213,0,0,0,0,11,173,254,233,0,0,0,0,0,0,0,0,0,0,0,0,0,0,0,0,0,0,193,252,123,0,0,82,213,252,172,30,0,0,0,0,0,0,0,0,0,0,0,0,0,0,0,0,0,0,153,253,255,253,254,253,203,61,0,0,0,0,0,0,0,0,0,0,0,0,0,0,0,0,0,0,0,0,30,172,253,252,233,70,20,0,0,0,0,0,0,0,0,0,0,0,0,0,0,0,0,0,0,0,0,0,0,0,0,0,0,0,0,0,0,0,0,0,0,0,0,0,0,0,0,0,0,0,0,0,0,0,0,0,0,0,0,0,0,0,0,0,0,0,0,0,0,0,0,0,0,0,0,0,0,0,0,0,0,0,0,0,0,0,0,0,0,0,0,0,0,0,0,0,0,0,0,0,0,0,0,0,0,0
5,0,0,0,0,0,0,0,0,0,0,0,0,0,0,0,0,0,0,0,0,0,0,0,0,0,0,0,0,0,0,0,0,0,0,0,0,0,0,0,0,0,0,0,0,0,0,0,0,0,0,0,0,0,0,0,0,0,0,0,0,0,0,0,0,0,0,0,0,0,0,0,0,0,0,0,0,0,0,0,0,0,0,0,0,0,0,0,0,0,0,0,0,0,0,0,0,0,0,0,0,0,0,0,0,0,0,0,0,0,0,0,0,0,0,0,0,0,0,0,0,0,0,0,0,0,0,0,0,0,0,0,0,0,0,0,0,0,0,0,0,0,0,0,0,0,0,0,0,0,9,122,139,189,137,137,46,55,29,2,8,0,0,0,0,0,0,0,0,0,0,0,0,0,0,0,0,61,201,243,254,254,254,254,254,208,254,106,107,0,0,0,0,0,0,0,0,0,0,0,0,0,0,0,0,190,254,254,254,254,254,254,254,254,254,254,186,0,0,0,0,0,0,0,0,0,0,0,0,0,0,0,16,208,254,254,250,65,96,254,254,254,254,254,191,0,0,0,0,0,0,0,0,0,0,0,0,0,0,0,54,254,254,254,55,117,216,254,254,254,254,97,57,0,0,0,0,0,0,0,0,0,0,0,0,0,0,16,193,254,254,254,227,242,254,254,254,254,254,241,156,0,0,0,0,0,0,0,0,0,0,0,0,0,0,36,254,254,254,254,254,254,254,253,254,254,254,254,253,88,0,0,0,0,0,0,0,0,0,0,0,0,0,36,254,254,254,254,254,254,213,79,203,242,241,254,254,211,7,0,0,0,0,0,0,0,0,0,0,0,0,14,203,254,254,217,154,95,79,0,0,44,42,251,254,254,156,9,0,0,0,0,0,0,0,0,0,0,0,0,77,195,153,9,0,0,0,0,0,0,0,194,255,254,254,135,0,0,0,0,0,0,0,0,0,0,0,0,0,0,0,0,0,0,0,0,0,0,0,3,173,254,254,80,0,0,0,0,0,0,0,0,0,0,0,0,0,0,0,0,0,0,0,0,0,0,0,0,148,254,254,152,0,0,0,0,0,0,0,0,0,0,0,0,0,0,0,0,0,0,0,0,0,0,0,0,148,254,254,210,17,0,0,0,0,0,0,0,0,0,0,0,0,0,0,0,0,0,0,0,0,0,0,0,148,254,254,171,0,0,0,0,0,0,0,0,0,0,0,0,0,0,0,0,0,0,0,0,0,0,0,2,161,254,247,96,0,0,0,0,0,0,0,0,0,0,0,0,114,166,166,166,53,44,0,0,0,0,0,12,254,254,112,0,0,0,0,0,0,0,0,0,0,0,0,26,232,254,254,254,254,175,61,102,66,66,66,130,254,254,71,0,0,0,0,0,0,0,0,0,0,0,0,8,53,141,200,219,251,250,235,254,254,254,254,254,254,178,15,0,0,0,0,0,0,0,0,0,0,0,0,0,0,0,13,21,196,254,254,254,254,254,254,254,181,12,0,0,0,0,0,0,0,0,0,0,0,0,0,0,0,0,0,0,9,84,135,219,254,210,135,130,7,0,0,0,0,0,0,0,0,0,0,0,0,0,0,0,0,0,0,0,0,0,0,0,0,0,0,0,0,0,0,0,0,0,0,0,0,0,0,0,0,0,0,0,0,0,0,0,0,0,0,0,0,0,0,0,0,0,0,0,0,0,0,0,0,0,0,0,0,0,0,0,0,0,0,0,0,0,0,0,0,0,0,0,0,0,0,0,0,0,0,0,0
9,0,0,0,0,0,0,0,0,0,0,0,0,0,0,0,0,0,0,0,0,0,0,0,0,0,0,0,0,0,0,0,0,0,0,0,0,0,0,0,0,0,0,0,0,0,0,0,0,0,0,0,0,0,0,0,0,0,0,0,0,0,0,0,0,0,0,0,0,0,0,0,0,0,0,0,0,0,0,0,0,0,0,0,0,0,0,0,0,0,0,0,0,0,0,0,0,0,0,0,0,0,0,0,0,0,0,0,0,0,0,0,0,0,0,0,0,0,0,0,0,0,0,0,0,0,0,0,0,0,0,0,0,0,0,0,0,0,0,0,0,0,0,0,0,0,0,0,0,0,0,0,0,0,0,0,0,0,0,0,0,0,0,0,0,0,0,0,0,0,0,0,0,0,0,0,0,0,0,0,0,0,11,169,254,254,101,0,0,0,0,0,0,0,0,0,0,0,0,0,0,0,0,0,0,0,0,0,0,10,205,222,94,166,233,11,0,0,0,0,0,0,0,0,0,0,0,0,0,0,0,0,0,0,0,0,6,184,233,20,0,9,250,76,0,0,0,0,0,0,0,0,0,0,0,0,0,0,0,0,0,0,0,0,72,254,64,0,0,0,186,85,0,0,0,0,0,0,0,0,0,0,0,0,0,0,0,0,0,0,0,0,148,190,0,0,0,0,218,209,7,0,0,0,0,0,0,0,0,0,0,0,0,0,0,0,0,0,0,14,234,119,0,0,0,10,254,231,12,0,0,0,0,0,0,0,0,0,0,0,0,0,0,0,0,0,0,35,254,119,0,0,0,109,254,116,0,0,0,0,0,0,0,0,0,0,0,0,0,0,0,0,0,0,0,35,254,119,0,0,23,203,227,8,0,0,0,0,0,0,0,0,0,0,0,0,0,0,0,0,0,0,0,10,216,150,0,16,182,254,87,0,0,0,0,0,0,0,0,0,0,0,0,0,0,0,0,0,0,0,0,0,108,249,89,64,254,254,41,0,0,0,0,0,0,0,0,0,0,0,0,0,0,0,0,0,0,0,0,0,34,219,254,252,247,249,0,0,0,0,0,0,0,0,0,0,0,0,0,0,0,0,0,0,0,0,0,0,0,27,101,58,216,149,0,0,0,0,0,0,0,0,0,0,0,0,0,0,0,0,0,0,0,0,0,0,0,0,0,35,254,87,0,0,0,0,0,0,0,0,0,0,0,0,0,0,0,0,0,0,0,0,0,0,0,0,0,125,247,31,0,0,0,0,0,0,0,0,0,0,0,0,0,0,0,0,0,0,0,0,0,0,0,0,0,229,173,0,0,0,0,0,0,0,0,0,0,0,0,0,0,0,0,0,0,0,0,0,0,0,0,0,41,251,65,0,0,0,0,0,0,0,0,0,0,0,0,0,0,0,0,0,0,0,0,0,0,0,0,0,151,229,9,0,0,0,0,0,0,0,0,0,0,0,0,0,0,0,0,0,0,0,0,0,0,0,0,0,186,193,0,0,0,0,0,0,0,0,0,0,0,0,0,0,0,0,0,0,0,0,0,0,0,0,0,5,246,193,0,0,0,0,0,0,0,0,0,0,0,0,0,0,0,0,0,0,0,0,0,0,0,0,0,50,255,202,0,0,0,0,0,0,0,0,0,0,0,0,0,0,0,0,0,0,0,0,0,0,0,0,0,0,0,0,0,0,0,0,0,0,0,0,0,0,0,0,0,0,0,0,0,0,0,0,0,0,0,0,0,0,0,0,0,0,0,0,0,0,0,0,0,0,0,0,0
1,0,0,0,0,0,0,0,0,0,0,0,0,0,0,0,0,0,0,0,0,0,0,0,0,0,0,0,0,0,0,0,0,0,0,0,0,0,0,0,0,0,0,0,0,0,0,0,0,0,0,0,0,0,0,0,0,0,0,0,0,0,0,0,0,0,0,0,0,0,0,0,0,0,0,0,0,0,0,0,0,0,0,0,0,0,0,0,0,0,0,0,0,0,0,0,0,0,0,0,0,0,0,0,0,0,0,0,0,0,0,0,0,0,0,0,0,0,0,0,0,0,0,0,0,0,0,0,0,0,0,0,0,0,0,0,0,0,0,0,0,0,0,0,0,0,0,0,0,0,0,0,0,0,0,0,0,0,0,0,53,255,253,227,73,21,0,0,0,0,0,0,0,0,0,0,0,0,0,0,0,0,0,0,0,0,0,0,180,253,251,251,251,71,0,0,0,0,0,0,0,0,0,0,0,0,0,0,0,0,0,0,0,0,6,115,241,253,251,251,251,71,0,0,0,0,0,0,0,0,0,0,0,0,0,0,0,0,0,0,0,0,115,251,251,253,251,251,251,71,0,0,0,0,0,0,0,0,0,0,0,0,0,0,0,0,0,0,0,105,241,251,251,253,251,251,251,71,0,0,0,0,0,0,0,0,0,0,0,0,0,0,0,0,0,0,73,253,253,253,253,255,211,25,0,0,0,0,0,0,0,0,0,0,0,0,0,0,0,0,0,0,0,0,176,251,251,251,251,211,46,0,0,0,0,0,0,0,0,0,0,0,0,0,0,0,0,0,0,0,16,166,253,251,251,251,251,25,0,0,0,0,0,0,0,0,0,0,0,0,0,0,0,0,0,0,0,16,170,251,253,251,251,204,142,0,0,0,0,0,0,0,0,0,0,0,0,0,0,0,0,0,0,0,105,190,251,251,253,251,225,41,0,0,0,0,0,0,0,0,0,0,0,0,0,0,0,0,0,0,0,21,176,253,253,253,255,253,164,0,0,0,0,0,0,0,0,0,0,0,0,0,0,0,0,0,0,0,105,176,251,251,251,251,211,107,15,0,0,0,0,0,0,0,0,0,0,0,0,0,0,0,0,0,32,115,241,253,251,251,251,251,154,0,0,0,0,0,0,0,0,0,0,0,0,0,0,0,0,0,0,63,231,251,251,253,251,251,204,142,0,0,0,0,0,0,0,0,0,0,0,0,0,0,0,0,0,0,0,144,251,251,251,253,251,225,41,0,0,0,0,0,0,0,0,0,0,0,0,0,0,0,0,0,0,0,125,253,253,253,253,255,211,25,0,0,0,0,0,0,0,0,0,0,0,0,0,0,0,0,0,0,0,0,253,251,251,251,251,211,46,0,0,0,0,0,0,0,0,0,0,0,0,0,0,0,0,0,0,0,0,0,253,251,251,251,225,25,0,0,0,0,0,0,0,0,0,0,0,0,0,0,0,0,0,0,0,0,0,0,253,251,251,204,41,0,0,0,0,0,0,0,0,0,0,0,0,0,0,0,0,0,0,0,0,0,0,0,124,251,225,41,0,0,0,0,0,0,0,0,0,0,0,0,0,0,0,0,0,0,0,0,0,0,0,0,0,0,0,0,0,0,0,0,0,0,0,0,0,0,0,0,0,0,0,0,0,0,0,0,0,0,0,0,0,0,0,0,0,0,0,0,0,0,0,0,0,0,0,0,0,0,0,0,0,0,0,0,0,0,0,0,0,0,0,0,0,0,0,0,0,0,0,0,0,0,0,0,0,0,0,0,0,0,0
1,0,0,0,0,0,0,0,0,0,0,0,0,0,0,0,0,0,0,0,0,0,0,0,0,0,0,0,0,0,0,0,0,0,0,0,0,0,0,0,0,0,0,0,0,0,0,0,0,0,0,0,0,0,0,0,0,0,0,0,0,0,0,0,0,0,0,0,0,0,0,0,0,0,0,0,0,0,0,0,0,0,0,0,0,0,0,0,0,0,0,0,0,0,0,0,0,0,0,0,0,0,0,0,0,0,0,0,0,0,0,0,0,0,0,0,0,0,0,0,0,0,0,0,0,0,0,0,0,0,0,0,0,0,0,0,0,0,0,0,0,0,0,0,0,0,0,0,0,0,0,0,0,0,0,0,0,0,132,240,0,0,0,0,0,0,0,0,0,0,0,0,0,0,0,0,0,0,0,0,0,0,0,0,0,23,230,239,0,0,0,0,0,0,0,0,0,0,0,0,0,0,0,0,0,0,0,0,0,0,0,0,0,125,254,239,0,0,0,0,0,0,0,0,0,0,0,0,0,0,0,0,0,0,0,0,0,0,0,0,9,172,254,239,0,0,0,0,0,0,0,0,0,0,0,0,0,0,0,0,0,0,0,0,0,0,0,0,48,254,254,239,0,0,0,0,0,0,0,0,0,0,0,0,0,0,0,0,0,0,0,0,0,0,0,43,220,254,254,154,0,0,0,0,0,0,0,0,0,0,0,0,0,0,0,0,0,0,0,0,0,0,45,231,254,254,179,56,0,0,0,0,0,0,0,0,0,0,0,0,0,0,0,0,0,0,0,0,0,0,132,254,254,239,26,0,0,0,0,0,0,0,0,0,0,0,0,0,0,0,0,0,0,0,0,0,0,0,132,254,242,63,0,0,0,0,0,0,0,0,0,0,0,0,0,0,0,0,0,0,0,0,0,0,0,29,244,254,90,0,0,0,0,0,0,0,0,0,0,0,0,0,0,0,0,0,0,0,0,0,0,0,0,46,254,254,77,0,0,0,0,0,0,0,0,0,0,0,0,0,0,0,0,0,0,0,0,0,0,0,42,219,254,254,77,0,0,0,0,0,0,0,0,0,0,0,0,0,0,0,0,0,0,0,0,0,0,0,86,254,254,186,9,0,0,0,0,0,0,0,0,0,0,0,0,0,0,0,0,0,0,0,0,0,0,0,189,254,254,73,0,0,0,0,0,0,0,0,0,0,0,0,0,0,0,0,0,0,0,0,0,0,0,0,241,254,255,22,0,0,0,0,0,0,0,0,0,0,0,0,0,0,0,0,0,0,0,0,0,0,0,120,252,254,222,17,0,0,0,0,0,0,0,0,0,0,0,0,0,0,0,0,0,0,0,0,0,0,0,139,254,235,45,0,0,0,0,0,0,0,0,0,0,0,0,0,0,0,0,0,0,0,0,0,0,0,0,139,254,157,0,0,0,0,0,0,0,0,0,0,0,0,0,0,0,0,0,0,0,0,0,0,0,0,0,139,254,69,0,0,0,0,0,0,0,0,0,0,0,0,0,0,0,0,0,0,0,0,0,0,0,0,0,55,246,69,0,0,0,0,0,0,0,0,0,0,0,0,0,0,0,0,0,0,0,0,0,0,0,0,0,0,0,0,0,0,0,0,0,0,0,0,0,0,0,0,0,0,0,0,0,0,0,0,0,0,0,0,0,0,0,0,0,0,0,0,0,0,0,0,0,0,0,0,0,0,0,0,0,0,0,0,0,0,0,0,0,0,0,0,0,0,0,0,0,0,0,0,0,0,0,0,0,0,0
8,0,0,0,0,0,0,0,0,0,0,0,0,0,0,0,0,0,0,0,0,0,0,0,0,0,0,0,0,0,0,0,0,0,0,0,0,0,0,0,0,0,0,0,0,0,0,0,0,0,0,0,0,0,0,0,0,0,0,0,0,0,0,0,0,0,0,0,0,0,0,0,0,0,0,0,0,0,0,0,0,0,0,0,0,0,0,0,0,0,0,0,0,0,0,0,0,0,0,0,0,0,0,0,0,0,0,0,0,0,0,0,0,0,0,0,0,0,0,0,0,0,0,0,0,0,0,0,0,0,0,0,0,0,0,0,0,0,0,0,0,0,0,0,0,0,0,0,0,0,0,0,0,0,0,0,0,0,0,0,0,0,0,0,0,0,0,0,0,0,0,0,0,0,0,0,0,0,0,0,0,0,0,0,0,0,0,0,0,0,0,0,0,0,0,0,0,0,0,0,0,0,0,0,0,0,0,0,0,6,13,27,97,140,134,77,2,0,0,0,0,0,0,0,0,0,0,0,0,0,0,0,0,0,2,25,110,216,254,254,254,254,254,254,122,17,96,21,12,0,0,0,0,0,0,0,0,0,0,0,2,60,193,254,254,237,220,149,134,67,102,251,249,233,239,254,233,127,0,0,0,0,0,0,0,0,1,59,195,254,252,193,109,14,0,0,0,0,0,102,55,46,149,254,254,198,0,0,0,0,0,0,0,0,116,254,252,158,53,0,0,0,0,0,0,0,0,36,160,249,254,245,171,40,0,0,0,0,0,0,0,0,255,254,215,32,0,0,0,0,0,0,0,29,125,230,254,201,114,38,0,0,0,0,0,0,0,0,0,0,135,254,254,250,197,122,112,38,20,7,96,247,254,213,85,4,0,0,0,0,0,0,0,0,0,0,0,0,1,48,128,161,215,254,254,254,232,216,254,232,122,20,0,0,0,0,0,0,0,0,0,0,0,0,0,0,0,0,0,0,4,50,139,254,254,254,254,109,0,0,0,0,0,0,0,0,0,0,0,0,0,0,0,0,0,0,0,0,0,14,175,254,246,184,254,246,89,0,0,0,0,0,0,0,0,0,0,0,0,0,0,0,0,0,0,0,30,176,254,218,45,6,101,254,229,16,0,0,0,0,0,0,0,0,0,0,0,0,0,0,0,0,0,29,188,248,148,16,0,0,6,101,254,103,0,0,0,0,0,0,0,0,0,0,0,0,0,0,0,0,0,128,254,153,0,0,0,0,27,195,254,113,0,0,0,0,0,0,0,0,0,0,0,0,0,0,0,0,0,79,254,245,169,85,134,150,224,254,217,28,0,0,0,0,0,0,0,0,0,0,0,0,0,0,0,0,0,2,51,162,238,254,254,254,241,166,18,0,0,0,0,0,0,0,0,0,0,0,0,0,0,0,0,0,0,0,0,0,10,78,96,82,10,0,0,0,0,0,0,0,0,0,0,0,0,0,0,0,0,0,0,0,0,0,0,0,0,0,0,0,0,0,0,0,0,0,0,0,0,0,0,0,0,0,0,0,0,0,0,0,0,0,0,0,0,0,0,0,0,0,0,0,0,0,0,0,0,0,0,0,0,0,0,0,0,0,0,0,0,0,0,0,0,0,0,0,0,0,0,0,0,0,0,0,0,0,0,0,0,0,0,0,0,0,0,0,0,0,0,0,0,0,0,0,0,0,0,0,0,0,0,0,0,0,0,0,0,0,0,0,0,0,0,0,0,0,0,0,0,0,0,0,0,0,0,0,0,0,0,0,0,0,0,0,0
6,0,0,0,0,0,0,0,0,0,0,0,0,0,0,0,0,0,0,0,0,0,0,0,0,0,0,0,0,0,0,0,0,0,0,0,0,0,0,0,0,0,0,0,0,0,0,0,0,0,0,0,0,0,0,0,0,0,0,0,0,0,0,0,0,0,0,0,0,0,0,0,0,0,0,10,97,255,211,0,0,0,0,0,0,0,0,0,0,0,0,0,0,0,0,0,0,0,0,0,0,0,0,32,230,249,163,0,0,0,0,0,0,0,0,0,0,0,0,0,0,0,0,0,0,0,0,0,0,0,55,210,253,165,0,0,0,0,0,0,0,0,0,0,0,0,0,0,0,0,0,0,0,0,0,0,10,47,217,247,138,8,0,0,0,0,0,0,0,0,0,0,0,0,0,0,0,0,0,0,0,0,0,0,36,238,253,176,0,0,0,0,0,0,0,0,0,0,0,0,0,0,0,0,0,0,0,0,0,0,0,23,255,226,135,0,0,0,0,0,0,0,0,0,0,0,0,0,0,0,0,0,0,0,0,0,0,0,41,229,241,50,0,0,0,0,0,0,0,0,0,0,0,0,0,0,0,0,0,0,0,0,0,0,0,55,210,222,68,0,0,0,0,0,0,0,0,0,0,0,0,0,0,0,0,0,0,0,0,0,0,10,92,247,231,94,0,0,0,0,0,0,0,0,0,0,0,0,0,0,0,0,0,0,0,0,0,0,0,171,253,253,117,0,0,0,0,0,0,0,0,0,0,0,0,0,0,0,0,0,0,0,0,0,0,0,46,255,249,135,0,0,0,0,0,0,0,0,0,0,0,0,0,0,0,0,0,0,0,0,0,0,0,4,199,254,150,0,0,0,0,0,0,0,0,0,0,0,0,0,0,0,0,0,0,0,0,0,0,0,0,70,253,235,57,0,0,0,0,7,79,36,0,0,0,0,0,0,0,0,0,0,0,0,0,0,0,0,0,227,253,105,0,0,0,16,40,168,253,243,159,0,0,0,0,0,0,0,0,0,0,0,0,0,0,0,31,203,253,98,0,0,53,195,254,170,155,208,253,114,0,0,0,0,0,0,0,0,0,0,0,0,0,0,61,249,254,61,0,49,246,254,114,0,0,62,254,173,0,0,0,0,0,0,0,0,0,0,0,0,0,0,0,226,253,207,42,196,253,125,0,2,50,228,245,53,0,0,0,0,0,0,0,0,0,0,0,0,0,0,0,107,253,254,253,253,253,118,79,129,253,240,70,0,0,0,0,0,0,0,0,0,0,0,0,0,0,0,0,3,131,238,253,253,253,253,254,253,225,68,0,0,0,0,0,0,0,0,0,0,0,0,0,0,0,0,0,0,0,59,155,155,245,253,193,73,18,0,0,0,0,0,0,0,0,0,0,0,0,0,0,0,0,0,0,0,0,0,0,0,0,0,0,0,0,0,0,0,0,0,0,0,0,0,0,0,0,0,0,0,0,0,0,0,0,0,0,0,0,0,0,0,0,0,0,0,0,0,0,0,0,0,0,0,0,0,0,0,0,0,0,0,0,0,0,0,0,0,0,0,0,0,0,0,0,0,0,0,0,0,0,0,0,0,0,0,0,0,0,0,0,0,0,0,0,0,0,0,0,0,0,0,0,0,0,0,0,0,0,0,0,0,0,0,0,0,0,0,0,0,0,0,0,0,0,0,0,0,0,0,0,0,0,0,0,0,0,0,0,0,0,0,0,0,0,0,0,0,0,0,0,0,0,0,0,0,0,0,0,0,0,0,0,0,0
7,0,0,0,0,0,0,0,0,0,0,0,0,0,0,0,0,0,0,0,0,0,0,0,0,0,0,0,0,0,0,0,0,0,0,0,0,0,0,0,0,0,0,0,0,0,0,0,0,0,0,0,0,0,0,0,0,0,0,0,0,0,0,0,0,0,0,0,0,0,0,0,0,0,0,0,0,0,0,0,0,0,0,0,0,0,0,0,0,0,0,0,0,0,0,0,0,0,0,0,0,0,0,0,0,0,0,0,0,0,0,0,0,0,0,0,0,0,0,0,0,0,0,0,0,0,0,0,0,0,0,0,0,0,0,0,0,0,0,0,0,0,0,0,0,0,0,0,0,0,0,0,0,0,0,0,0,0,0,0,0,0,0,0,0,0,0,0,0,0,0,0,0,0,0,0,0,0,0,0,0,0,0,0,0,0,0,0,0,0,0,0,0,0,0,0,0,0,0,0,0,0,0,0,169,255,207,125,22,0,0,0,0,0,0,17,125,115,0,0,0,0,0,0,0,0,0,0,0,0,0,109,253,253,253,253,249,248,248,248,248,248,248,249,253,253,108,0,0,0,0,0,0,0,0,0,0,0,0,6,236,253,253,253,253,253,253,253,253,253,253,253,253,253,110,0,0,0,0,0,0,0,0,0,0,0,0,0,71,189,253,253,253,253,253,253,253,253,253,253,253,253,110,0,0,0,0,0,0,0,0,0,0,0,0,0,0,10,25,136,155,155,155,155,155,155,221,253,253,246,68,0,0,0,0,0,0,0,0,0,0,0,0,0,0,0,0,0,0,0,0,0,0,17,200,253,253,234,0,0,0,0,0,0,0,0,0,0,0,0,0,0,0,0,0,0,0,0,0,0,0,90,253,253,253,190,0,0,0,0,0,0,0,0,0,0,0,0,0,0,0,0,0,0,0,0,0,0,0,176,253,253,245,72,0,0,0,0,0,0,0,0,0,0,0,0,0,0,0,0,0,0,0,0,0,0,79,238,253,253,124,0,0,0,0,0,0,0,0,0,0,0,0,0,0,0,0,0,0,0,0,0,0,46,237,253,253,245,72,0,0,0,0,0,0,0,0,0,0,0,0,0,0,0,0,0,0,0,0,0,0,90,253,253,253,190,0,0,0,0,0,0,0,0,0,0,0,0,0,0,0,0,0,0,0,0,0,0,14,202,253,253,225,26,0,0,0,0,0,0,0,0,0,0,0,0,0,0,0,0,0,0,0,0,0,0,156,253,253,245,109,0,0,0,0,0,0,0,0,0,0,0,0,0,0,0,0,0,0,0,0,0,13,77,234,253,253,187,0,0,0,0,0,0,0,0,0,0,0,0,0,0,0,0,0,0,0,0,0,0,96,253,253,253,219,28,0,0,0,0,0,0,0,0,0,0,0,0,0,0,0,0,0,0,0,0,0,23,213,253,253,217,77,0,0,0,0,0,0,0,0,0,0,0,0,0,0,0,0,0,0,0,0,0,8,218,253,253,253,184,0,0,0,0,0,0,0,0,0,0,0,0,0,0,0,0,0,0,0,0,0,6,167,253,253,253,142,28,0,0,0,0,0,0,0,0,0,0,0,0,0,0,0,0,0,0,0,0,0,99,253,253,253,251,57,0,0,0,0,0,0,0,0,0,0,0,0,0,0,0,0,0,0,0,0,0,0,48,237,253,213,89,0,0,0,0,0,0,0,0,0,0,0,0,0,0,0,0,0,0,0,0,0,0,0,0,0,0,0,0,0,0,0,0,0,0,0,0,0,0,0,0,0,0,0
9,0,0,0,0,0,0,0,0,0,0,0,0,0,0,0,0,0,0,0,0,0,0,0,0,0,0,0,0,0,0,0,0,0,0,0,0,0,0,0,0,0,0,0,0,0,0,0,0,0,0,0,0,0,0,0,0,0,0,0,0,0,0,0,0,0,0,0,0,0,0,0,0,0,0,0,0,0,0,0,0,0,0,0,0,0,0,0,0,0,0,0,0,0,0,0,0,0,0,0,0,0,0,0,0,0,0,0,0,0,0,0,0,0,0,0,0,0,0,0,0,0,0,0,0,0,0,0,0,0,0,0,0,0,0,0,0,0,0,0,0,0,0,0,0,0,0,0,0,0,0,0,0,0,0,0,0,0,0,0,0,0,0,0,0,0,0,0,0,0,0,0,0,0,0,0,0,0,0,0,0,0,0,0,0,0,0,0,0,0,0,0,0,0,0,0,0,0,0,0,0,0,0,0,0,0,0,0,0,0,68,170,254,254,255,242,157,8,0,0,0,0,0,0,0,0,0,0,0,0,0,0,0,0,0,0,147,165,236,253,244,214,214,232,253,92,0,0,0,0,0,0,0,0,0,0,0,0,0,0,0,0,0,28,223,253,231,123,30,0,0,30,232,193,0,0,0,0,0,0,0,0,0,0,0,0,0,0,0,0,37,201,253,181,36,0,0,49,0,13,202,253,97,0,0,0,0,0,0,0,0,0,0,0,0,0,0,0,128,254,201,36,0,0,0,132,146,146,254,254,97,0,0,0,0,0,0,0,0,0,0,0,0,0,0,37,236,223,39,0,0,0,0,109,254,253,253,217,0,0,0,0,0,0,0,0,0,0,0,0,0,0,0,97,254,118,0,0,0,0,68,232,254,253,253,115,0,0,0,0,0,0,0,0,0,0,0,0,0,0,0,156,254,83,43,55,85,192,250,253,254,253,174,2,0,0,0,0,0,0,0,0,0,0,0,0,0,0,0,127,255,254,254,254,255,254,254,254,255,239,48,0,0,0,0,0,0,0,0,0,0,0,0,0,0,0,0,43,205,253,253,229,214,153,115,253,245,67,0,0,0,0,0,0,0,0,0,0,0,0,0,0,0,0,0,0,15,39,39,15,0,0,167,253,127,0,0,0,0,0,0,0,0,0,0,0,0,0,0,0,0,0,0,0,0,0,0,0,0,61,250,229,6,0,0,0,0,0,0,0,0,0,0,0,0,0,0,0,0,0,0,0,0,0,0,0,44,218,249,66,0,0,0,0,0,0,0,0,0,0,0,0,0,0,0,0,0,0,0,0,0,0,0,13,188,253,146,0,0,0,0,0,0,0,0,0,0,0,0,0,0,0,0,0,0,0,0,0,0,0,0,162,254,244,30,0,0,0,0,0,0,0,0,0,0,0,0,0,0,0,0,0,0,0,0,0,0,0,61,246,254,94,0,0,0,0,0,0,0,0,0,0,0,0,0,0,0,0,0,0,0,0,0,0,0,22,206,254,150,0,0,0,0,0,0,0,0,0,0,0,0,0,0,0,0,0,0,0,0,0,0,0,4,162,253,241,18,0,0,0,0,0,0,0,0,0,0,0,0,0,0,0,0,0,0,0,0,0,0,0,105,253,239,87,0,0,0,0,0,0,0,0,0,0,0,0,0,0,0,0,0,0,0,0,0,0,0,49,248,253,123,0,0,0,0,0,0,0,0,0,0,0,0,0,0,0,0,0,0,0,0,0,0,0,0,0,0,0,0,0,0,0,0,0,0,0,0,0,0,0,0,0,0,0,0
4,0,0,0,0,0,0,0,0,0,0,0,0,0,0,0,0,0,0,0,0,0,0,0,0,0,0,0,0,0,0,0,0,0,0,0,0,0,0,0,0,0,0,0,0,0,0,0,0,0,0,0,0,0,0,0,0,0,0,0,0,0,0,0,0,0,0,0,0,0,0,0,0,0,0,0,0,0,0,0,0,0,0,0,0,0,0,0,0,0,0,0,0,0,0,0,0,0,0,0,0,0,0,0,0,0,0,0,0,0,0,0,0,0,0,0,0,0,0,0,0,0,0,0,0,0,0,0,0,0,0,0,0,0,14,252,52,0,0,0,0,0,0,0,0,0,0,0,0,0,0,0,0,0,0,0,0,0,0,0,0,0,154,255,78,0,0,0,0,0,0,0,0,0,0,0,0,0,0,0,0,0,0,0,0,0,0,0,0,0,186,252,55,0,0,0,0,0,0,0,0,0,0,0,0,0,0,0,0,0,0,0,0,0,0,0,0,70,251,169,0,0,0,0,0,0,0,0,0,0,0,0,0,0,17,144,38,0,0,0,0,0,0,0,6,201,225,30,0,0,0,0,0,0,0,0,0,0,0,0,0,17,198,254,191,0,0,0,0,0,0,0,43,254,106,0,0,0,0,0,0,0,0,0,0,0,0,0,0,137,254,254,72,0,0,0,0,0,0,15,220,251,54,0,0,0,0,0,0,0,0,0,0,0,0,0,83,253,254,128,12,0,0,0,0,0,0,149,254,172,0,0,0,0,0,0,0,0,0,0,0,0,0,15,237,254,108,3,0,0,0,0,0,0,33,228,243,31,0,0,0,0,0,0,0,0,0,0,0,0,0,151,254,207,6,0,10,29,36,0,0,6,199,254,116,0,0,0,0,0,0,0,0,0,0,0,0,0,0,151,254,254,215,212,221,240,247,212,212,218,254,254,156,118,0,0,0,0,0,0,0,0,0,0,0,0,0,15,214,253,254,254,254,224,232,220,249,254,254,254,254,251,86,0,0,0,0,0,0,0,0,0,0,0,0,0,0,49,52,72,60,6,18,0,182,254,180,52,52,52,14,0,0,0,0,0,0,0,0,0,0,0,0,0,0,0,0,0,0,0,0,29,231,251,46,0,0,0,0,0,0,0,0,0,0,0,0,0,0,0,0,0,0,0,0,0,0,0,0,196,254,176,0,0,0,0,0,0,0,0,0,0,0,0,0,0,0,0,0,0,0,0,0,0,0,0,42,245,233,28,0,0,0,0,0,0,0,0,0,0,0,0,0,0,0,0,0,0,0,0,0,0,0,0,168,254,66,0,0,0,0,0,0,0,0,0,0,0,0,0,0,0,0,0,0,0,0,0,0,0,0,73,245,188,13,0,0,0,0,0,0,0,0,0,0,0,0,0,0,0,0,0,0,0,0,0,0,0,0,225,254,68,0,0,0,0,0,0,0,0,0,0,0,0,0,0,0,0,0,0,0,0,0,0,0,0,0,225,193,13,0,0,0,0,0,0,0,0,0,0,0,0,0,0,0,0,0,0,0,0,0,0,0,0,0,0,0,0,0,0,0,0,0,0,0,0,0,0,0,0,0,0,0,0,0,0,0,0,0,0,0,0,0,0,0,0,0,0,0,0,0,0,0,0,0,0,0,0,0,0,0,0,0,0,0,0,0,0,0,0,0,0,0,0,0,0,0,0,0,0,0,0,0,0,0,0,0,0,0,0,0,0,0,0,0,0,0,0,0,0,0,0,0,0,0,0,0,0,0,0,0,0,0,0,0
3,0,0,0,0,0,0,0,0,0,0,0,0,0,0,0,0,0,0,0,0,0,0,0,0,0,0,0,0,0,0,0,0,0,0,0,0,0,0,0,0,0,0,0,0,0,0,0,0,0,0,0,0,0,0,0,0,0,0,0,0,0,0,0,0,0,0,0,0,0,0,0,0,0,0,0,0,0,0,0,0,0,0,0,0,0,0,0,0,0,0,0,0,0,0,0,0,0,0,0,0,0,0,0,0,0,0,0,0,0,0,0,0,0,0,0,0,0,0,0,0,0,0,32,104,162,161,195,161,136,7,0,0,0,0,0,0,0,0,0,0,0,0,0,0,0,0,0,0,55,155,241,253,254,253,253,253,254,90,0,0,0,0,0,0,0,0,0,0,0,0,0,0,0,0,0,119,237,253,242,230,138,88,88,171,245,206,0,0,0,0,0,0,0,0,0,0,0,0,0,0,0,0,0,184,161,77,38,0,0,0,0,0,195,206,0,0,0,0,0,0,0,0,0,0,0,0,0,0,0,0,0,0,0,0,0,0,0,0,32,170,254,148,0,0,0,0,0,0,0,0,0,0,0,0,0,0,0,0,0,0,0,0,0,0,0,93,224,253,190,11,0,0,0,0,0,0,0,0,0,0,0,0,0,0,0,0,0,0,0,0,0,119,208,249,253,253,148,65,13,0,0,0,0,0,0,0,0,0,0,0,0,0,0,0,0,0,0,0,51,234,254,253,253,253,254,253,221,84,0,0,0,0,0,0,0,0,0,0,0,0,0,0,0,0,0,0,116,254,254,254,247,184,204,254,254,254,60,0,0,0,0,0,0,0,0,0,0,0,0,0,0,0,0,0,53,115,115,31,21,0,7,23,178,253,189,5,0,0,0,0,0,0,0,0,0,0,0,0,0,0,0,0,0,0,0,0,0,0,0,0,5,188,254,99,0,0,0,0,0,0,0,0,0,0,0,0,0,0,0,0,0,0,0,0,0,0,0,0,0,25,254,115,0,0,0,0,0,0,0,0,0,0,0,0,0,0,0,0,0,0,0,0,0,0,0,0,0,0,255,115,0,0,0,0,0,0,0,0,0,0,0,0,0,0,0,0,0,0,0,0,0,0,0,0,0,34,254,98,0,0,0,0,0,0,0,0,0,0,0,0,70,207,43,0,0,0,0,0,0,0,0,0,11,191,155,4,0,0,0,0,0,0,0,0,0,0,0,0,207,253,93,0,0,0,0,0,0,0,0,0,149,253,59,0,0,0,0,0,0,0,0,0,0,0,0,0,208,254,170,32,0,0,0,0,0,0,45,104,254,136,0,0,0,0,0,0,0,0,0,0,0,0,0,0,27,198,254,241,222,138,139,122,55,138,245,253,164,6,0,0,0,0,0,0,0,0,0,0,0,0,0,0,0,17,237,253,253,253,254,253,253,253,247,179,25,0,0,0,0,0,0,0,0,0,0,0,0,0,0,0,0,0,19,119,160,228,254,253,253,253,84,0,0,0,0,0,0,0,0,0,0,0,0,0,0,0,0,0,0,0,0,0,0,0,0,0,0,0,0,0,0,0,0,0,0,0,0,0,0,0,0,0,0,0,0,0,0,0,0,0,0,0,0,0,0,0,0,0,0,0,0,0,0,0,0,0,0,0,0,0,0,0,0,0,0,0,0,0,0,0,0,0,0,0,0,0,0,0,0,0,0,0,0,0,0,0,0,0,0,0,0,0,0,0,0,0,0,0,0,0,0,0,0,0,0,0,0,0,0,0,0,0,0,0
7,0,0,0,0,0,0,0,0,0,0,0,0,0,0,0,0,0,0,0,0,0,0,0,0,0,0,0,0,0,0,0,0,0,0,0,0,0,0,0,0,0,0,0,0,0,0,0,0,0,0,0,0,0,0,0,0,0,0,0,0,0,0,0,0,0,0,0,0,0,0,0,0,0,0,0,0,0,0,0,0,0,0,0,0,0,0,0,0,0,0,0,0,0,0,0,0,0,0,0,0,0,0,0,0,0,0,0,0,0,0,0,0,0,0,0,0,0,0,0,0,0,0,0,0,0,0,0,0,0,0,0,0,0,0,0,0,0,0,0,0,0,0,0,0,0,0,0,0,0,0,0,0,0,0,0,0,0,0,0,0,0,0,0,0,0,0,0,0,0,0,0,0,0,0,0,0,0,0,0,0,0,0,0,0,0,0,0,0,0,0,0,0,0,0,0,0,0,0,0,0,0,0,166,128,174,255,253,253,253,253,255,253,253,253,174,63,0,0,0,0,0,0,0,0,0,0,0,0,0,0,131,224,252,253,176,233,252,204,168,195,252,252,252,241,178,19,0,0,0,0,0,0,0,0,0,0,0,0,0,37,55,56,6,43,55,25,0,19,55,71,227,253,252,55,0,0,0,0,0,0,0,0,0,0,0,0,0,0,0,0,0,0,0,0,0,0,0,19,215,253,252,55,0,0,0,0,0,0,0,0,0,0,0,0,0,0,0,0,0,0,0,0,0,0,0,29,252,253,252,55,0,0,0,0,0,0,0,0,0,0,0,0,0,0,0,0,0,0,0,0,0,0,0,169,253,255,106,0,0,0,0,0,0,0,0,0,0,0,0,0,0,0,0,0,0,0,0,0,0,0,98,243,252,152,3,0,0,0,0,0,0,0,0,0,0,0,0,0,0,0,0,0,0,0,0,0,0,67,240,252,252,110,0,0,0,0,0,0,0,0,0,0,0,0,0,0,0,0,0,0,0,0,0,0,13,181,252,249,145,0,0,0,0,0,0,0,0,0,0,0,0,0,0,0,0,0,0,0,0,0,0,0,113,252,252,223,0,0,0,0,0,0,0,0,0,0,0,0,0,0,0,0,0,0,0,0,0,0,13,113,255,253,165,47,0,0,0,0,0,0,0,0,0,0,0,0,0,0,0,0,0,0,0,0,0,0,29,252,253,223,37,0,0,0,0,0,0,0,0,0,0,0,0,0,0,0,0,0,0,0,0,0,0,45,156,252,228,52,0,0,0,0,0,0,0,0,0,0,0,0,0,0,0,0,0,0,0,0,0,0,10,203,252,236,47,0,0,0,0,0,0,0,0,0,0,0,0,0,0,0,0,0,0,0,0,0,0,0,163,252,236,50,0,0,0,0,0,0,0,0,0,0,0,0,0,0,0,0,0,0,0,0,0,0,0,114,253,253,84,0,0,0,0,0,0,0,0,0,0,0,0,0,0,0,0,0,0,0,0,0,0,0,48,238,252,76,19,38,0,0,0,0,0,0,0,0,0,0,0,0,0,0,0,0,0,0,0,0,0,23,227,253,252,130,149,25,0,0,0,0,0,0,0,0,0,0,0,0,0,0,0,0,0,0,0,0,0,29,252,253,252,120,28,0,0,0,0,0,0,0,0,0,0,0,0,0,0,0,0,0,0,0,0,0,0,29,252,253,204,25,0,0,0,0,0,0,0,0,0,0,0,0,0,0,0,0,0,0,0,0,0,0,0,0,0,0,0,0,0,0,0,0,0,0,0,0,0,0,0,0,0,0,0,0
1,0,0,0,0,0,0,0,0,0,0,0,0,0,0,0,0,0,0,0,0,0,0,0,0,0,0,0,0,0,0,0,0,0,0,0,0,0,0,0,0,0,0,0,0,0,0,0,0,0,0,0,0,0,0,0,0,0,0,0,0,0,0,0,0,0,0,0,0,0,0,0,0,0,0,0,0,0,0,0,0,0,0,0,0,0,0,0,0,0,0,0,0,0,0,0,0,0,0,0,0,0,0,0,0,0,0,0,0,0,0,0,0,0,0,0,0,0,0,0,0,0,0,0,0,0,0,0,57,255,84,0,0,0,0,0,0,0,0,0,0,0,0,0,0,0,0,0,0,0,0,0,0,0,0,0,168,253,83,0,0,0,0,0,0,0,0,0,0,0,0,0,0,0,0,0,0,0,0,0,0,0,0,85,253,254,84,0,0,0,0,0,0,0,0,0,0,0,0,0,0,0,0,0,0,0,0,0,0,0,0,85,251,253,83,0,0,0,0,0,0,0,0,0,0,0,0,0,0,0,0,0,0,0,0,0,0,0,0,85,253,254,84,0,0,0,0,0,0,0,0,0,0,0,0,0,0,0,0,0,0,0,0,0,0,0,0,197,251,253,83,0,0,0,0,0,0,0,0,0,0,0,0,0,0,0,0,0,0,0,0,0,0,0,0,254,253,226,56,0,0,0,0,0,0,0,0,0,0,0,0,0,0,0,0,0,0,0,0,0,0,0,0,253,251,168,0,0,0,0,0,0,0,0,0,0,0,0,0,0,0,0,0,0,0,0,0,0,0,0,169,254,253,169,0,0,0,0,0,0,0,0,0,0,0,0,0,0,0,0,0,0,0,0,0,0,0,0,56,253,251,168,0,0,0,0,0,0,0,0,0,0,0,0,0,0,0,0,0,0,0,0,0,0,0,0,57,254,253,0,0,0,0,0,0,0,0,0,0,0,0,0,0,0,0,0,0,0,0,0,0,0,0,0,168,253,251,0,0,0,0,0,0,0,0,0,0,0,0,0,0,0,0,0,0,0,0,0,0,0,0,141,253,254,196,0,0,0,0,0,0,0,0,0,0,0,0,0,0,0,0,0,0,0,0,0,0,0,0,253,251,253,83,0,0,0,0,0,0,0,0,0,0,0,0,0,0,0,0,0,0,0,0,0,0,0,57,254,253,226,56,0,0,0,0,0,0,0,0,0,0,0,0,0,0,0,0,0,0,0,0,0,0,0,168,253,251,56,0,0,0,0,0,0,0,0,0,0,0,0,0,0,0,0,0,0,0,0,0,0,0,85,253,254,253,0,0,0,0,0,0,0,0,0,0,0,0,0,0,0,0,0,0,0,0,0,0,0,0,85,251,253,251,0,0,0,0,0,0,0,0,0,0,0,0,0,0,0,0,0,0,0,0,0,0,0,0,85,253,254,253,0,0,0,0,0,0,0,0,0,0,0,0,0,0,0,0,0,0,0,0,0,0,0,0,28,196,253,251,0,0,0,0,0,0,0,0,0,0,0,0,0,0,0,0,0,0,0,0,0,0,0,0,0,0,0,0,0,0,0,0,0,0,0,0,0,0,0,0,0,0,0,0,0,0,0,0,0,0,0,0,0,0,0,0,0,0,0,0,0,0,0,0,0,0,0,0,0,0,0,0,0,0,0,0,0,0,0,0,0,0,0,0,0,0,0,0,0,0,0,0,0,0,0,0,0,0,0,0,0,0,0,0,0,0,0,0,0,0,0,0,0,0,0,0,0,0,0,0,0,0,0,0,0,0
1,0,0,0,0,0,0,0,0,0,0,0,0,0,0,0,0,0,0,0,0,0,0,0,0,0,0,0,0,0,0,0,0,0,0,0,0,0,0,0,0,0,0,0,0,0,0,0,0,0,0,0,0,0,0,0,0,0,0,0,0,0,0,0,0,0,0,0,0,0,0,0,0,0,0,0,0,0,0,0,0,0,0,0,0,0,0,0,0,0,0,0,0,0,0,0,0,0,0,0,0,0,0,0,0,0,0,0,0,0,0,0,0,0,0,0,0,0,0,0,0,0,0,0,0,0,0,0,0,208,253,11,0,0,0,0,0,0,0,0,0,0,0,0,0,0,0,0,0,0,0,0,0,0,0,0,45,236,252,116,0,0,0,0,0,0,0,0,0,0,0,0,0,0,0,0,0,0,0,0,0,0,0,0,70,252,252,116,0,0,0,0,0,0,0,0,0,0,0,0,0,0,0,0,0,0,0,0,0,0,0,0,112,252,252,116,0,0,0,0,0,0,0,0,0,0,0,0,0,0,0,0,0,0,0,0,0,0,0,43,246,252,200,11,0,0,0,0,0,0,0,0,0,0,0,0,0,0,0,0,0,0,0,0,0,0,0,26,222,253,137,0,0,0,0,0,0,0,0,0,0,0,0,0,0,0,0,0,0,0,0,0,0,0,0,120,252,252,117,0,0,0,0,0,0,0,0,0,0,0,0,0,0,0,0,0,0,0,0,0,0,0,0,161,252,252,22,0,0,0,0,0,0,0,0,0,0,0,0,0,0,0,0,0,0,0,0,0,0,0,19,236,252,176,4,0,0,0,0,0,0,0,0,0,0,0,0,0,0,0,0,0,0,0,0,0,0,0,76,252,252,56,0,0,0,0,0,0,0,0,0,0,0,0,0,0,0,0,0,0,64,0,0,0,0,0,149,253,184,0,0,0,0,0,0,0,0,0,0,0,0,0,0,0,0,0,0,0,42,0,0,0,0,0,253,252,162,0,0,0,0,0,0,0,0,0,0,0,0,0,0,0,0,0,0,0,0,0,0,0,0,32,253,240,50,0,0,0,0,0,0,0,0,0,0,0,0,0,0,0,0,0,0,0,0,0,0,0,0,210,253,164,0,0,0,0,0,0,0,0,0,0,0,0,0,0,0,0,0,0,0,0,0,0,0,0,43,240,253,92,0,0,0,0,0,0,0,0,0,0,0,0,0,0,0,0,0,0,0,0,0,0,0,0,155,253,255,92,0,0,0,0,0,0,0,0,0,0,0,0,0,0,0,0,0,0,0,0,0,0,0,0,207,252,239,33,0,0,0,0,0,0,0,0,0,0,0,0,0,0,0,0,0,0,0,0,0,0,0,134,240,252,199,0,0,0,0,0,0,0,0,0,0,0,0,0,0,0,0,0,0,0,0,0,0,0,0,184,252,252,116,0,0,0,0,0,0,0,0,0,0,0,0,0,0,0,0,0,0,0,0,0,0,0,0,184,252,252,11,0,0,0,0,0,0,0,0,0,0,0,0,0,0,0,0,0,0,0,0,0,0,0,0,0,0,0,0,0,0,0,0,0,0,0,0,0,0,0,0,0,0,0,0,0,0,0,0,0,0,0,0,0,0,0,0,0,0,0,0,0,0,0,0,0,0,0,0,0,0,0,0,0,0,0,0,0,0,0,0,0,0,0,0,0,0,0,0,0,0,0,0,0,0,0,0,0,0,0,0,0,0,0,0,0,0,0,0,0,0,0,0,0,0,0,0,0,0,0,0,0,0,0,0,0,0
8,0,0,0,0,0,0,0,0,0,0,0,0,0,0,0,0,0,0,0,0,0,0,0,0,0,0,0,0,0,0,0,0,0,0,0,0,0,0,0,0,0,0,0,0,0,0,0,0,0,0,0,0,0,0,0,0,0,0,0,0,0,0,0,0,0,0,0,0,0,0,0,0,0,0,0,0,0,0,0,0,0,0,0,0,0,0,0,0,0,0,0,0,0,0,0,0,0,0,0,0,0,0,0,0,0,0,0,0,0,0,0,0,0,0,0,0,0,0,0,0,0,0,0,0,0,0,0,0,0,0,0,0,0,0,0,0,0,0,0,0,0,0,0,0,0,0,0,0,0,0,0,0,39,125,158,225,192,103,0,0,0,0,0,0,0,0,0,0,0,0,0,0,0,0,0,0,0,0,0,0,139,254,255,254,254,254,83,0,0,0,0,0,0,0,0,0,0,0,0,0,0,0,0,0,0,0,0,82,252,254,254,254,254,254,226,98,0,0,0,0,0,0,0,0,0,0,0,0,0,0,0,0,0,0,0,207,254,254,254,254,254,254,254,252,91,0,0,0,0,0,0,0,0,0,0,0,0,0,0,0,0,0,0,216,254,227,232,232,62,67,254,254,98,0,0,0,0,0,0,0,0,0,0,0,0,0,0,0,0,0,81,250,254,68,93,25,0,94,254,254,98,0,0,0,0,0,0,0,0,0,0,0,0,0,0,0,0,0,136,254,187,8,0,0,0,177,254,243,65,0,0,0,0,0,0,0,0,0,0,0,0,0,0,0,0,0,223,254,200,16,0,0,85,241,242,86,0,0,0,0,0,0,0,0,0,0,0,0,0,0,0,0,0,0,119,254,254,89,0,17,204,254,178,0,0,0,0,0,0,0,0,0,0,0,0,0,0,0,0,0,0,0,21,225,254,238,96,110,254,243,63,0,0,0,0,0,0,0,0,0,0,0,0,0,0,0,0,0,0,0,0,99,244,254,254,254,254,111,0,0,0,0,0,0,0,0,0,0,0,0,0,0,0,0,0,0,0,0,0,0,116,254,254,254,254,105,0,0,0,0,0,0,0,0,0,0,0,0,0,0,0,0,0,0,0,0,0,40,178,254,243,219,254,241,83,0,0,0,0,0,0,0,0,0,0,0,0,0,0,0,0,0,0,0,15,222,254,243,93,51,244,254,215,0,0,0,0,0,0,0,0,0,0,0,0,0,0,0,0,0,0,13,114,254,244,92,0,0,66,205,240,76,0,0,0,0,0,0,0,0,0,0,0,0,0,0,0,0,0,113,254,232,91,0,0,0,0,177,254,222,0,0,0,0,0,0,0,0,0,0,0,0,0,0,0,0,0,230,254,39,0,0,0,0,15,183,254,222,0,0,0,0,0,0,0,0,0,0,0,0,0,0,0,0,0,223,254,50,14,14,14,112,224,254,225,97,0,0,0,0,0,0,0,0,0,0,0,0,0,0,0,0,0,99,254,254,254,254,254,254,253,224,39,0,0,0,0,0,0,0,0,0,0,0,0,0,0,0,0,0,0,48,124,235,254,254,221,124,99,0,0,0,0,0,0,0,0,0,0,0,0,0,0,0,0,0,0,0,0,0,0,0,0,0,0,0,0,0,0,0,0,0,0,0,0,0,0,0,0,0,0,0,0,0,0,0,0,0,0,0,0,0,0,0,0,0,0,0,0,0,0,0,0,0,0,0,0,0,0,0,0,0,0,0,0,0,0,0,0,0,0,0,0,0,0,0,0,0,0,0,0,0,0,0
1,0,0,0,0,0,0,0,0,0,0,0,0,0,0,0,0,0,0,0,0,0,0,0,0,0,0,0,0,0,0,0,0,0,0,0,0,0,0,0,0,0,0,0,0,0,0,0,0,0,0,0,0,0,0,0,0,0,0,0,0,0,0,0,0,0,0,0,0,0,0,0,0,0,0,0,0,0,0,0,0,0,0,0,0,0,0,0,0,0,0,0,0,0,0,0,0,0,0,0,0,0,0,0,0,0,0,0,0,0,0,0,0,0,0,0,0,0,0,0,0,0,0,0,0,0,0,64,184,76,0,0,0,0,0,0,0,0,0,0,0,0,0,0,0,0,0,0,0,0,0,0,0,0,0,133,253,190,11,0,0,0,0,0,0,0,0,0,0,0,0,0,0,0,0,0,0,0,0,0,0,0,0,133,253,212,16,0,0,0,0,0,0,0,0,0,0,0,0,0,0,0,0,0,0,0,0,0,0,0,0,133,253,145,0,0,0,0,0,0,0,0,0,0,0,0,0,0,0,0,0,0,0,0,0,0,0,0,0,133,253,145,0,0,0,0,0,0,0,0,0,0,0,0,0,0,0,0,0,0,0,0,0,0,0,0,10,221,253,47,0,0,0,0,0,0,0,0,0,0,0,0,0,0,0,0,0,0,0,0,0,0,0,0,14,252,253,13,0,0,0,0,0,0,0,0,0,0,0,0,0,0,0,0,0,0,0,0,0,0,0,0,99,252,253,13,0,0,0,0,0,0,0,0,0,0,0,0,0,0,0,0,0,0,0,0,0,0,0,0,146,252,253,13,0,0,0,0,0,0,0,0,0,0,0,0,0,0,0,0,0,0,0,0,0,0,0,0,146,252,253,13,0,0,0,0,0,0,0,0,0,0,0,0,0,0,0,0,0,0,0,0,0,0,0,0,147,253,255,13,0,0,0,0,0,0,0,0,0,0,0,0,0,0,0,0,0,0,0,0,0,0,0,0,146,252,253,13,0,0,0,0,0,0,0,0,0,0,0,0,0,0,0,0,0,0,0,0,0,0,0,0,146,252,253,13,0,0,0,0,0,0,0,0,0,0,0,0,0,0,0,0,0,0,0,0,0,0,0,0,146,252,253,13,0,0,0,0,0,0,0,0,0,0,0,0,0,0,0,0,0,0,0,0,0,0,0,0,146,252,221,9,0,0,0,0,0,0,0,0,0,0,0,0,0,0,0,0,0,0,0,0,0,0,0,20,224,252,133,0,0,0,0,0,0,0,0,0,0,0,0,0,0,0,0,0,0,0,0,0,0,0,0,27,252,252,133,0,0,0,0,0,0,0,0,0,0,0,0,0,0,0,0,0,0,0,0,0,0,0,0,24,241,252,209,8,0,0,0,0,0,0,0,0,0,0,0,0,0,0,0,0,0,0,0,0,0,0,0,0,146,252,253,13,0,0,0,0,0,0,0,0,0,0,0,0,0,0,0,0,0,0,0,0,0,0,0,0,77,252,253,13,0,0,0,0,0,0,0,0,0,0,0,0,0,0,0,0,0,0,0,0,0,0,0,0,0,0,0,0,0,0,0,0,0,0,0,0,0,0,0,0,0,0,0,0,0,0,0,0,0,0,0,0,0,0,0,0,0,0,0,0,0,0,0,0,0,0,0,0,0,0,0,0,0,0,0,0,0,0,0,0,0,0,0,0,0,0,0,0,0,0,0,0,0,0,0,0,0,0,0,0,0,0,0,0,0,0,0,0,0,0,0,0,0,0,0,0,0,0,0,0,0,0,0
4,0,0,0,0,0,0,0,0,0,0,0,0,0,0,0,0,0,0,0,0,0,0,0,0,0,0,0,0,0,0,0,0,0,0,0,0,0,0,0,0,0,0,0,0,0,0,0,0,0,0,0,0,0,0,0,0,0,0,0,0,0,0,0,0,0,0,0,0,0,0,0,0,0,0,0,0,0,0,0,0,0,0,0,0,0,0,0,0,0,0,0,0,0,0,0,0,0,0,0,0,0,0,0,0,0,0,0,0,0,0,0,0,0,0,0,0,0,0,0,0,0,0,0,0,0,0,0,0,0,0,0,0,0,0,0,0,0,0,0,0,0,0,0,0,0,0,0,0,0,0,0,0,0,0,0,0,0,0,25,238,175,0,0,0,0,0,0,0,0,0,0,0,0,0,0,0,0,0,0,11,0,0,0,0,0,2,150,224,36,0,0,0,0,0,0,0,0,0,0,0,0,0,0,0,0,0,80,224,16,0,0,0,0,33,253,204,0,0,0,0,0,0,0,0,0,0,0,0,0,0,0,0,0,43,244,69,0,0,0,0,3,152,253,120,0,0,0,0,0,0,0,0,0,0,0,0,0,0,0,0,6,197,216,17,0,0,0,0,17,253,237,25,0,0,0,0,0,0,0,0,0,0,0,0,0,0,0,0,33,253,96,0,0,0,0,0,59,253,220,0,0,0,0,0,0,0,0,0,0,0,0,0,0,0,0,0,26,242,140,0,0,0,0,0,143,253,130,0,0,0,0,0,0,0,0,0,0,0,0,0,0,0,0,0,0,204,204,0,0,0,0,8,246,239,24,0,0,0,0,0,0,0,0,0,0,0,0,0,0,0,0,0,0,181,250,31,0,0,0,33,253,204,0,0,0,0,0,0,0,0,0,0,0,0,0,0,0,0,0,0,0,17,227,228,142,82,82,196,253,94,0,0,0,0,0,0,0,0,0,0,0,0,0,0,0,0,0,0,0,0,43,153,238,253,254,255,254,246,160,16,0,0,0,0,0,0,0,0,0,0,0,0,0,0,0,0,0,0,0,0,0,69,221,254,183,154,134,0,0,0,0,0,0,0,0,0,0,0,0,0,0,0,0,0,0,0,0,0,0,0,245,248,19,0,0,0,0,0,0,0,0,0,0,0,0,0,0,0,0,0,0,0,0,0,0,0,0,68,251,208,0,0,0,0,0,0,0,0,0,0,0,0,0,0,0,0,0,0,0,0,0,0,0,0,0,222,253,58,0,0,0,0,0,0,0,0,0,0,0,0,0,0,0,0,0,0,0,0,0,0,0,0,56,250,237,0,0,0,0,0,0,0,0,0,0,0,0,0,0,0,0,0,0,0,0,0,0,0,0,0,155,253,82,0,0,0,0,0,0,0,0,0,0,0,0,0,0,0,0,0,0,0,0,0,0,0,0,0,229,253,8,0,0,0,0,0,0,0,0,0,0,0,0,0,0,0,0,0,0,0,0,0,0,0,0,78,251,184,3,0,0,0,0,0,0,0,0,0,0,0,0,0,0,0,0,0,0,0,0,0,0,0,0,139,253,45,0,0,0,0,0,0,0,0,0,0,0,0,0,0,0,0,0,0,0,0,0,0,0,0,0,0,0,0,0,0,0,0,0,0,0,0,0,0,0,0,0,0,0,0,0,0,0,0,0,0,0,0,0,0,0,0,0,0,0,0,0,0,0,0,0,0,0,0,0,0,0,0,0,0,0,0,0,0,0,0,0,0,0,0,0,0,0,0,0,0,0,0,0,0,0,0,0,0
7,0,0,0,0,0,0,0,0,0,0,0,0,0,0,0,0,0,0,0,0,0,0,0,0,0,0,0,0,0,0,0,0,0,0,0,0,0,0,0,0,0,0,0,0,0,0,0,0,0,0,0,0,0,0,0,0,0,0,0,0,0,0,0,0,0,0,0,0,0,0,0,0,0,0,0,0,0,0,0,0,0,0,0,0,0,0,0,0,0,0,0,0,0,0,0,0,0,0,0,0,0,0,0,0,0,0,0,0,0,0,0,0,0,0,0,0,0,0,0,0,0,0,0,0,0,0,0,0,0,0,0,0,0,0,0,0,0,0,0,0,0,0,0,0,0,0,0,0,0,0,0,0,0,0,0,0,0,0,0,0,0,0,0,0,0,0,0,0,0,0,0,0,0,0,0,0,0,0,0,0,0,0,0,0,26,39,97,147,237,242,44,0,0,0,0,0,0,0,0,0,0,0,0,0,0,0,0,0,0,17,77,86,231,254,254,254,254,254,108,0,0,0,0,0,0,0,0,0,0,0,0,0,0,0,0,5,113,230,254,254,254,254,254,254,254,254,246,33,0,0,0,0,0,0,0,0,0,0,0,8,79,152,152,231,254,254,254,254,254,254,231,241,254,254,254,56,0,0,0,0,0,0,0,0,0,0,37,157,254,254,254,254,254,254,254,178,147,65,30,93,254,254,254,146,0,0,0,0,0,0,0,0,0,41,227,254,254,254,254,254,242,112,27,2,0,0,13,201,254,254,251,94,0,0,0,0,0,0,0,0,24,228,254,254,254,254,254,217,59,0,0,0,0,0,116,254,254,254,117,0,0,0,0,0,0,0,0,0,76,254,254,254,254,214,101,14,0,0,0,0,0,34,248,254,254,243,50,0,0,0,0,0,0,0,0,0,147,254,254,252,123,11,0,0,0,0,0,0,4,154,254,254,254,123,0,0,0,0,0,0,0,0,0,0,70,240,254,141,0,0,0,0,0,0,0,0,129,254,254,254,254,91,0,0,0,0,0,0,0,0,0,0,0,39,100,22,0,0,0,0,0,0,0,104,236,254,254,254,133,1,0,0,0,0,0,0,0,0,0,0,0,0,0,0,0,0,0,0,0,0,104,241,254,254,254,212,21,0,0,0,0,0,0,0,0,0,0,0,0,0,0,0,0,0,0,0,4,84,236,254,254,254,236,28,0,0,0,0,0,0,0,0,0,0,0,0,0,0,0,0,0,0,0,0,105,254,254,254,254,254,98,0,0,0,0,0,0,0,0,0,0,0,0,0,0,0,0,0,0,0,38,136,241,254,254,254,254,149,1,0,0,0,0,0,0,0,0,0,0,0,0,0,0,0,0,0,0,8,224,254,254,255,254,254,139,16,0,0,0,0,0,0,0,0,0,0,0,0,0,0,0,0,0,0,0,102,254,254,254,254,254,201,52,0,0,0,0,0,0,0,0,0,0,0,0,0,0,0,0,0,0,0,0,120,254,254,254,248,182,9,0,0,0,0,0,0,0,0,0,0,0,0,0,0,0,0,0,0,0,0,0,120,254,254,250,99,0,0,0,0,0,0,0,0,0,0,0,0,0,0,0,0,0,0,0,0,0,0,0,23,166,217,91,0,0,0,0,0,0,0,0,0,0,0,0,0,0,0,0,0,0,0,0,0,0,0,0,0,0,0,0,0,0,0,0,0,0,0,0,0,0,0,0,0,0,0,0,0,0,0,0,0,0,0,0,0,0,0,0,0,0,0,0,0,0,0,0,0,0,0,0,0,0,0
3,0,0,0,0,0,0,0,0,0,0,0,0,0,0,0,0,0,0,0,0,0,0,0,0,0,0,0,0,0,0,0,0,0,0,0,0,0,0,0,0,0,0,0,0,0,0,0,0,0,0,0,0,0,0,0,0,0,0,0,0,0,0,0,0,0,0,0,0,0,0,0,0,0,0,0,0,0,0,0,0,0,0,0,0,0,0,0,0,0,0,0,0,0,0,0,0,0,0,0,0,0,0,0,0,0,0,0,0,0,0,0,0,0,0,0,0,0,0,0,0,0,0,0,0,0,19,209,254,196,3,0,0,0,0,0,0,0,0,0,0,0,0,0,0,0,0,0,0,0,0,0,0,89,207,253,253,253,171,28,0,0,0,0,0,0,0,0,0,0,0,0,0,0,0,0,0,0,0,0,93,254,253,253,253,253,253,135,6,0,0,0,0,0,0,0,0,0,0,0,0,0,0,0,0,0,0,0,242,254,253,246,147,240,253,253,36,0,0,0,0,0,0,0,0,0,0,0,0,0,0,0,0,0,0,0,213,254,207,62,0,182,253,253,36,0,0,0,0,0,0,0,0,0,0,0,0,0,0,0,0,0,0,0,29,60,26,0,73,236,253,229,26,0,0,0,0,0,0,0,0,0,0,0,0,0,0,0,0,0,0,0,0,0,61,206,238,253,229,113,0,0,0,0,0,0,0,0,0,0,0,0,0,0,0,0,0,0,0,0,0,57,238,253,253,253,208,19,0,0,0,0,0,0,0,0,0,0,0,0,0,0,0,0,0,0,0,48,225,243,253,253,253,253,253,194,16,0,0,0,0,0,0,0,0,0,0,0,0,0,0,0,0,0,0,110,253,254,253,236,155,253,253,253,94,0,0,0,0,0,0,0,0,0,0,0,0,0,0,0,0,0,0,53,237,238,110,0,0,62,254,254,157,0,0,0,0,0,0,0,0,0,0,0,0,0,0,0,0,0,0,0,0,0,0,0,0,61,253,253,156,0,0,0,0,0,0,0,0,0,0,0,0,0,0,0,0,0,0,0,0,0,0,0,0,61,253,253,156,0,0,0,0,0,0,0,0,0,0,0,0,0,0,0,0,0,0,0,0,0,0,0,0,84,253,253,133,0,0,0,0,0,0,0,0,0,0,0,6,136,158,18,0,0,0,0,0,0,0,9,84,233,253,192,10,0,0,0,0,0,0,0,0,0,0,0,25,253,253,182,18,0,0,0,0,0,0,54,213,253,253,133,0,0,0,0,0,0,0,0,0,0,0,0,17,180,253,253,182,16,0,0,0,5,97,235,253,253,229,32,0,0,0,0,0,0,0,0,0,0,0,0,0,6,181,253,253,225,172,98,155,221,253,253,253,155,26,0,0,0,0,0,0,0,0,0,0,0,0,0,0,0,39,170,253,253,253,253,253,254,253,238,64,7,0,0,0,0,0,0,0,0,0,0,0,0,0,0,0,0,0,3,104,231,253,253,253,132,121,10,0,0,0,0,0,0,0,0,0,0,0,0,0,0,0,0,0,0,0,0,0,0,0,0,0,0,0,0,0,0,0,0,0,0,0,0,0,0,0,0,0,0,0,0,0,0,0,0,0,0,0,0,0,0,0,0,0,0,0,0,0,0,0,0,0,0,0,0,0,0,0,0,0,0,0,0,0,0,0,0,0,0,0,0,0,0,0,0,0,0,0,0,0,0,0,0,0,0,0,0,0,0,0,0,0,0,0,0,0,0,0,0,0,0,0,0,0,0,0,0,0,0,0,0,0
0,0,0,0,0,0,0,0,0,0,0,0,0,0,0,0,0,0,0,0,0,0,0,0,0,0,0,0,0,0,0,0,0,0,0,0,0,0,0,0,0,0,0,0,0,0,0,0,0,0,0,0,0,0,0,0,0,0,0,0,0,0,0,0,0,0,0,0,0,0,0,0,0,0,0,0,0,0,0,0,0,0,0,0,0,0,0,0,0,0,0,0,0,0,0,0,0,0,0,0,0,0,0,0,0,0,0,0,0,0,0,0,0,0,0,0,0,0,0,0,0,0,0,0,41,247,190,11,0,0,0,0,0,0,0,0,0,0,0,0,0,0,0,0,0,0,0,0,0,0,0,0,61,254,254,145,0,0,0,0,0,0,0,0,0,0,0,0,0,0,0,0,0,0,0,0,0,0,0,0,86,254,254,237,104,0,0,0,0,0,0,0,0,0,0,0,0,0,0,0,0,0,0,0,0,0,0,0,171,254,254,254,238,50,0,0,0,0,0,0,0,0,0,0,0,0,0,0,0,0,0,0,0,0,0,39,246,254,241,172,254,220,12,0,0,0,0,0,0,0,0,0,0,0,0,0,0,0,0,0,0,0,0,116,254,254,182,21,182,254,176,0,0,0,0,0,0,0,0,0,0,0,0,0,0,0,0,0,0,0,16,233,254,235,29,0,52,254,251,172,0,0,0,0,0,0,0,0,0,0,0,0,0,0,0,0,0,0,70,254,254,206,14,0,6,94,254,251,114,0,0,0,0,0,0,0,0,0,0,0,0,0,0,0,0,0,144,254,254,67,0,0,0,40,254,254,242,48,0,0,0,0,0,0,0,0,0,0,0,0,0,0,0,0,200,254,224,13,0,0,0,6,156,254,254,224,11,0,0,0,0,0,0,0,0,0,0,0,0,0,0,37,248,254,214,9,0,0,0,0,18,216,254,254,179,0,0,0,0,0,0,0,0,0,0,0,0,0,0,74,254,254,194,0,0,0,0,0,0,22,69,254,251,98,0,0,0,0,0,0,0,0,0,0,0,0,0,74,254,254,183,0,0,0,0,0,0,0,6,167,254,224,0,0,0,0,0,0,0,0,0,0,0,0,0,74,254,254,108,0,0,0,0,0,0,0,0,109,254,241,0,0,0,0,0,0,0,0,0,0,0,0,0,68,253,254,144,0,0,0,0,0,0,0,3,150,254,234,0,0,0,0,0,0,0,0,0,0,0,0,0,0,236,254,194,0,0,0,0,0,0,3,130,254,247,92,0,0,0,0,0,0,0,0,0,0,0,0,0,0,123,254,238,90,2,0,0,7,25,177,254,246,116,0,0,0,0,0,0,0,0,0,0,0,0,0,0,0,20,207,254,254,172,96,139,218,255,254,242,88,0,0,0,0,0,0,0,0,0,0,0,0,0,0,0,0,0,20,208,254,255,254,254,254,241,153,44,0,0,0,0,0,0,0,0,0,0,0,0,0,0,0,0,0,0,0,20,130,215,254,240,154,43,0,0,0,0,0,0,0,0,0,0,0,0,0,0,0,0,0,0,0,0,0,0,0,0,0,0,0,0,0,0,0,0,0,0,0,0,0,0,0,0,0,0,0,0,0,0,0,0,0,0,0,0,0,0,0,0,0,0,0,0,0,0,0,0,0,0,0,0,0,0,0,0,0,0,0,0,0,0,0,0,0,0,0,0,0,0,0,0,0,0,0,0,0,0,0,0,0,0,0,0,0,0,0,0,0,0,0,0,0,0,0,0,0,0,0,0,0,0,0,0,0,0
8,0,0,0,0,0,0,0,0,0,0,0,0,0,0,0,0,0,0,0,0,0,0,0,0,0,0,0,0,0,0,0,0,0,0,0,0,0,0,0,0,0,0,0,0,0,0,0,0,0,0,0,0,0,0,0,0,0,0,0,0,0,0,0,0,0,0,0,0,0,0,0,0,0,0,0,0,0,0,0,0,0,0,0,0,0,0,0,0,0,0,0,0,0,0,0,0,0,0,0,0,0,0,0,0,0,0,0,0,0,0,0,0,0,0,0,0,0,0,0,0,0,0,0,0,0,0,0,0,0,0,0,0,0,0,0,0,0,0,0,0,0,0,0,0,0,0,0,0,0,0,0,0,0,0,7,66,141,255,253,253,203,63,0,0,0,0,0,0,0,0,0,0,0,0,0,0,0,0,0,0,0,45,187,252,252,253,252,252,252,138,0,0,0,0,0,0,0,0,0,0,0,0,0,0,0,0,0,0,76,229,252,252,252,253,252,252,252,225,0,0,0,0,0,0,0,0,0,0,0,0,0,0,0,0,0,126,249,253,252,252,252,253,252,252,252,175,0,0,0,0,0,0,0,0,0,0,0,0,0,0,0,0,70,253,253,254,247,225,75,41,253,253,253,114,0,0,0,0,0,0,0,0,0,0,0,0,0,0,0,45,225,252,252,159,65,0,0,166,252,252,252,88,0,0,0,0,0,0,0,0,0,0,0,0,0,0,0,141,252,252,214,25,0,0,126,253,252,252,252,0,0,0,0,0,0,0,0,0,0,0,0,0,0,0,0,141,252,252,90,0,0,126,249,253,252,214,90,0,0,0,0,0,0,0,0,0,0,0,0,0,0,0,0,141,253,253,40,29,166,253,253,254,222,25,0,0,0,0,0,0,0,0,0,0,0,0,0,0,0,0,0,141,252,252,215,216,252,252,252,222,103,0,0,0,0,0,0,0,0,0,0,0,0,0,0,0,0,0,0,141,252,252,252,253,252,252,177,25,0,0,0,0,0,0,0,0,0,0,0,0,0,0,0,0,0,0,0,91,252,252,252,253,227,103,3,0,0,0,0,0,0,0,0,0,0,0,0,0,0,0,0,0,0,0,13,204,253,253,253,254,134,0,0,0,0,0,0,0,0,0,0,0,0,0,0,0,0,0,0,0,0,0,188,253,252,252,252,253,159,0,0,0,0,0,0,0,0,0,0,0,0,0,0,0,0,0,0,0,0,29,234,253,252,214,252,253,196,0,0,0,0,0,0,0,0,0,0,0,0,0,0,0,0,0,0,0,0,47,240,253,202,15,228,253,196,0,0,0,0,0,0,0,0,0,0,0,0,0,0,0,0,0,0,0,0,85,253,254,197,10,229,254,197,0,0,0,0,0,0,0,0,0,0,0,0,0,0,0,0,0,0,0,0,85,252,253,234,197,252,253,196,0,0,0,0,0,0,0,0,0,0,0,0,0,0,0,0,0,0,0,0,19,231,253,252,252,252,253,109,0,0,0,0,0,0,0,0,0,0,0,0,0,0,0,0,0,0,0,0,0,25,203,252,252,252,78,9,0,0,0,0,0,0,0,0,0,0,0,0,0,0,0,0,0,0,0,0,0,0,0,0,0,0,0,0,0,0,0,0,0,0,0,0,0,0,0,0,0,0,0,0,0,0,0,0,0,0,0,0,0,0,0,0,0,0,0,0,0,0,0,0,0,0,0,0,0,0,0,0,0,0,0,0,0,0,0,0,0,0,0,0,0,0,0,0,0,0,0,0,0,0,0,0,0
0,0,0,0,0,0,0,0,0,0,0,0,0,0,0,0,0,0,0,0,0,0,0,0,0,0,0,0,0,0,0,0,0,0,0,0,0,0,0,0,0,0,0,0,0,0,0,0,0,0,0,0,0,0,0,0,0,0,0,0,0,0,0,0,0,0,0,0,0,0,0,0,0,0,0,0,0,0,0,0,0,0,0,0,0,0,0,0,0,0,0,0,0,0,0,0,0,0,0,0,0,0,0,0,0,0,0,0,0,0,0,0,0,0,0,0,0,0,0,0,0,0,0,0,0,0,0,0,0,0,51,188,254,255,254,114,0,0,0,0,0,0,0,0,0,0,0,0,0,0,0,0,0,0,0,0,0,128,230,253,253,253,253,81,0,0,0,0,0,0,0,0,0,0,0,0,0,0,0,0,0,0,0,3,129,252,253,253,253,253,253,5,0,0,0,0,0,0,0,0,0,0,0,0,0,0,0,0,0,15,143,195,232,253,225,227,253,214,102,2,0,0,0,0,0,0,0,0,0,0,0,0,0,0,0,0,0,50,245,253,253,253,86,98,253,188,0,0,0,0,0,0,0,0,0,0,0,0,0,0,0,0,0,0,28,211,253,253,253,178,9,98,253,188,0,0,0,0,0,0,0,0,0,0,0,0,0,0,0,0,0,7,217,253,253,243,165,6,0,98,253,188,0,0,0,0,0,0,0,0,0,0,0,0,0,0,0,0,28,140,253,253,253,162,0,0,0,181,253,188,0,0,0,0,0,0,0,0,0,0,0,0,0,0,0,0,134,253,253,253,178,8,0,0,4,209,253,188,0,0,0,0,0,0,0,0,0,0,0,0,0,0,0,33,203,253,253,175,8,0,0,0,60,253,253,188,0,0,0,0,0,0,0,0,0,0,0,0,0,0,0,151,253,253,253,59,0,0,0,0,60,253,253,188,0,0,0,0,0,0,0,0,0,0,0,0,0,0,15,247,253,248,103,4,0,0,0,0,161,253,253,133,0,0,0,0,0,0,0,0,0,0,0,0,0,0,185,253,253,217,0,0,0,0,0,6,188,253,247,62,0,0,0,0,0,0,0,0,0,0,0,0,0,0,222,253,253,134,0,0,0,0,0,151,253,253,226,0,0,0,0,0,0,0,0,0,0,0,0,0,0,0,222,253,253,134,0,0,0,6,152,253,253,253,168,0,0,0,0,0,0,0,0,0,0,0,0,0,0,0,222,253,253,89,0,0,32,151,253,253,253,187,38,0,0,0,0,0,0,0,0,0,0,0,0,0,0,0,222,253,253,183,104,186,232,253,253,253,229,47,0,0,0,0,0,0,0,0,0,0,0,0,0,0,0,0,148,253,253,253,253,253,253,253,253,214,40,0,0,0,0,0,0,0,0,0,0,0,0,0,0,0,0,0,2,151,253,253,253,253,253,238,98,5,0,0,0,0,0,0,0,0,0,0,0,0,0,0,0,0,0,0,0,7,119,196,253,216,93,30,0,0,0,0,0,0,0,0,0,0,0,0,0,0,0,0,0,0,0,0,0,0,0,0,0,0,0,0,0,0,0,0,0,0,0,0,0,0,0,0,0,0,0,0,0,0,0,0,0,0,0,0,0,0,0,0,0,0,0,0,0,0,0,0,0,0,0,0,0,0,0,0,0,0,0,0,0,0,0,0,0,0,0,0,0,0,0,0,0,0,0,0,0,0,0,0,0,0,0,0,0,0,0,0,0,0,0,0,0,0,0,0,0,0,0,0,0,0,0,0,0,0,0,0,0
2,0,0,0,0,0,0,0,0,0,0,0,0,0,0,0,0,0,0,0,0,0,0,0,0,0,0,0,0,0,0,0,0,0,0,0,0,0,0,0,0,0,0,0,0,0,0,0,0,0,0,0,0,0,0,0,0,0,0,0,0,0,0,0,0,0,0,0,0,0,0,0,0,0,0,0,0,0,0,0,0,0,0,0,0,0,0,0,0,0,0,0,0,0,0,0,0,0,0,0,89,128,253,255,90,0,0,0,0,0,0,0,0,0,0,0,0,0,0,0,0,0,0,0,26,225,226,225,246,252,252,253,243,116,28,0,0,0,0,0,0,0,0,0,0,0,0,0,0,0,0,0,107,252,228,195,195,202,252,253,252,252,193,0,0,0,0,0,0,0,0,0,0,0,0,0,0,0,0,0,26,223,126,0,0,10,84,84,218,252,223,0,0,0,0,0,0,0,0,0,0,0,0,0,0,0,0,0,0,0,0,0,0,0,0,0,85,252,239,63,0,0,0,0,0,0,0,0,0,0,0,0,0,0,0,0,0,0,0,0,0,0,0,0,85,253,253,112,0,0,0,0,0,0,0,0,0,0,0,0,0,0,0,0,0,0,0,0,0,0,0,0,85,252,242,74,0,0,0,0,0,0,0,0,0,0,0,0,0,0,0,0,0,0,0,0,0,0,0,0,194,252,223,0,0,0,0,0,0,0,0,0,0,0,0,0,0,0,0,0,0,0,0,0,0,0,0,76,243,252,223,0,0,0,0,0,0,0,0,0,0,0,0,0,0,0,0,0,0,0,0,0,0,0,0,113,252,252,145,0,0,0,0,0,0,0,0,0,0,0,0,0,0,0,0,0,0,0,0,0,0,0,0,176,253,228,47,0,0,0,0,0,0,0,0,0,0,0,0,0,48,147,225,116,85,85,48,0,0,26,225,253,252,148,0,0,0,0,0,0,0,0,0,0,0,0,0,54,227,253,252,252,252,252,229,197,88,156,252,253,233,43,0,0,0,0,0,0,0,0,0,0,0,10,138,224,252,240,223,114,99,223,253,252,252,252,252,240,71,0,0,0,0,0,0,0,0,0,0,0,0,163,252,252,252,140,0,0,0,0,253,252,252,252,252,140,0,0,0,0,0,0,0,0,0,0,0,0,0,226,253,240,63,0,0,0,13,113,255,253,253,253,253,192,12,0,0,0,0,0,0,0,0,0,0,0,0,225,252,99,0,0,29,85,181,252,253,252,252,252,252,253,181,19,0,0,0,0,0,0,0,0,0,0,89,246,252,215,197,198,215,252,252,252,228,148,55,155,252,253,252,177,19,0,0,0,0,0,0,0,0,0,38,209,246,252,252,253,252,252,233,145,47,0,0,10,84,237,252,214,28,0,0,0,0,0,0,0,0,0,0,0,88,205,252,253,252,141,37,0,0,0,0,0,0,50,112,87,0,0,0,0,0,0,0,0,0,0,0,0,0,0,0,0,0,0,0,0,0,0,0,0,0,0,0,0,0,0,0,0,0,0,0,0,0,0,0,0,0,0,0,0,0,0,0,0,0,0,0,0,0,0,0,0,0,0,0,0,0,0,0,0,0,0,0,0,0,0,0,0,0,0,0,0,0,0,0,0,0,0,0,0,0,0,0,0,0,0,0,0,0,0,0,0,0,0,0,0,0,0,0,0,0,0,0,0,0,0,0,0,0,0,0,0,0,0,0,0,0,0,0,0,0,0,0,0,0,0,0,0,0,0,0,0,0,0,0,0,0,0,0,0,0,0,0
1,0,0,0,0,0,0,0,0,0,0,0,0,0,0,0,0,0,0,0,0,0,0,0,0,0,0,0,0,0,0,0,0,0,0,0,0,0,0,0,0,0,0,0,0,0,0,0,0,0,0,0,0,0,0,0,0,0,0,0,0,0,0,0,0,0,0,0,0,0,0,0,0,0,0,0,0,0,0,0,0,0,0,0,0,0,0,0,0,0,0,0,0,0,0,0,0,0,0,0,0,0,0,0,0,0,0,0,0,0,0,0,0,0,0,0,0,0,0,0,0,0,0,0,0,0,0,0,4,181,255,10,0,0,0,0,0,0,0,0,0,0,0,0,0,0,0,0,0,0,0,0,0,0,0,0,101,253,253,10,0,0,0,0,0,0,0,0,0,0,0,0,0,0,0,0,0,0,0,0,0,0,0,0,130,253,253,57,0,0,0,0,0,0,0,0,0,0,0,0,0,0,0,0,0,0,0,0,0,0,0,0,130,253,253,10,0,0,0,0,0,0,0,0,0,0,0,0,0,0,0,0,0,0,0,0,0,0,0,0,211,253,253,10,0,0,0,0,0,0,0,0,0,0,0,0,0,0,0,0,0,0,0,0,0,0,0,48,245,253,166,2,0,0,0,0,0,0,0,0,0,0,0,0,0,0,0,0,0,0,0,0,0,0,0,200,253,253,90,0,0,0,0,0,0,0,0,0,0,0,0,0,0,0,0,0,0,0,0,0,0,0,79,241,253,233,32,0,0,0,0,0,0,0,0,0,0,0,0,0,0,0,0,0,0,0,0,0,0,15,246,253,253,194,0,0,0,0,0,0,0,0,0,0,0,0,0,0,0,0,0,0,0,0,0,0,0,13,234,253,249,107,0,0,0,0,0,0,0,0,0,0,0,0,0,0,0,0,0,0,0,0,0,0,0,13,234,253,232,0,0,0,0,0,0,0,0,0,0,0,0,0,0,0,0,0,0,0,0,0,0,0,0,119,253,253,130,0,0,0,0,0,0,0,0,0,0,0,0,0,0,0,0,0,0,0,0,0,0,0,21,201,253,253,52,0,0,0,0,0,0,0,0,0,0,0,0,0,0,0,0,0,0,0,0,0,0,0,87,253,253,218,10,0,0,0,0,0,0,0,0,0,0,0,0,0,0,0,0,0,0,0,0,0,0,6,151,253,253,58,0,0,0,0,0,0,0,0,0,0,0,0,0,0,0,0,0,0,0,0,0,0,0,77,253,253,216,17,0,0,0,0,0,0,0,0,0,0,0,0,0,0,0,0,0,0,0,0,0,0,5,196,253,247,73,0,0,0,0,0,0,0,0,0,0,0,0,0,0,0,0,0,0,0,0,0,0,0,86,253,253,223,0,0,0,0,0,0,0,0,0,0,0,0,0,0,0,0,0,0,0,0,0,0,0,0,227,253,253,99,0,0,0,0,0,0,0,0,0,0,0,0,0,0,0,0,0,0,0,0,0,0,0,0,181,253,179,3,0,0,0,0,0,0,0,0,0,0,0,0,0,0,0,0,0,0,0,0,0,0,0,0,0,0,0,0,0,0,0,0,0,0,0,0,0,0,0,0,0,0,0,0,0,0,0,0,0,0,0,0,0,0,0,0,0,0,0,0,0,0,0,0,0,0,0,0,0,0,0,0,0,0,0,0,0,0,0,0,0,0,0,0,0,0,0,0,0,0,0,0,0,0,0,0,0,0,0,0,0,0,0,0,0,0,0,0,0,0,0,0,0,0,0,0,0,0,0,0,0,0,0,0,0,0,0
6,0,0,0,0,0,0,0,0,0,0,0,0,0,0,0,0,0,0,0,0,0,0,0,0,0,0,0,0,0,0,0,0,0,0,0,0,0,0,0,0,0,0,0,0,0,0,0,0,0,0,0,0,0,0,0,0,0,0,0,0,0,0,0,0,0,0,0,0,0,0,0,0,0,38,236,212,0,0,0,0,0,0,0,0,0,0,0,0,0,0,0,0,0,0,0,0,0,0,0,0,0,143,252,131,0,0,0,0,0,0,0,0,0,0,0,0,0,0,0,0,0,0,0,0,0,0,0,0,82,246,252,9,0,0,0,0,0,0,0,0,0,0,0,0,0,0,0,0,0,0,0,0,0,0,0,84,246,252,155,0,0,0,0,0,0,0,0,0,0,0,0,0,0,0,0,0,0,0,0,0,0,0,18,216,252,226,24,0,0,0,0,0,0,0,0,0,0,0,0,0,0,0,0,0,0,0,0,0,0,0,78,253,253,172,0,0,0,0,0,0,0,0,0,0,0,0,0,0,0,0,0,0,0,0,0,0,0,0,253,252,201,21,0,0,0,0,0,0,0,0,0,0,0,0,0,0,0,0,0,0,0,0,0,0,6,153,253,252,118,0,0,0,0,0,0,0,0,0,0,0,0,0,0,0,0,0,0,0,0,0,0,0,64,252,253,169,7,0,0,0,0,0,0,0,0,0,0,0,0,0,0,0,0,0,0,0,0,0,0,9,187,252,236,37,0,0,0,0,0,0,0,0,0,0,0,0,0,0,0,0,0,0,0,0,0,0,0,145,253,253,89,0,0,0,0,0,0,0,0,0,0,0,0,0,0,0,0,0,0,0,0,0,0,0,29,239,252,208,146,190,86,0,0,0,0,0,0,0,0,0,0,0,0,0,0,0,0,0,0,0,0,0,137,252,252,252,253,252,251,174,0,0,0,0,0,0,0,0,0,0,0,0,0,0,0,0,0,0,0,29,232,252,252,252,253,252,252,231,28,0,0,0,0,0,0,0,0,0,0,0,0,0,0,0,0,0,0,175,252,252,252,208,86,200,252,226,24,0,0,0,0,0,0,0,0,0,0,0,0,0,0,0,0,0,62,255,253,179,106,18,78,253,250,158,0,0,0,0,0,0,0,0,0,0,0,0,0,0,0,0,0,0,185,253,252,91,22,128,253,252,196,0,0,0,0,0,0,0,0,0,0,0,0,0,0,0,0,0,0,0,202,253,252,29,73,252,253,236,72,0,0,0,0,0,0,0,0,0,0,0,0,0,0,0,0,0,0,0,35,227,252,210,225,252,199,21,0,0,0,0,0,0,0,0,0,0,0,0,0,0,0,0,0,0,0,0,0,192,252,252,182,103,18,0,0,0,0,0,0,0,0,0,0,0,0,0,0,0,0,0,0,0,0,0,0,0,0,0,0,0,0,0,0,0,0,0,0,0,0,0,0,0,0,0,0,0,0,0,0,0,0,0,0,0,0,0,0,0,0,0,0,0,0,0,0,0,0,0,0,0,0,0,0,0,0,0,0,0,0,0,0,0,0,0,0,0,0,0,0,0,0,0,0,0,0,0,0,0,0,0,0,0,0,0,0,0,0,0,0,0,0,0,0,0,0,0,0,0,0,0,0,0,0,0,0,0,0,0,0,0,0,0,0,0,0,0,0,0,0,0,0,0,0,0,0,0,0,0,0,0,0,0,0,0,0,0,0,0,0,0,0,0,0,0,0,0,0,0,0,0,0,0,0,0,0,0,0,0,0,0,0,0,0,0
6,0,0,0,0,0,0,0,0,0,0,0,0,0,0,0,0,0,0,0,0,0,0,0,0,0,0,0,0,0,0,0,0,0,0,0,0,0,0,0,0,0,0,0,0,0,0,0,0,0,0,0,0,0,0,0,0,0,0,0,0,0,0,0,0,0,0,0,0,0,0,0,0,0,0,0,0,0,0,0,0,0,0,0,0,0,0,0,0,0,0,0,0,0,0,0,0,21,211,254,143,0,0,0,0,0,0,0,0,0,0,0,0,0,0,0,0,0,0,0,0,0,0,0,0,199,253,253,143,0,0,0,0,0,0,0,0,0,0,0,0,0,0,0,0,0,0,0,0,0,0,0,74,250,253,210,100,0,0,0,0,0,0,0,0,0,0,0,0,0,0,0,0,0,0,0,0,0,0,0,146,252,97,55,2,0,0,0,0,0,0,0,0,0,0,0,0,0,0,0,0,0,0,0,0,0,0,61,235,242,0,0,0,0,0,0,0,0,0,0,0,0,0,0,0,0,0,0,0,0,0,0,0,0,0,166,253,242,0,0,0,0,0,0,0,0,0,0,0,0,0,0,0,0,0,0,0,0,0,0,0,0,11,208,253,136,0,0,0,0,0,0,0,0,0,0,0,0,0,0,0,0,0,0,0,0,0,0,0,0,23,253,253,22,0,0,0,0,0,0,0,0,0,0,0,0,0,0,0,0,0,0,0,0,0,0,0,0,57,253,253,22,0,0,0,0,0,65,174,150,188,16,0,0,0,0,0,0,0,0,0,0,0,0,0,0,133,253,215,12,0,0,0,0,30,229,253,253,253,118,0,0,0,0,0,0,0,0,0,0,0,0,0,0,196,254,141,10,0,0,0,19,63,236,117,205,254,70,0,0,0,0,0,0,0,0,0,0,0,0,0,0,243,253,55,0,0,0,59,221,207,77,9,189,230,16,0,0,0,0,0,0,0,0,0,0,0,0,0,0,243,253,55,0,0,0,221,254,143,0,23,253,165,0,0,0,0,0,0,0,0,0,0,0,0,0,0,0,243,253,55,0,0,75,252,164,4,0,138,253,165,0,0,0,0,0,0,0,0,0,0,0,0,0,0,0,243,253,55,0,0,78,253,111,15,100,250,241,81,0,0,0,0,0,0,0,0,0,0,0,0,0,0,0,243,253,141,0,0,78,253,224,213,253,246,81,0,0,0,0,0,0,0,0,0,0,0,0,0,0,0,0,190,253,246,25,2,18,225,254,253,249,77,0,0,0,0,0,0,0,0,0,0,0,0,0,0,0,0,0,66,253,253,206,172,253,253,255,242,79,0,0,0,0,0,0,0,0,0,0,0,0,0,0,0,0,0,0,6,138,237,253,253,253,253,210,82,0,0,0,0,0,0,0,0,0,0,0,0,0,0,0,0,0,0,0,0,0,113,191,191,143,95,15,0,0,0,0,0,0,0,0,0,0,0,0,0,0,0,0,0,0,0,0,0,0,0,0,0,0,0,0,0,0,0,0,0,0,0,0,0,0,0,0,0,0,0,0,0,0,0,0,0,0,0,0,0,0,0,0,0,0,0,0,0,0,0,0,0,0,0,0,0,0,0,0,0,0,0,0,0,0,0,0,0,0,0,0,0,0,0,0,0,0,0,0,0,0,0,0,0,0,0,0,0,0,0,0,0,0,0,0,0,0,0,0,0,0,0,0,0,0,0,0,0,0,0,0,0,0,0,0,0,0,0,0,0,0,0,0,0,0,0,0,0,0,0,0,0,0,0,0,0,0,0
6,0,0,0,0,0,0,0,0,0,0,0,0,0,0,0,0,0,0,0,0,0,0,0,0,0,0,0,0,0,0,0,0,0,0,0,0,0,0,0,0,0,0,0,0,47,253,211,13,0,0,0,0,0,0,0,0,0,0,0,0,0,0,0,0,0,0,0,0,0,0,0,0,99,252,193,8,0,0,0,0,0,0,0,0,0,0,0,0,0,0,0,0,0,0,0,0,0,0,0,0,130,233,64,0,0,0,0,0,0,0,0,0,0,0,0,0,0,0,0,0,0,0,0,0,0,0,0,155,236,183,0,0,0,0,0,0,0,0,0,0,0,0,0,0,0,0,0,0,0,0,0,0,0,0,53,253,231,48,0,0,0,0,0,0,0,0,0,0,0,0,0,0,0,0,0,0,0,0,0,0,0,9,181,255,144,0,0,0,0,0,0,0,0,0,0,0,0,0,0,0,0,0,0,0,0,0,0,0,0,114,252,218,33,0,0,0,0,0,0,0,0,0,0,0,0,0,0,0,0,0,0,0,0,0,0,0,134,240,221,32,0,0,0,0,0,0,0,0,0,0,0,0,0,0,0,0,0,0,0,0,0,0,9,114,187,218,35,0,0,0,0,0,0,0,0,0,0,0,0,0,0,0,0,0,0,0,0,0,0,0,24,252,252,108,0,0,0,0,0,0,0,0,0,0,0,0,0,0,0,0,0,0,0,0,0,0,0,11,149,253,122,0,0,0,0,0,0,0,0,0,0,0,0,0,0,0,0,0,0,0,0,0,0,0,0,116,253,202,25,0,0,0,0,13,47,26,0,0,0,0,0,0,0,0,0,0,0,0,0,0,0,0,0,199,236,25,0,0,0,7,142,203,252,221,174,25,0,0,0,0,0,0,0,0,0,0,0,0,0,0,119,248,188,0,0,34,93,212,252,252,252,252,253,185,0,0,0,0,0,0,0,0,0,0,0,0,0,0,207,252,11,0,32,218,252,253,252,168,137,137,201,206,0,0,0,0,0,0,0,0,0,0,0,0,0,0,208,243,0,5,191,253,253,116,42,0,0,0,149,207,0,0,0,0,0,0,0,0,0,0,0,0,0,0,207,211,5,84,252,193,92,0,0,0,0,147,253,206,0,0,0,0,0,0,0,0,0,0,0,0,0,0,207,252,191,252,252,160,0,7,70,101,184,246,253,206,0,0,0,0,0,0,0,0,0,0,0,0,0,0,80,244,253,252,252,236,207,212,252,252,218,160,192,37,0,0,0,0,0,0,0,0,0,0,0,0,0,0,0,21,148,178,221,210,137,201,200,221,129,11,11,0,0,0,0,0,0,0,0,0,0,0,0,0,0,0,0,0,0,0,0,0,0,0,0,0,0,0,0,0,0,0,0,0,0,0,0,0,0,0,0,0,0,0,0,0,0,0,0,0,0,0,0,0,0,0,0,0,0,0,0,0,0,0,0,0,0,0,0,0,0,0,0,0,0,0,0,0,0,0,0,0,0,0,0,0,0,0,0,0,0,0,0,0,0,0,0,0,0,0,0,0,0,0,0,0,0,0,0,0,0,0,0,0,0,0,0,0,0,0,0,0,0,0,0,0,0,0,0,0,0,0,0,0,0,0,0,0,0,0,0,0,0,0,0,0,0,0,0,0,0,0,0,0,0,0,0,0,0,0,0,0,0,0,0,0,0,0,0,0,0,0,0,0,0,0,0,0,0,0,0,0,0,0,0,0,0,0,0,0,0,0,0,0,0,0,0,0,0,0,0,0,0,0
1,0,0,0,0,0,0,0,0,0,0,0,0,0,0,0,0,0,0,0,0,0,0,0,0,0,0,0,0,0,0,0,0,0,0,0,0,0,0,0,0,0,0,0,0,0,0,0,0,0,0,0,0,0,0,0,0,0,0,0,0,0,0,0,0,0,0,0,0,0,0,0,0,0,0,0,0,0,0,0,0,0,0,0,0,0,0,0,0,0,0,0,0,0,0,0,0,0,0,0,0,0,0,0,0,0,0,0,0,0,0,0,0,0,0,0,0,0,0,0,0,0,0,0,0,0,0,0,0,0,0,0,0,0,0,0,0,0,0,0,0,0,0,0,0,0,0,0,0,0,0,0,0,0,0,0,0,111,255,238,48,0,0,0,0,0,0,0,0,0,0,0,0,0,0,0,0,0,0,0,0,0,0,0,52,252,253,238,52,0,0,0,0,0,0,0,0,0,0,0,0,0,0,0,0,0,0,0,0,0,0,0,110,253,253,163,0,0,0,0,0,0,0,0,0,0,0,0,0,0,0,0,0,0,0,0,0,0,0,0,183,253,253,91,0,0,0,0,0,0,0,0,0,0,0,0,0,0,0,0,0,0,0,0,0,0,0,0,183,253,238,56,0,0,0,0,0,0,0,0,0,0,0,0,0,0,0,0,0,0,0,0,0,0,0,52,244,237,137,0,0,0,0,0,0,0,0,0,0,0,0,0,0,0,0,0,0,0,0,0,0,0,22,125,253,207,0,0,0,0,0,0,0,0,0,0,0,0,0,0,0,0,0,0,0,0,0,0,0,0,66,253,253,167,0,0,0,0,0,0,0,0,0,0,0,0,0,0,0,0,0,0,0,0,0,0,0,0,169,253,211,16,0,0,0,0,0,0,0,0,0,0,0,0,0,0,0,0,0,0,0,0,0,0,0,90,240,253,101,0,0,0,0,0,0,0,0,0,0,0,0,0,0,0,0,0,0,0,0,0,0,0,0,202,253,209,18,0,0,0,0,0,0,0,0,0,0,0,0,0,0,0,0,0,0,0,0,0,0,0,57,239,240,88,0,0,0,0,0,0,0,0,0,0,0,0,0,0,0,0,0,0,0,0,0,0,0,16,177,253,188,0,0,0,0,0,0,0,0,0,0,0,0,0,0,0,0,0,0,0,0,0,0,0,0,86,253,253,168,0,0,0,0,0,0,0,0,0,0,0,0,0,0,0,0,0,0,0,0,0,0,0,0,86,253,253,58,0,0,0,0,0,0,0,0,0,0,0,0,0,0,0,0,0,0,0,0,0,0,0,0,99,253,246,52,0,0,0,0,0,0,0,0,0,0,0,0,0,0,0,0,0,0,0,0,0,0,0,8,218,253,171,0,0,0,0,0,0,0,0,0,0,0,0,0,0,0,0,0,0,0,0,0,0,0,0,165,253,249,49,0,0,0,0,0,0,0,0,0,0,0,0,0,0,0,0,0,0,0,0,0,0,0,0,222,253,171,0,0,0,0,0,0,0,0,0,0,0,0,0,0,0,0,0,0,0,0,0,0,0,0,51,238,253,45,0,0,0,0,0,0,0,0,0,0,0,0,0,0,0,0,0,0,0,0,0,0,0,0,0,0,0,0,0,0,0,0,0,0,0,0,0,0,0,0,0,0,0,0,0,0,0,0,0,0,0,0,0,0,0,0,0,0,0,0,0,0,0,0,0,0,0,0,0,0,0,0,0,0,0,0,0,0,0,0,0,0,0,0,0,0,0,0,0,0,0,0,0,0,0,0,0,0,0,0
6,0,0,0,0,0,0,0,0,0,0,0,0,0,0,0,0,0,0,0,0,0,0,0,0,0,0,0,0,0,0,0,0,0,0,0,0,0,0,0,0,0,0,0,0,0,0,0,0,0,0,0,0,0,0,0,0,0,0,0,0,0,0,0,0,0,0,0,27,134,211,172,82,0,0,0,0,0,0,0,0,0,0,0,0,0,0,0,0,0,0,0,0,0,0,68,237,253,253,253,191,0,0,0,0,0,0,0,0,0,0,0,0,0,0,0,0,0,0,0,0,0,111,238,253,253,236,72,25,0,0,0,0,0,0,0,0,0,0,0,0,0,0,0,0,0,0,0,0,62,244,253,246,126,9,0,0,0,0,0,0,0,0,0,0,0,0,0,0,0,0,0,0,0,0,0,15,220,253,217,57,0,0,0,0,0,0,0,0,0,0,0,0,0,0,0,0,0,0,0,0,0,0,0,106,253,253,159,0,0,0,0,0,0,0,0,0,0,0,0,0,0,0,0,0,0,0,0,0,0,0,16,214,253,180,8,0,0,0,0,0,0,0,0,0,0,0,0,0,0,0,0,0,0,0,0,0,0,0,34,253,253,121,0,0,0,0,0,0,0,0,0,0,0,0,0,0,0,0,0,0,0,0,0,0,0,0,116,253,253,39,0,0,0,0,0,0,0,0,0,0,0,0,0,0,0,0,0,0,0,0,0,0,0,0,144,253,253,10,0,0,0,0,0,0,0,0,0,0,0,0,0,0,0,0,0,0,0,0,0,0,0,0,144,254,254,11,0,0,0,0,0,0,0,0,14,34,58,106,34,13,0,0,0,0,0,0,0,0,0,0,144,253,253,10,0,0,0,0,0,0,82,128,207,253,253,253,253,176,0,0,0,0,0,0,0,0,0,0,144,253,253,102,0,0,0,0,0,135,254,253,253,253,253,253,253,246,98,0,0,0,0,0,0,0,0,0,38,253,253,130,0,0,0,0,75,252,254,209,121,112,10,49,233,253,216,17,0,0,0,0,0,0,0,0,12,203,253,246,82,0,0,0,102,253,209,27,0,0,0,0,146,253,236,26,0,0,0,0,0,0,0,0,0,68,238,253,217,58,0,0,188,253,111,0,0,0,0,109,249,253,176,0,0,0,0,0,0,0,0,0,0,0,153,253,253,246,127,12,142,253,228,45,12,21,146,249,253,251,121,0,0,0,0,0,0,0,0,0,0,0,0,152,238,253,253,253,253,253,255,253,253,253,253,253,232,125,0,0,0,0,0,0,0,0,0,0,0,0,0,0,68,203,253,253,253,253,254,253,253,253,253,192,44,0,0,0,0,0,0,0,0,0,0,0,0,0,0,0,0,12,133,162,253,253,254,253,253,137,33,7,0,0,0,0,0,0,0,0,0,0,0,0,0,0,0,0,0,0,0,0,0,0,0,0,0,0,0,0,0,0,0,0,0,0,0,0,0,0,0,0,0,0,0,0,0,0,0,0,0,0,0,0,0,0,0,0,0,0,0,0,0,0,0,0,0,0,0,0,0,0,0,0,0,0,0,0,0,0,0,0,0,0,0,0,0,0,0,0,0,0,0,0,0,0,0,0,0,0,0,0,0,0,0,0,0,0,0,0,0,0,0,0,0,0,0,0,0,0,0,0,0,0,0,0,0,0,0,0,0,0,0,0,0,0,0,0,0,0,0,0,0,0,0,0,0,0,0,0,0,0,0,0,0,0,0,0,0,0,0,0,0,0,0,0,0,0,0,0,0,0,0,0,0,0
9,0,0,0,0,0,0,0,0,0,0,0,0,0,0,0,0,0,0,0,0,0,0,0,0,0,0,0,0,0,0,0,0,0,0,0,0,0,0,0,0,0,0,0,0,0,0,0,0,0,0,0,0,0,0,0,0,0,0,0,0,0,0,0,0,0,0,0,0,0,0,0,0,0,0,0,0,0,0,0,0,0,0,0,0,0,0,0,0,0,0,0,0,0,0,0,0,0,0,0,0,0,0,0,0,0,0,0,0,0,0,0,0,0,0,0,0,0,0,0,0,0,0,0,0,0,0,0,0,0,0,0,0,0,0,0,0,0,0,0,0,0,0,0,0,0,0,0,0,0,0,0,0,0,0,0,0,0,0,0,0,0,0,0,0,0,0,0,0,0,0,0,0,0,0,0,0,0,0,0,0,0,0,0,0,0,0,0,0,0,0,0,0,0,0,0,0,0,0,0,0,0,0,0,0,0,0,0,0,0,33,154,254,255,254,254,161,0,0,0,0,0,0,0,0,0,0,0,0,0,0,0,0,0,0,0,0,95,220,253,253,253,253,253,253,102,0,0,0,0,0,0,0,0,0,0,0,0,0,0,0,0,41,154,241,251,253,170,116,12,50,253,253,104,0,0,0,0,0,0,0,0,0,0,0,0,0,0,0,41,225,253,253,170,48,5,0,73,195,253,253,104,0,0,0,0,0,0,0,0,0,0,0,0,0,0,91,225,253,220,116,5,0,0,21,206,253,253,253,104,0,0,0,0,0,0,0,0,0,0,0,0,0,0,235,253,220,41,0,0,24,122,228,253,253,253,183,13,0,0,0,0,0,0,0,0,0,0,0,0,0,0,235,253,51,0,27,123,225,253,236,94,210,253,97,0,0,0,0,0,0,0,0,0,0,0,0,0,0,0,235,253,214,209,222,253,233,144,36,87,253,253,97,0,0,0,0,0,0,0,0,0,0,0,0,0,0,0,168,246,253,253,231,144,38,0,0,176,253,244,70,0,0,0,0,0,0,0,0,0,0,0,0,0,0,0,0,52,58,58,40,0,0,0,14,196,253,187,0,0,0,0,0,0,0,0,0,0,0,0,0,0,0,0,0,0,0,0,0,0,0,0,53,253,253,91,0,0,0,0,0,0,0,0,0,0,0,0,0,0,0,0,0,0,0,0,0,0,0,0,146,253,225,26,0,0,0,0,0,0,0,0,0,0,0,0,0,0,0,0,0,0,0,0,0,0,0,41,232,253,214,0,0,0,0,0,0,0,0,0,0,0,0,0,0,0,0,0,0,0,0,0,0,0,0,59,253,253,214,0,0,0,0,0,0,0,0,0,0,0,0,0,0,0,0,0,0,0,0,0,0,0,0,59,253,253,214,0,0,0,0,0,0,0,0,0,0,0,0,0,0,0,0,0,0,0,0,0,0,0,0,59,253,253,200,0,0,0,0,0,0,0,0,0,0,0,0,0,0,0,0,0,0,0,0,0,0,0,0,59,253,253,84,0,0,0,0,0,0,0,0,0,0,0,0,0,0,0,0,0,0,0,0,0,0,0,0,132,253,253,84,0,0,0,0,0,0,0,0,0,0,0,0,0,0,0,0,0,0,0,0,0,0,0,0,186,253,252,82,0,0,0,0,0,0,0,0,0,0,0,0,0,0,0,0,0,0,0,0,0,0,0,0,59,253,140,0,0,0,0,0,0,0,0,0,0,0,0,0,0,0,0,0,0,0,0,0,0,0,0,0,0,0,0,0,0,0,0,0,0,0,0,0,0,0
4,0,0,0,0,0,0,0,0,0,0,0,0,0,0,0,0,0,0,0,0,0,0,0,0,0,0,0,0,0,0,0,0,0,0,0,0,0,0,0,0,0,0,0,0,0,0,0,0,0,0,0,0,0,0,0,0,0,0,0,0,0,0,0,0,0,0,0,0,0,0,0,0,0,0,0,0,0,0,0,0,0,0,0,0,0,0,0,0,0,0,0,0,0,0,0,0,0,0,0,0,0,0,0,0,0,0,0,0,0,0,0,0,0,0,0,0,0,0,0,0,0,0,0,0,0,0,0,0,0,0,0,0,0,0,0,0,0,0,0,0,0,0,0,0,0,0,0,0,0,0,0,0,0,0,0,0,0,0,0,0,0,0,0,0,0,0,0,0,0,0,0,0,0,0,0,0,0,0,0,13,191,255,215,9,0,0,107,227,25,0,0,0,0,0,0,0,0,0,0,0,0,0,0,0,0,0,0,165,253,253,186,5,0,71,251,253,43,0,0,0,0,0,0,0,0,0,0,0,0,0,0,0,0,0,0,195,253,229,43,0,0,146,253,253,43,0,0,0,0,0,0,0,0,0,0,0,0,0,0,0,0,0,30,230,253,134,0,0,0,206,253,214,17,0,0,0,0,0,0,0,0,0,0,0,0,0,0,0,0,4,160,253,241,23,0,0,0,206,253,188,0,0,0,0,0,0,0,0,0,0,0,0,0,0,0,0,0,11,253,253,140,0,0,0,29,228,253,184,0,0,0,0,0,0,0,0,0,0,0,0,0,0,0,0,0,79,253,253,109,0,0,0,81,253,248,65,0,0,0,0,0,0,0,0,0,0,0,0,0,0,0,0,28,211,253,224,14,0,0,54,234,253,226,0,0,0,0,0,0,0,0,0,0,0,0,0,0,0,0,0,89,253,253,172,17,40,125,237,253,253,121,0,0,0,0,0,0,0,0,0,0,0,0,0,0,0,0,10,203,253,253,253,253,253,253,253,253,233,8,0,0,0,0,0,0,0,0,0,0,0,0,0,0,0,0,44,253,253,253,253,253,253,220,208,253,156,0,0,0,0,0,0,0,0,0,0,0,0,0,0,0,0,0,3,50,124,124,124,71,16,10,130,253,64,0,0,0,0,0,0,0,0,0,0,0,0,0,0,0,0,0,0,0,0,0,0,0,0,0,130,253,110,0,0,0,0,0,0,0,0,0,0,0,0,0,0,0,0,0,0,0,0,0,0,0,0,0,130,253,69,0,0,0,0,0,0,0,0,0,0,0,0,0,0,0,0,0,0,0,0,0,0,0,0,0,141,253,60,0,0,0,0,0,0,0,0,0,0,0,0,0,0,0,0,0,0,0,0,0,0,0,0,0,238,253,156,0,0,0,0,0,0,0,0,0,0,0,0,0,0,0,0,0,0,0,0,0,0,0,0,38,244,253,113,0,0,0,0,0,0,0,0,0,0,0,0,0,0,0,0,0,0,0,0,0,0,0,7,159,253,253,154,0,0,0,0,0,0,0,0,0,0,0,0,0,0,0,0,0,0,0,0,0,0,0,55,253,253,253,156,0,0,0,0,0,0,0,0,0,0,0,0,0,0,0,0,0,0,0,0,0,0,0,32,145,247,156,23,0,0,0,0,0,0,0,0,0,0,0,0,0,0,0,0,0,0,0,0,0,0,0,0,0,0,0,0,0,0,0,0,0,0,0,0,0,0,0,0,0,0,0,0,0,0,0,0,0,0,0,0,0,0,0,0,0,0,0,0,0,0,0,0,0,0
1,0,0,0,0,0,0,0,0,0,0,0,0,0,0,0,0,0,0,0,0,0,0,0,0,0,0,0,0,0,0,0,0,0,0,0,0,0,0,0,0,0,0,0,0,0,0,0,0,0,0,0,0,0,0,0,0,0,0,0,0,0,0,0,0,0,0,0,0,0,0,0,0,0,0,0,0,0,0,0,0,0,0,0,0,0,0,0,0,0,0,0,0,0,0,0,0,0,0,0,0,0,0,0,0,0,0,0,0,0,0,0,0,0,0,0,0,0,0,0,0,0,0,0,0,0,0,0,0,0,0,0,0,0,0,0,0,0,0,0,0,0,0,0,0,0,0,0,0,0,0,0,0,0,0,0,155,253,253,91,0,0,0,0,0,0,0,0,0,0,0,0,0,0,0,0,0,0,0,0,0,0,0,20,253,251,251,236,71,0,0,0,0,0,0,0,0,0,0,0,0,0,0,0,0,0,0,0,0,0,32,205,253,251,251,251,94,0,0,0,0,0,0,0,0,0,0,0,0,0,0,0,0,0,0,0,0,0,104,251,253,251,251,235,70,0,0,0,0,0,0,0,0,0,0,0,0,0,0,0,0,0,0,0,0,80,240,251,253,251,251,89,0,0,0,0,0,0,0,0,0,0,0,0,0,0,0,0,0,0,0,0,12,174,253,253,255,253,126,0,0,0,0,0,0,0,0,0,0,0,0,0,0,0,0,0,0,0,0,0,32,251,251,251,253,251,126,0,0,0,0,0,0,0,0,0,0,0,0,0,0,0,0,0,0,0,0,0,32,251,251,251,253,251,126,0,0,0,0,0,0,0,0,0,0,0,0,0,0,0,0,0,0,0,0,0,32,251,251,251,253,223,15,0,0,0,0,0,0,0,0,0,0,0,0,0,0,0,0,0,0,0,0,0,32,251,251,251,253,121,0,0,0,0,0,0,0,0,0,0,0,0,0,0,0,0,0,0,0,0,0,0,191,253,253,253,219,39,0,0,0,0,0,0,0,0,0,0,0,0,0,0,0,0,0,0,0,0,0,0,190,251,251,251,158,0,0,0,0,0,0,0,0,0,0,0,0,0,0,0,0,0,0,0,0,0,0,48,221,251,251,251,158,0,0,0,0,0,0,0,0,0,0,0,0,0,0,0,0,0,0,0,0,0,0,96,251,251,251,251,158,0,0,0,0,0,0,0,0,0,0,0,0,0,0,0,0,0,0,0,0,0,0,96,251,251,251,251,158,0,0,0,0,0,0,0,0,0,0,0,0,0,0,0,0,0,0,0,0,0,0,96,253,253,253,253,0,0,0,0,0,0,0,0,0,0,0,0,0,0,0,0,0,0,0,0,0,0,0,96,251,251,251,132,0,0,0,0,0,0,0,0,0,0,0,0,0,0,0,0,0,0,0,0,0,0,0,48,220,251,219,47,0,0,0,0,0,0,0,0,0,0,0,0,0,0,0,0,0,0,0,0,0,0,0,84,244,251,188,0,0,0,0,0,0,0,0,0,0,0,0,0,0,0,0,0,0,0,0,0,0,0,0,36,212,251,89,0,0,0,0,0,0,0,0,0,0,0,0,0,0,0,0,0,0,0,0,0,0,0,0,0,0,0,0,0,0,0,0,0,0,0,0,0,0,0,0,0,0,0,0,0,0,0,0,0,0,0,0,0,0,0,0,0,0,0,0,0,0,0,0,0,0,0,0,0,0,0,0,0,0,0,0,0,0,0,0,0,0,0,0,0,0,0,0,0,0,0,0,0,0,0,0,0,0
1,0,0,0,0,0,0,0,0,0,0,0,0,0,0,0,0,0,0,0,0,0,0,0,0,0,0,0,0,0,0,0,0,0,0,0,0,0,0,0,0,0,0,0,0,0,0,0,0,0,0,0,0,0,0,0,0,0,0,0,0,0,0,0,0,0,0,0,0,0,0,0,0,0,0,0,0,0,0,0,0,0,0,0,0,0,0,0,0,0,0,0,0,0,0,0,0,0,0,0,0,0,0,0,0,0,0,0,0,0,0,0,0,0,0,0,0,0,0,0,0,0,0,0,0,0,0,0,0,200,255,167,0,0,0,0,0,0,0,0,0,0,0,0,0,0,0,0,0,0,0,0,0,0,0,0,4,201,253,166,0,0,0,0,0,0,0,0,0,0,0,0,0,0,0,0,0,0,0,0,0,0,0,0,69,253,253,166,0,0,0,0,0,0,0,0,0,0,0,0,0,0,0,0,0,0,0,0,0,0,0,0,81,253,253,94,0,0,0,0,0,0,0,0,0,0,0,0,0,0,0,0,0,0,0,0,0,0,0,0,192,253,253,43,0,0,0,0,0,0,0,0,0,0,0,0,0,0,0,0,0,0,0,0,0,0,0,40,231,253,253,43,0,0,0,0,0,0,0,0,0,0,0,0,0,0,0,0,0,0,0,0,0,0,0,144,253,253,200,15,0,0,0,0,0,0,0,0,0,0,0,0,0,0,0,0,0,0,0,0,0,0,0,186,253,253,148,0,0,0,0,0,0,0,0,0,0,0,0,0,0,0,0,0,0,0,0,0,0,0,13,201,253,253,49,0,0,0,0,0,0,0,0,0,0,0,0,0,0,0,0,0,0,0,0,0,0,0,87,253,253,235,37,0,0,0,0,0,0,0,0,0,0,0,0,0,0,0,0,0,0,0,0,0,0,14,200,253,253,145,0,0,0,0,0,0,0,0,0,0,0,0,0,0,0,0,0,0,0,0,0,0,0,50,253,253,233,39,0,0,0,0,0,0,0,0,0,0,0,0,0,0,0,0,0,0,0,0,0,0,0,50,253,253,185,0,0,0,0,0,0,0,0,0,0,0,0,0,0,0,0,0,0,0,0,0,0,0,15,180,253,253,142,0,0,0,0,0,0,0,0,0,0,0,0,0,0,0,0,0,0,0,0,0,0,0,90,253,253,230,39,0,0,0,0,0,0,0,0,0,0,0,0,0,0,0,0,0,0,0,0,0,0,0,167,253,253,215,24,0,0,0,0,0,0,0,0,0,0,0,0,0,0,0,0,0,0,0,0,0,0,0,167,253,253,253,61,0,0,0,0,0,0,0,0,0,0,0,0,0,0,0,0,0,0,0,0,0,0,0,167,253,253,226,35,0,0,0,0,0,0,0,0,0,0,0,0,0,0,0,0,0,0,0,0,0,0,0,167,253,253,73,0,0,0,0,0,0,0,0,0,0,0,0,0,0,0,0,0,0,0,0,0,0,0,0,167,253,226,35,0,0,0,0,0,0,0,0,0,0,0,0,0,0,0,0,0,0,0,0,0,0,0,0,0,0,0,0,0,0,0,0,0,0,0,0,0,0,0,0,0,0,0,0,0,0,0,0,0,0,0,0,0,0,0,0,0,0,0,0,0,0,0,0,0,0,0,0,0,0,0,0,0,0,0,0,0,0,0,0,0,0,0,0,0,0,0,0,0,0,0,0,0,0,0,0,0,0,0,0,0,0,0,0,0,0,0,0,0,0,0,0,0,0,0,0,0,0,0,0,0,0,0,0,0
1,0,0,0,0,0,0,0,0,0,0,0,0,0,0,0,0,0,0,0,0,0,0,0,0,0,0,0,0,0,0,0,0,0,0,0,0,0,0,0,0,0,0,0,0,0,0,0,0,0,0,0,0,0,0,0,0,0,0,0,0,0,0,0,0,0,0,0,0,0,0,0,0,0,0,0,0,0,0,0,0,0,0,0,0,0,0,0,0,0,0,0,0,0,0,0,0,0,0,0,0,0,0,0,0,0,0,0,0,0,0,0,0,0,0,0,0,0,0,0,0,0,0,0,0,0,0,0,73,253,253,253,72,0,0,0,0,0,0,0,0,0,0,0,0,0,0,0,0,0,0,0,0,0,0,0,73,251,251,251,71,0,0,0,0,0,0,0,0,0,0,0,0,0,0,0,0,0,0,0,0,0,0,0,228,251,251,157,10,0,0,0,0,0,0,0,0,0,0,0,0,0,0,0,0,0,0,0,0,0,0,0,253,251,251,142,0,0,0,0,0,0,0,0,0,0,0,0,0,0,0,0,0,0,0,0,0,0,0,130,253,251,251,142,0,0,0,0,0,0,0,0,0,0,0,0,0,0,0,0,0,0,0,0,0,0,0,182,255,253,242,103,0,0,0,0,0,0,0,0,0,0,0,0,0,0,0,0,0,0,0,0,0,0,0,180,253,251,215,0,0,0,0,0,0,0,0,0,0,0,0,0,0,0,0,0,0,0,0,0,0,0,16,190,253,251,189,0,0,0,0,0,0,0,0,0,0,0,0,0,0,0,0,0,0,0,0,0,0,0,109,251,253,251,35,0,0,0,0,0,0,0,0,0,0,0,0,0,0,0,0,0,0,0,0,0,0,0,109,251,253,147,10,0,0,0,0,0,0,0,0,0,0,0,0,0,0,0,0,0,0,0,0,0,0,11,150,253,255,108,0,0,0,0,0,0,0,0,0,0,0,0,0,0,0,0,0,0,0,0,0,0,0,140,251,251,253,107,0,0,0,0,0,0,0,0,0,0,0,0,0,0,0,0,0,0,0,0,0,0,21,221,251,251,242,92,0,0,0,0,0,0,0,0,0,0,0,0,0,0,0,0,0,0,0,0,0,0,144,251,251,251,103,0,0,0,0,0,0,0,0,0,0,0,0,0,0,0,0,0,0,0,0,0,0,53,221,251,251,251,0,0,0,0,0,0,0,0,0,0,0,0,0,0,0,0,0,0,0,0,0,0,0,255,253,253,253,253,0,0,0,0,0,0,0,0,0,0,0,0,0,0,0,0,0,0,0,0,0,0,0,253,251,251,251,147,0,0,0,0,0,0,0,0,0,0,0,0,0,0,0,0,0,0,0,0,0,0,0,253,251,251,251,71,0,0,0,0,0,0,0,0,0,0,0,0,0,0,0,0,0,0,0,0,0,0,0,253,251,251,251,71,0,0,0,0,0,0,0,0,0,0,0,0,0,0,0,0,0,0,0,0,0,0,0,253,251,251,173,20,0,0,0,0,0,0,0,0,0,0,0,0,0,0,0,0,0,0,0,0,0,0,0,0,0,0,0,0,0,0,0,0,0,0,0,0,0,0,0,0,0,0,0,0,0,0,0,0,0,0,0,0,0,0,0,0,0,0,0,0,0,0,0,0,0,0,0,0,0,0,0,0,0,0,0,0,0,0,0,0,0,0,0,0,0,0,0,0,0,0,0,0,0,0,0,0,0,0,0,0,0,0,0,0,0,0,0,0,0,0,0,0,0,0,0,0,0,0,0,0,0,0,0,0,0
6,0,0,0,0,0,0,0,0,0,0,0,0,0,0,0,0,0,0,0,0,0,0,0,0,0,0,0,0,0,0,0,0,0,0,0,0,0,0,0,0,0,0,0,0,0,0,0,0,0,0,0,0,0,0,0,0,0,0,0,0,0,0,0,0,0,0,0,0,0,0,0,0,0,0,0,0,0,0,0,0,0,0,0,0,0,0,0,0,0,0,0,0,0,0,0,0,0,21,116,239,0,0,0,0,0,0,0,0,0,0,0,0,0,0,0,0,0,0,0,0,0,0,0,0,3,180,252,175,0,0,0,0,0,0,0,0,0,0,0,0,0,0,0,0,0,0,0,0,0,0,0,0,12,252,252,142,0,0,0,0,0,0,0,0,0,0,0,0,0,0,0,0,0,0,0,0,0,0,0,0,127,252,252,85,0,0,0,0,0,0,0,0,0,0,0,0,0,0,0,0,0,0,0,0,0,0,0,20,236,252,202,12,0,0,0,0,0,0,0,0,0,0,0,0,0,0,0,0,0,0,0,0,0,0,0,19,236,252,175,0,0,0,0,0,0,0,0,0,0,0,0,0,0,0,0,0,0,0,0,0,0,0,0,43,241,252,123,0,0,0,0,0,0,0,0,0,0,0,0,0,0,0,0,0,0,0,0,0,0,0,0,155,252,252,66,0,0,0,0,0,0,0,0,0,0,0,0,0,0,0,0,0,0,0,0,0,0,0,0,198,252,186,17,0,0,0,0,0,0,0,0,0,0,0,0,0,0,0,0,0,0,0,0,0,0,0,25,222,252,99,0,0,0,0,0,0,0,0,0,0,0,0,0,0,0,0,0,0,0,0,0,0,0,0,56,253,252,86,59,191,255,253,253,183,0,0,0,0,0,0,0,0,0,0,0,0,0,0,0,0,0,0,56,252,241,60,233,252,253,206,241,246,90,0,0,0,0,0,0,0,0,0,0,0,0,0,0,0,0,0,146,252,241,154,252,209,44,13,119,252,219,22,0,0,0,0,0,0,0,0,0,0,0,0,0,0,0,0,165,252,183,154,252,37,0,0,100,252,247,50,0,0,0,0,0,0,0,0,0,0,0,0,0,0,0,0,165,252,155,121,238,105,0,0,124,252,197,0,0,0,0,0,0,0,0,0,0,0,0,0,0,0,0,0,165,252,241,0,41,31,0,138,243,245,81,0,0,0,0,0,0,0,0,0,0,0,0,0,0,0,0,0,65,252,251,145,7,12,184,246,252,221,0,0,0,0,0,0,0,0,0,0,0,0,0,0,0,0,0,0,22,200,252,252,209,252,253,252,172,4,0,0,0,0,0,0,0,0,0,0,0,0,0,0,0,0,0,0,0,23,237,252,252,252,243,99,12,0,0,0,0,0,0,0,0,0,0,0,0,0,0,0,0,0,0,0,0,0,35,142,224,156,28,0,0,0,0,0,0,0,0,0,0,0,0,0,0,0,0,0,0,0,0,0,0,0,0,0,0,0,0,0,0,0,0,0,0,0,0,0,0,0,0,0,0,0,0,0,0,0,0,0,0,0,0,0,0,0,0,0,0,0,0,0,0,0,0,0,0,0,0,0,0,0,0,0,0,0,0,0,0,0,0,0,0,0,0,0,0,0,0,0,0,0,0,0,0,0,0,0,0,0,0,0,0,0,0,0,0,0,0,0,0,0,0,0,0,0,0,0,0,0,0,0,0,0,0,0,0,0,0,0,0,0,0,0,0,0,0,0,0,0,0,0,0,0,0,0,0,0,0,0,0,0
8,0,0,0,0,0,0,0,0,0,0,0,0,0,0,0,0,0,0,0,0,0,0,0,0,0,0,0,0,0,0,0,0,0,0,0,0,0,0,0,0,0,0,0,0,0,0,0,0,0,0,0,0,0,0,0,0,0,0,0,0,0,0,0,0,0,0,0,0,0,0,0,0,0,0,0,0,0,0,0,0,0,0,0,0,0,0,0,0,0,0,0,0,0,0,0,0,0,0,0,0,0,0,0,0,0,0,0,0,0,0,0,0,0,0,0,0,0,0,0,0,0,0,0,0,0,0,0,0,0,0,0,0,0,0,0,0,0,0,0,0,0,0,0,0,0,0,0,0,0,0,0,23,130,215,254,254,254,218,91,5,0,0,0,0,0,0,0,0,0,0,0,0,0,0,0,0,0,2,89,211,253,253,253,253,253,253,253,213,26,0,0,0,0,0,0,0,0,0,0,0,0,0,0,0,20,153,253,253,253,253,253,253,253,253,253,253,213,26,0,0,0,0,0,0,0,0,0,0,0,0,0,0,83,253,253,253,253,253,253,235,235,253,253,253,253,212,27,0,0,0,0,0,0,0,0,0,0,0,0,0,143,253,253,253,233,198,99,27,27,220,253,253,253,253,148,0,0,0,0,0,0,0,0,0,0,0,0,0,143,253,253,253,86,0,0,0,44,233,253,253,253,253,215,12,0,0,0,0,0,0,0,0,0,0,0,0,143,253,253,253,168,0,0,33,161,253,253,238,210,210,158,6,0,0,0,0,0,0,0,0,0,0,0,0,58,253,253,253,240,174,174,232,253,253,253,82,0,0,0,0,0,0,0,0,0,0,0,0,0,0,0,0,15,230,253,253,253,253,253,253,253,253,235,33,0,0,0,0,0,0,0,0,0,0,0,0,0,0,0,0,0,52,229,253,253,253,253,253,253,253,172,0,0,0,0,0,0,0,0,0,0,0,0,0,0,0,0,0,0,0,155,253,253,253,253,253,253,253,194,12,0,0,0,0,0,0,0,0,0,0,0,0,0,0,0,0,0,0,34,84,253,253,253,253,253,253,253,139,0,0,0,0,0,0,0,0,0,0,0,0,0,0,0,0,0,0,0,77,253,253,253,253,253,253,253,166,0,0,0,0,0,0,0,0,0,0,0,0,0,0,0,0,0,0,26,238,253,253,253,253,253,253,253,166,0,0,0,0,0,0,0,0,0,0,0,0,0,0,0,0,0,10,113,253,253,253,253,253,253,253,253,121,0,0,0,0,0,0,0,0,0,0,0,0,0,0,0,0,8,175,253,253,253,253,253,253,253,253,182,5,0,0,0,0,0,0,0,0,0,0,0,0,0,0,0,0,19,253,253,253,253,253,253,253,253,222,40,0,0,0,0,0,0,0,0,0,0,0,0,0,0,0,0,0,74,253,253,253,253,253,253,253,168,101,0,0,0,0,0,0,0,0,0,0,0,0,0,0,0,0,0,0,86,253,253,253,253,253,227,106,3,0,0,0,0,0,0,0,0,0,0,0,0,0,0,0,0,0,0,0,1,151,253,253,232,129,40,0,0,0,0,0,0,0,0,0,0,0,0,0,0,0,0,0,0,0,0,0,0,0,0,0,0,0,0,0,0,0,0,0,0,0,0,0,0,0,0,0,0,0,0,0,0,0,0,0,0,0,0,0,0,0,0,0,0,0,0,0,0,0,0,0,0,0,0,0,0,0,0,0,0,0,0,0,0,0,0,0,0,0,0,0,0,0,0,0,0,0,0,0,0,0,0,0
3,0,0,0,0,0,0,0,0,0,0,0,0,0,0,0,0,0,0,0,0,0,0,0,0,0,0,0,0,0,0,0,0,0,0,0,0,0,0,0,0,0,0,0,0,0,0,0,0,0,0,0,0,0,0,0,0,0,0,0,0,0,0,0,0,0,0,0,0,0,0,0,0,0,0,0,0,0,0,0,0,0,0,0,0,0,0,0,0,0,0,0,0,0,0,0,0,0,0,0,0,0,0,0,0,0,0,0,0,0,0,0,0,0,0,0,0,0,0,0,0,0,0,0,0,0,0,0,0,0,0,0,0,0,0,0,0,0,0,0,0,0,0,0,0,0,0,0,0,0,0,0,0,0,0,32,96,218,253,254,174,96,14,0,0,0,0,0,0,0,0,0,0,0,0,0,0,0,0,0,0,71,191,237,252,252,252,253,252,252,211,146,0,0,0,0,0,0,0,0,0,0,0,0,0,0,0,64,197,249,253,252,252,252,252,232,238,252,252,252,0,0,0,0,0,0,0,0,0,0,0,0,0,0,0,96,231,252,253,252,194,162,84,0,28,168,252,252,0,0,0,0,0,0,0,0,0,0,0,0,0,0,0,0,55,191,129,42,4,0,0,0,0,127,252,208,0,0,0,0,0,0,0,0,0,0,0,0,0,0,0,0,0,0,0,0,0,0,0,0,68,245,243,79,0,0,0,0,0,0,0,0,0,0,0,0,0,0,0,0,0,0,0,0,0,0,0,103,237,252,153,0,0,0,0,0,0,0,0,0,0,0,0,0,0,0,0,0,0,0,0,0,0,41,171,253,252,128,7,0,0,0,0,0,0,0,0,0,0,0,0,0,0,0,0,0,0,0,11,64,160,225,252,253,252,47,0,0,0,0,0,0,0,0,0,0,0,0,0,0,0,0,0,0,98,211,219,252,252,252,252,253,252,179,35,0,0,0,0,0,0,0,0,0,0,0,0,0,0,43,157,253,253,253,255,253,232,211,211,237,253,253,102,0,0,0,0,0,0,0,0,0,0,0,0,0,36,253,252,252,252,252,239,89,32,0,0,37,205,252,189,0,0,0,0,0,0,0,0,0,0,0,0,0,97,253,252,242,160,82,17,0,0,0,0,48,247,251,86,0,0,0,0,0,0,0,0,0,0,0,0,0,0,84,84,42,0,0,0,0,0,0,0,218,252,160,0,0,0,0,0,0,0,0,0,0,0,0,0,0,0,0,0,0,0,0,0,0,0,27,150,253,217,29,0,0,0,0,0,0,0,0,0,0,8,29,0,0,0,0,0,0,0,0,0,15,96,218,253,212,27,0,0,0,0,0,0,0,0,0,0,0,201,231,95,0,0,0,0,0,0,0,103,211,252,252,182,27,0,0,0,0,0,0,0,0,0,0,0,0,253,252,233,101,22,22,22,119,153,232,253,245,178,100,4,0,0,0,0,0,0,0,0,0,0,0,0,0,156,252,252,252,252,253,252,252,252,252,172,56,0,0,0,0,0,0,0,0,0,0,0,0,0,0,0,0,7,77,147,217,252,236,147,147,121,42,0,0,0,0,0,0,0,0,0,0,0,0,0,0,0,0,0,0,0,0,0,0,0,0,0,0,0,0,0,0,0,0,0,0,0,0,0,0,0,0,0,0,0,0,0,0,0,0,0,0,0,0,0,0,0,0,0,0,0,0,0,0,0,0,0,0,0,0,0,0,0,0,0,0,0,0,0,0,0,0,0,0,0,0,0,0,0,0,0,0,0,0,0,0,0,0,0,0,0
8,0,0,0,0,0,0,0,0,0,0,0,0,0,0,0,0,0,0,0,0,0,0,0,0,0,0,0,0,0,0,0,0,0,0,0,0,0,0,0,0,0,0,0,0,0,0,0,0,0,0,0,0,0,0,0,0,0,0,0,0,0,0,0,0,0,0,0,0,0,0,0,0,0,0,0,0,0,0,0,0,0,0,0,0,0,0,0,0,0,0,0,0,0,0,0,0,0,0,0,0,0,0,0,0,0,0,0,0,0,0,0,0,0,0,0,0,0,0,0,0,0,0,0,0,0,0,0,0,0,0,0,0,0,0,0,0,0,0,0,0,0,0,0,0,0,0,0,0,0,0,0,0,11,43,105,148,192,148,192,131,29,0,0,0,0,0,0,0,0,0,0,0,0,0,0,0,0,0,0,43,171,252,253,252,252,252,252,253,231,16,0,0,0,0,0,0,0,0,0,0,0,0,0,0,0,0,8,226,252,244,232,231,134,126,126,200,252,74,0,0,0,0,0,0,0,0,0,0,0,0,0,0,0,0,85,252,252,77,0,0,0,0,0,148,252,126,0,0,0,0,0,0,0,0,0,0,0,0,0,0,0,0,85,252,226,24,0,0,0,0,0,148,252,126,0,0,0,0,0,0,0,0,0,0,0,0,0,0,0,0,36,242,253,104,0,0,0,0,18,255,253,65,0,0,0,0,0,0,0,0,0,0,0,0,0,0,0,0,0,197,252,226,71,29,7,0,141,253,224,14,0,0,0,0,0,0,0,0,0,0,0,0,0,0,0,0,0,39,252,252,250,239,225,197,249,232,40,0,0,0,0,0,0,0,0,0,0,0,0,0,0,0,0,0,48,202,252,252,253,252,252,252,252,158,0,0,0,0,0,0,0,0,0,0,0,0,0,0,0,0,0,36,242,252,252,164,253,252,252,252,121,0,0,0,0,0,0,0,0,0,0,0,0,0,0,0,0,0,62,255,253,223,35,0,80,243,253,102,0,0,0,0,0,0,0,0,0,0,0,0,0,0,0,0,0,22,199,253,224,40,0,0,0,111,252,237,32,0,0,0,0,0,0,0,0,0,0,0,0,0,0,0,11,202,252,232,84,0,0,0,0,7,225,252,147,0,0,0,0,0,0,0,0,0,0,0,0,0,0,0,92,252,252,115,0,0,0,0,0,0,51,231,252,0,0,0,0,0,0,0,0,0,0,0,0,0,0,0,127,252,164,0,0,0,0,0,0,0,0,169,252,45,0,0,0,0,0,0,0,0,0,0,0,0,0,0,128,253,165,0,0,0,0,0,0,0,13,218,253,107,0,0,0,0,0,0,0,0,0,0,0,0,0,0,48,252,252,116,0,0,0,0,0,29,187,252,217,27,0,0,0,0,0,0,0,0,0,0,0,0,0,0,2,161,249,250,153,30,22,66,189,239,252,247,91,0,0,0,0,0,0,0,0,0,0,0,0,0,0,0,0,0,140,253,252,252,252,252,253,252,185,63,0,0,0,0,0,0,0,0,0,0,0,0,0,0,0,0,0,0,18,60,147,244,252,252,236,112,4,0,0,0,0,0,0,0,0,0,0,0,0,0,0,0,0,0,0,0,0,0,0,0,0,0,0,0,0,0,0,0,0,0,0,0,0,0,0,0,0,0,0,0,0,0,0,0,0,0,0,0,0,0,0,0,0,0,0,0,0,0,0,0,0,0,0,0,0,0,0,0,0,0,0,0,0,0,0,0,0,0,0,0,0,0,0,0,0,0,0,0,0,0,0,0
1,0,0,0,0,0,0,0,0,0,0,0,0,0,0,0,0,0,0,0,0,0,0,0,0,0,0,0,0,0,0,0,0,0,0,0,0,0,0,0,0,0,0,0,0,0,0,0,0,0,0,0,0,0,0,0,0,0,0,0,0,0,0,0,0,0,0,0,0,0,0,0,0,0,0,0,0,0,0,0,0,0,0,0,0,0,0,0,0,0,0,0,0,0,0,0,0,0,0,0,0,0,0,0,0,0,0,0,0,0,0,0,0,0,0,0,0,0,0,0,0,0,0,0,0,0,0,0,0,29,219,157,0,0,0,0,0,0,0,0,0,0,0,0,0,0,0,0,0,0,0,0,0,0,0,0,0,163,254,111,0,0,0,0,0,0,0,0,0,0,0,0,0,0,0,0,0,0,0,0,0,0,0,0,42,246,254,62,0,0,0,0,0,0,0,0,0,0,0,0,0,0,0,0,0,0,0,0,0,0,0,0,93,254,254,48,0,0,0,0,0,0,0,0,0,0,0,0,0,0,0,0,0,0,0,0,0,0,0,0,128,254,254,48,0,0,0,0,0,0,0,0,0,0,0,0,0,0,0,0,0,0,0,0,0,0,0,3,203,254,226,26,0,0,0,0,0,0,0,0,0,0,0,0,0,0,0,0,0,0,0,0,0,0,0,76,254,254,174,0,0,0,0,0,0,0,0,0,0,0,0,0,0,0,0,0,0,0,0,0,0,0,0,163,254,247,57,0,0,0,0,0,0,0,0,0,0,0,0,0,0,0,0,0,0,0,0,0,0,0,9,208,254,233,0,0,0,0,0,0,0,0,0,0,0,0,0,0,0,0,0,0,0,0,0,0,0,0,87,254,254,163,0,0,0,0,0,0,0,0,0,0,0,0,0,0,0,0,0,0,0,0,0,0,0,0,211,254,254,85,0,0,0,0,0,0,0,0,0,0,0,0,0,0,0,0,0,0,0,0,0,0,0,45,244,254,167,1,0,0,0,0,0,0,0,0,0,0,0,0,0,0,0,0,0,0,0,0,0,0,0,113,254,254,91,0,0,0,0,0,0,0,0,0,0,0,0,0,0,0,0,0,0,0,0,0,0,0,40,243,254,254,54,0,0,0,0,0,0,0,0,0,0,0,0,0,0,0,0,0,0,0,0,0,0,0,50,254,254,190,3,0,0,0,0,0,0,0,0,0,0,0,0,0,0,0,0,0,0,0,0,0,0,0,124,254,255,92,0,0,0,0,0,0,0,0,0,0,0,0,0,0,0,0,0,0,0,0,0,0,0,10,238,254,241,16,0,0,0,0,0,0,0,0,0,0,0,0,0,0,0,0,0,0,0,0,0,0,0,11,254,254,224,0,0,0,0,0,0,0,0,0,0,0,0,0,0,0,0,0,0,0,0,0,0,0,0,11,254,254,53,0,0,0,0,0,0,0,0,0,0,0,0,0,0,0,0,0,0,0,0,0,0,0,0,11,254,217,12,0,0,0,0,0,0,0,0,0,0,0,0,0,0,0,0,0,0,0,0,0,0,0,0,0,0,0,0,0,0,0,0,0,0,0,0,0,0,0,0,0,0,0,0,0,0,0,0,0,0,0,0,0,0,0,0,0,0,0,0,0,0,0,0,0,0,0,0,0,0,0,0,0,0,0,0,0,0,0,0,0,0,0,0,0,0,0,0,0,0,0,0,0,0,0,0,0,0,0,0,0,0,0,0,0,0,0,0,0,0,0,0,0,0,0,0,0,0,0,0,0,0,0,0,0,0
3,0,0,0,0,0,0,0,0,0,0,0,0,0,0,0,0,0,0,0,0,0,0,0,0,0,0,0,0,0,0,0,0,0,0,0,0,0,0,0,0,0,0,0,0,0,0,0,0,0,0,0,0,0,0,0,0,0,0,0,0,0,0,0,0,0,0,0,0,0,0,0,0,0,0,0,0,0,0,0,0,0,0,0,0,0,0,0,0,0,0,0,0,0,0,0,0,0,0,0,0,0,0,0,0,0,0,0,0,0,0,0,0,0,0,0,0,0,0,0,0,0,0,0,0,0,0,0,0,0,0,0,0,0,0,0,0,0,0,0,0,0,0,0,0,0,0,0,0,0,21,152,152,214,253,234,152,41,0,0,0,0,0,0,0,0,0,0,0,0,0,0,0,0,0,0,0,82,223,253,252,253,252,253,252,243,122,0,0,0,0,0,0,0,0,0,0,0,0,0,0,0,0,0,0,153,253,254,233,234,253,254,253,254,253,62,0,0,0,0,0,0,0,0,0,0,0,0,0,0,0,0,0,51,151,50,30,30,91,192,111,253,252,102,0,0,0,0,0,0,0,0,0,0,0,0,0,0,0,0,0,0,0,0,0,0,0,0,0,254,253,102,0,0,0,0,0,0,0,0,0,0,0,0,0,0,0,0,0,0,0,0,0,0,0,0,0,253,252,102,0,0,0,0,0,0,0,0,0,0,0,0,0,0,0,0,0,0,0,0,0,0,0,11,173,254,192,0,0,0,0,0,0,0,0,0,0,0,0,0,0,0,0,0,0,0,0,0,0,0,0,92,252,253,70,0,0,0,0,0,0,0,0,0,0,0,0,0,0,0,0,0,0,31,152,193,152,113,152,254,253,123,0,0,0,0,0,0,0,0,0,0,0,0,0,0,0,0,0,0,0,132,252,253,252,253,252,253,252,142,20,0,0,0,0,0,0,0,0,0,0,0,0,0,0,0,0,0,0,21,102,203,203,203,203,203,223,254,213,62,0,0,0,0,0,0,0,0,0,0,0,0,0,0,0,0,0,0,0,0,0,0,0,0,20,172,252,203,20,0,0,0,0,0,0,0,0,0,0,0,0,0,0,0,0,0,0,0,0,0,0,0,0,0,183,254,50,0,0,0,0,0,0,0,0,0,0,0,0,0,0,0,0,0,0,0,0,0,0,0,0,0,102,253,131,0,0,0,0,0,0,0,0,0,0,0,0,0,0,0,0,0,0,0,41,0,0,0,0,0,203,254,131,0,0,0,0,0,0,0,0,0,0,0,0,0,0,0,0,0,0,21,223,0,0,0,0,21,223,253,50,0,0,0,0,0,0,0,0,0,0,0,0,0,0,0,0,0,62,255,151,0,0,0,21,214,253,203,20,0,0,0,0,0,0,0,0,0,0,0,0,0,0,0,0,0,183,253,151,0,41,102,203,253,252,61,0,0,0,0,0,0,0,0,0,0,0,0,0,0,0,0,0,0,142,255,253,255,253,255,253,224,40,0,0,0,0,0,0,0,0,0,0,0,0,0,0,0,0,0,0,0,20,151,232,253,212,151,111,20,0,0,0,0,0,0,0,0,0,0,0,0,0,0,0,0,0,0,0,0,0,0,0,0,0,0,0,0,0,0,0,0,0,0,0,0,0,0,0,0,0,0,0,0,0,0,0,0,0,0,0,0,0,0,0,0,0,0,0,0,0,0,0,0,0,0,0,0,0,0,0,0,0,0,0,0,0,0,0,0,0,0,0,0,0,0,0,0,0,0,0,0,0,0,0
6,0,0,0,0,0,0,0,0,0,0,0,0,0,0,0,0,0,0,0,0,0,0,0,0,0,0,0,0,0,0,0,0,0,0,0,0,0,0,0,0,0,0,0,0,0,0,0,0,0,0,0,0,0,0,0,0,0,0,0,0,0,0,0,0,0,0,0,0,0,0,0,0,0,0,0,0,0,0,0,0,0,0,0,0,0,0,0,0,0,0,0,0,0,0,0,0,0,0,97,192,37,2,0,0,0,0,0,0,0,0,0,0,0,0,0,0,0,0,0,0,0,0,0,0,4,36,189,238,180,9,0,0,0,0,0,0,0,0,0,0,0,0,0,0,0,0,0,0,0,0,0,0,49,254,214,44,14,0,0,0,0,0,0,0,0,0,0,0,0,0,0,0,0,0,0,0,0,0,0,5,226,254,107,0,0,0,0,0,0,0,0,0,0,0,0,0,0,0,0,0,0,0,0,0,0,0,0,104,254,240,50,0,0,0,0,0,0,0,0,0,0,0,0,0,0,0,0,0,0,0,0,0,0,0,0,175,254,163,0,0,0,0,0,0,0,0,0,0,0,0,0,0,0,0,0,0,0,0,0,0,0,0,56,249,232,4,0,2,51,180,64,3,0,0,0,0,0,0,0,0,0,0,0,0,0,0,0,0,0,0,226,254,164,0,0,78,254,254,254,175,9,0,0,0,0,0,0,0,0,0,0,0,0,0,0,0,0,15,231,251,42,0,10,162,254,254,254,254,89,0,0,0,0,0,0,0,0,0,0,0,0,0,0,0,0,90,254,165,0,0,143,254,255,254,227,255,89,0,0,0,0,0,0,0,0,0,0,0,0,0,0,0,0,181,254,129,0,0,178,254,254,220,79,232,21,0,0,0,0,0,0,0,0,0,0,0,0,0,0,0,0,208,254,129,0,0,178,254,174,34,131,169,0,0,0,0,0,0,0,0,0,0,0,0,0,0,0,0,0,155,254,182,0,0,178,218,22,0,131,225,0,0,0,0,0,0,0,0,0,0,0,0,0,0,0,0,0,44,240,249,0,0,178,254,41,117,246,110,0,0,0,0,0,0,0,0,0,0,0,0,0,0,0,0,0,0,226,252,80,39,223,254,165,245,229,0,0,0,0,0,0,0,0,0,0,0,0,0,0,0,0,0,0,0,148,254,246,222,254,254,254,233,46,0,0,0,0,0,0,0,0,0,0,0,0,0,0,0,0,0,0,0,30,216,254,254,254,254,199,50,0,0,0,0,0,0,0,0,0,0,0,0,0,0,0,0,0,0,0,0,0,29,171,224,254,254,41,0,0,0,0,0,0,0,0,0,0,0,0,0,0,0,0,0,0,0,0,0,0,0,0,114,254,254,225,67,0,0,0,0,0,0,0,0,0,0,0,0,0,0,0,0,0,0,0,0,0,0,0,3,128,254,254,87,0,0,0,0,0,0,0,0,0,0,0,0,0,0,0,0,0,0,0,0,0,0,0,0,0,0,0,0,0,0,0,0,0,0,0,0,0,0,0,0,0,0,0,0,0,0,0,0,0,0,0,0,0,0,0,0,0,0,0,0,0,0,0,0,0,0,0,0,0,0,0,0,0,0,0,0,0,0,0,0,0,0,0,0,0,0,0,0,0,0,0,0,0,0,0,0,0,0,0,0,0,0,0,0,0,0,0,0,0,0,0,0,0,0,0,0,0,0,0,0,0,0,0,0,0,0,0,0,0,0,0,0,0,0,0,0,0,0,0,0,0,0,0,0,0,0,0,0,0,0
4,0,0,0,0,0,0,0,0,0,0,0,0,0,0,0,0,0,0,0,0,0,0,0,0,0,0,0,0,0,0,0,0,0,0,0,0,0,0,0,0,0,0,0,0,0,0,0,0,0,0,0,0,0,0,0,0,0,0,0,0,0,0,0,0,0,0,0,0,0,0,0,0,0,0,0,0,0,0,0,0,0,0,0,0,0,0,0,0,0,0,0,0,0,0,0,0,0,0,0,0,0,0,0,0,0,0,0,0,0,0,0,0,0,0,0,0,0,0,0,0,0,0,0,0,0,0,0,0,0,0,0,0,0,0,0,0,0,0,0,0,0,0,0,0,0,0,0,0,0,0,0,134,10,0,0,0,0,0,108,47,0,0,0,0,0,0,0,0,0,0,0,0,0,0,0,0,0,0,76,253,37,0,0,0,0,0,190,47,0,0,0,0,0,0,0,0,0,0,0,0,0,0,0,0,0,1,161,230,22,0,0,0,0,59,230,28,0,0,0,0,0,0,0,0,0,0,0,0,0,0,0,0,0,19,254,197,0,0,0,0,0,76,206,0,0,0,0,0,0,0,0,0,0,0,0,0,0,0,0,0,0,72,254,57,0,0,0,0,0,163,206,0,0,0,0,0,0,0,0,0,0,0,0,0,0,0,0,0,0,190,254,9,0,0,0,0,0,169,199,0,0,0,0,0,0,0,0,0,0,0,0,0,0,0,0,0,16,223,254,9,0,0,0,0,4,198,143,0,0,0,0,0,0,0,0,0,0,0,0,0,0,0,0,0,48,254,235,7,0,0,0,30,134,254,116,0,0,0,0,0,0,0,0,0,0,0,0,0,0,0,0,0,48,254,158,0,0,11,89,226,254,254,32,0,0,0,0,0,0,0,0,0,0,0,0,0,0,0,0,0,118,254,75,0,81,188,254,204,198,254,18,0,0,0,0,0,0,0,0,0,0,0,0,0,0,0,0,0,48,254,122,213,254,255,189,46,105,207,7,0,0,0,0,0,0,0,0,0,0,0,0,0,0,0,0,0,48,254,254,254,254,240,46,0,153,234,14,0,0,0,0,0,0,0,0,0,0,0,0,0,0,0,0,0,11,175,254,248,94,60,0,16,221,178,0,0,0,0,0,0,0,0,0,0,0,0,0,0,0,0,0,0,0,14,146,35,0,0,0,38,254,178,0,0,0,0,0,0,0,0,0,0,0,0,0,0,0,0,0,0,0,0,0,0,0,0,0,91,254,178,0,0,0,0,0,0,0,0,0,0,0,0,0,0,0,0,0,0,0,0,0,0,0,0,0,132,254,178,0,0,0,0,0,0,0,0,0,0,0,0,0,0,0,0,0,0,0,0,0,0,0,0,0,132,254,146,0,0,0,0,0,0,0,0,0,0,0,0,0,0,0,0,0,0,0,0,0,0,0,0,0,112,254,85,0,0,0,0,0,0,0,0,0,0,0,0,0,0,0,0,0,0,0,0,0,0,0,0,0,38,254,85,0,0,0,0,0,0,0,0,0,0,0,0,0,0,0,0,0,0,0,0,0,0,0,0,0,10,209,53,0,0,0,0,0,0,0,0,0,0,0,0,0,0,0,0,0,0,0,0,0,0,0,0,0,0,0,0,0,0,0,0,0,0,0,0,0,0,0,0,0,0,0,0,0,0,0,0,0,0,0,0,0,0,0,0,0,0,0,0,0,0,0,0,0,0,0,0,0,0,0,0,0,0,0,0,0,0,0,0,0,0,0,0,0,0,0,0,0,0,0,0,0,0
5,0,0,0,0,0,0,0,0,0,0,0,0,0,0,0,0,0,0,0,0,0,0,0,0,0,0,0,0,0,0,0,0,0,0,0,0,0,0,0,0,0,0,0,0,0,0,0,0,0,0,0,0,0,0,0,0,0,0,0,0,0,0,0,0,0,0,0,0,0,0,0,0,0,0,0,0,0,0,0,0,0,0,0,0,0,0,0,0,0,0,0,0,0,0,0,0,0,0,0,0,0,0,0,0,0,0,0,0,0,0,0,0,0,0,0,0,0,0,0,0,0,0,0,0,0,0,0,0,0,0,0,0,0,0,0,0,0,0,0,0,0,0,0,0,0,0,0,0,0,0,0,0,0,0,0,0,0,0,0,0,0,0,0,0,0,0,0,0,0,0,0,0,0,0,0,0,0,0,0,0,0,0,0,0,0,0,0,0,0,0,0,0,0,0,0,0,0,0,0,0,0,0,0,0,0,0,0,0,0,0,0,0,0,0,0,0,0,0,0,0,0,0,0,0,0,0,0,0,0,0,0,0,0,0,0,0,0,0,0,0,0,0,0,0,0,0,0,0,0,0,0,0,0,0,0,0,0,0,0,0,0,0,0,0,0,0,0,0,0,0,0,0,0,0,0,0,0,0,0,0,0,0,0,0,0,0,0,0,0,0,0,0,0,0,0,0,0,0,0,0,0,0,0,0,0,0,0,0,0,0,0,0,0,0,0,0,0,0,0,0,28,90,90,90,90,116,152,152,196,217,220,254,254,182,0,0,0,0,0,0,0,0,0,0,0,0,0,0,219,222,173,185,180,165,165,165,108,53,6,0,0,0,0,0,0,0,0,0,0,0,0,0,0,0,3,181,159,9,0,0,0,0,0,0,0,0,0,0,0,0,0,0,0,0,0,0,0,0,0,0,0,6,165,195,16,0,0,0,0,0,0,0,0,0,0,0,0,0,0,0,0,0,0,0,0,0,0,0,0,103,216,21,0,0,0,0,0,0,0,0,0,0,0,0,0,0,0,0,0,0,0,0,0,0,0,0,83,253,47,0,0,0,0,0,0,0,0,0,0,0,0,0,0,0,0,0,0,0,0,0,0,0,0,0,54,159,162,236,178,31,0,0,0,0,0,0,0,0,0,0,0,0,0,0,0,0,0,0,0,0,0,0,0,0,9,14,172,82,0,0,0,0,0,0,0,0,0,0,0,0,0,0,0,0,0,0,0,0,13,6,40,102,160,210,137,28,0,0,0,0,0,0,0,0,0,0,0,0,0,0,0,0,0,0,0,0,190,232,183,143,89,52,0,0,0,0,0,0,0,0,0,0,0,0,0,0,0,0,0,0,0,0,0,0,0,0,0,0,0,0,0,0,0,0,0,0,0,0,0,0,0,0,0,0,0,0,0,0,0,0,0,0,0,0,0,0,0,0,0,0,0,0,0,0,0,0,0,0,0,0,0,0,0,0,0,0,0,0,0,0,0,0,0,0,0,0,0,0,0,0,0,0,0,0,0,0,0,0,0,0,0,0,0,0,0,0,0,0,0,0,0,0,0,0,0,0,0,0,0,0,0,0,0,0,0,0,0,0,0,0,0,0,0,0,0,0,0,0,0,0,0,0,0,0,0,0,0,0,0,0,0,0,0,0,0,0,0,0,0,0,0,0,0,0,0,0,0,0,0,0,0,0,0,0,0,0,0,0,0,0,0,0,0,0,0,0,0,0,0,0,0,0,0,0,0,0,0,0,0,0,0,0,0,0,0,0,0,0,0,0,0,0,0,0
8,0,0,0,0,0,0,0,0,0,0,0,0,0,0,0,0,0,0,0,0,0,0,0,0,0,0,0,0,0,0,0,0,0,0,0,0,0,0,0,0,0,0,0,0,0,0,0,0,0,0,0,0,0,0,0,0,0,0,0,0,0,0,0,0,0,0,0,0,0,0,0,0,0,0,0,0,0,0,0,0,0,0,0,0,0,0,0,0,0,0,0,0,0,0,0,0,0,0,0,0,0,0,0,0,0,0,0,0,0,0,0,0,0,0,0,0,0,0,0,0,0,0,0,0,0,44,199,255,243,34,0,0,0,0,0,0,0,0,0,0,0,0,0,0,0,0,0,0,0,0,0,0,90,241,254,227,254,136,0,0,0,0,0,0,0,0,0,0,0,0,0,0,0,0,0,0,0,0,0,61,240,240,64,127,254,137,0,0,0,0,0,0,0,0,0,0,0,0,0,0,0,0,0,0,0,0,17,172,254,101,0,126,254,114,0,0,0,0,0,0,0,0,0,0,0,0,0,0,0,0,0,0,0,0,141,254,223,14,0,176,233,21,0,0,0,0,0,0,0,0,0,0,0,0,0,0,0,0,0,0,0,0,127,254,202,0,90,250,140,0,0,0,0,0,0,0,0,0,0,0,0,0,0,0,0,0,0,0,0,0,27,220,249,137,186,245,75,0,0,0,0,0,0,0,0,0,0,0,0,0,0,0,0,0,0,0,0,0,0,85,230,254,254,138,0,0,0,0,0,0,0,0,0,0,0,0,0,0,0,0,0,0,0,0,0,0,0,0,36,236,254,152,9,0,0,0,0,0,0,0,0,0,0,0,0,0,0,0,0,0,0,0,0,0,0,0,59,249,254,254,134,0,0,0,0,0,0,0,0,0,0,0,0,0,0,0,0,0,0,0,0,0,0,0,180,246,113,220,248,86,0,0,0,0,0,0,0,0,0,0,0,0,0,0,0,0,0,0,0,0,0,39,238,136,0,79,247,222,27,0,0,0,0,0,0,0,0,0,0,0,0,0,0,0,0,0,0,0,0,142,254,81,0,0,138,254,125,0,0,0,0,0,0,0,0,0,0,0,0,0,0,0,0,0,0,0,0,180,231,19,0,0,80,248,212,7,0,0,0,0,0,0,0,0,0,0,0,0,0,0,0,0,0,0,54,248,219,12,0,0,0,203,254,60,0,0,0,0,0,0,0,0,0,0,0,0,0,0,0,0,0,0,146,254,166,0,0,0,0,203,254,60,0,0,0,0,0,0,0,0,0,0,0,0,0,0,0,0,0,0,146,254,116,0,0,0,48,223,254,60,0,0,0,0,0,0,0,0,0,0,0,0,0,0,0,0,0,0,115,254,196,19,8,52,200,254,200,18,0,0,0,0,0,0,0,0,0,0,0,0,0,0,0,0,0,0,19,174,254,239,242,254,254,200,17,0,0,0,0,0,0,0,0,0,0,0,0,0,0,0,0,0,0,0,0,18,145,254,254,240,127,17,0,0,0,0,0,0,0,0,0,0,0,0,0,0,0,0,0,0,0,0,0,0,0,0,0,0,0,0,0,0,0,0,0,0,0,0,0,0,0,0,0,0,0,0,0,0,0,0,0,0,0,0,0,0,0,0,0,0,0,0,0,0,0,0,0,0,0,0,0,0,0,0,0,0,0,0,0,0,0,0,0,0,0,0,0,0,0,0,0,0,0,0,0,0,0,0,0,0,0,0,0,0,0,0,0,0,0,0,0,0,0,0,0,0,0,0,0,0,0,0,0,0
1,0,0,0,0,0,0,0,0,0,0,0,0,0,0,0,0,0,0,0,0,0,0,0,0,0,0,0,0,0,0,0,0,0,0,0,0,0,0,0,0,0,0,0,0,0,0,0,0,0,0,0,0,0,0,0,0,0,0,0,0,0,0,0,0,0,0,0,0,0,0,0,0,0,0,0,0,0,0,0,0,0,0,0,0,0,0,0,0,0,0,0,0,0,0,0,0,0,0,0,0,0,0,0,0,0,0,0,0,0,0,0,0,0,0,0,0,0,0,0,0,0,0,0,0,0,0,0,0,0,0,0,0,0,0,0,0,0,0,0,0,0,0,0,0,0,0,0,0,0,0,0,0,0,0,0,0,0,6,137,208,7,0,0,0,0,0,0,0,0,0,0,0,0,0,0,0,0,0,0,0,0,0,0,0,0,38,253,233,13,0,0,0,0,0,0,0,0,0,0,0,0,0,0,0,0,0,0,0,0,0,0,0,0,109,253,207,7,0,0,0,0,0,0,0,0,0,0,0,0,0,0,0,0,0,0,0,0,0,0,0,62,222,253,110,0,0,0,0,0,0,0,0,0,0,0,0,0,0,0,0,0,0,0,0,0,0,0,0,133,253,253,26,0,0,0,0,0,0,0,0,0,0,0,0,0,0,0,0,0,0,0,0,0,0,0,55,254,254,195,0,0,0,0,0,0,0,0,0,0,0,0,0,0,0,0,0,0,0,0,0,0,0,16,194,253,229,63,0,0,0,0,0,0,0,0,0,0,0,0,0,0,0,0,0,0,0,0,0,0,0,119,253,253,131,0,0,0,0,0,0,0,0,0,0,0,0,0,0,0,0,0,0,0,0,0,0,0,46,234,253,185,12,0,0,0,0,0,0,0,0,0,0,0,0,0,0,0,0,0,0,0,0,0,0,7,207,254,253,62,0,0,0,0,0,0,0,0,0,0,0,0,0,0,0,0,0,0,0,0,0,0,0,167,254,255,140,0,0,0,0,0,0,0,0,0,0,0,0,0,0,0,0,0,0,0,0,0,0,0,21,197,253,212,47,0,0,0,0,0,0,0,0,0,0,0,0,0,0,0,0,0,0,0,0,0,0,0,159,253,253,91,0,0,0,0,0,0,0,0,0,0,0,0,0,0,0,0,0,0,0,0,0,0,0,121,245,251,137,0,0,0,0,0,0,0,0,0,0,0,0,0,0,0,0,0,0,0,0,0,0,0,27,209,253,169,0,0,0,0,0,0,0,0,0,0,0,0,0,0,0,0,0,0,0,0,0,0,0,0,189,254,217,39,0,0,0,0,0,0,0,0,0,0,0,0,0,0,0,0,0,0,0,0,0,0,0,53,254,233,62,0,0,0,0,0,0,0,0,0,0,0,0,0,0,0,0,0,0,0,0,0,0,0,10,204,228,77,5,0,0,0,0,0,0,0,0,0,0,0,0,0,0,0,0,0,0,0,0,0,0,0,58,253,183,4,0,0,0,0,0,0,0,0,0,0,0,0,0,0,0,0,0,0,0,0,0,0,0,0,77,253,0,0,0,0,0,0,0,0,0,0,0,0,0,0,0,0,0,0,0,0,0,0,0,0,0,0,0,0,0,0,0,0,0,0,0,0,0,0,0,0,0,0,0,0,0,0,0,0,0,0,0,0,0,0,0,0,0,0,0,0,0,0,0,0,0,0,0,0,0,0,0,0,0,0,0,0,0,0,0,0,0,0,0,0,0,0,0,0,0,0,0,0,0,0,0,0,0,0,0,0,0,0,0
1,0,0,0,0,0,0,0,0,0,0,0,0,0,0,0,0,0,0,0,0,0,0,0,0,0,0,0,0,0,0,0,0,0,0,0,0,0,0,0,0,0,0,0,0,0,0,0,0,0,0,0,0,0,0,0,0,0,0,0,0,0,0,0,0,0,0,0,0,0,0,0,0,0,0,0,0,0,0,0,0,0,0,0,0,0,0,0,0,0,0,0,0,0,0,0,0,0,0,0,0,0,0,0,0,0,0,0,0,0,0,0,0,0,0,0,0,0,0,0,0,0,0,0,0,0,0,0,176,168,0,0,0,0,0,0,0,0,0,0,0,0,0,0,0,0,0,0,0,0,0,0,0,0,0,48,253,243,97,0,0,0,0,0,0,0,0,0,0,0,0,0,0,0,0,0,0,0,0,0,0,0,7,165,253,252,195,0,0,0,0,0,0,0,0,0,0,0,0,0,0,0,0,0,0,0,0,0,0,0,29,252,253,252,180,0,0,0,0,0,0,0,0,0,0,0,0,0,0,0,0,0,0,0,0,0,0,0,29,252,253,252,55,0,0,0,0,0,0,0,0,0,0,0,0,0,0,0,0,0,0,0,0,0,0,0,29,253,255,253,56,0,0,0,0,0,0,0,0,0,0,0,0,0,0,0,0,0,0,0,0,0,0,0,76,252,253,176,6,0,0,0,0,0,0,0,0,0,0,0,0,0,0,0,0,0,0,0,0,0,0,0,169,252,253,167,0,0,0,0,0,0,0,0,0,0,0,0,0,0,0,0,0,0,0,0,0,0,0,38,224,252,253,167,0,0,0,0,0,0,0,0,0,0,0,0,0,0,0,0,0,0,0,0,0,0,0,57,252,252,253,89,0,0,0,0,0,0,0,0,0,0,0,0,0,0,0,0,0,0,0,0,0,0,0,198,253,253,204,15,0,0,0,0,0,0,0,0,0,0,0,0,0,0,0,0,0,0,0,0,0,0,29,215,252,252,140,0,0,0,0,0,0,0,0,0,0,0,0,0,0,0,0,0,0,0,0,0,0,0,85,252,252,252,110,0,0,0,0,0,0,0,0,0,0,0,0,0,0,0,0,0,0,0,0,0,0,0,85,252,252,252,0,0,0,0,0,0,0,0,0,0,0,0,0,0,0,0,0,0,0,0,0,0,0,0,85,252,252,252,0,0,0,0,0,0,0,0,0,0,0,0,0,0,0,0,0,0,0,0,0,0,0,0,86,253,253,253,0,0,0,0,0,0,0,0,0,0,0,0,0,0,0,0,0,0,0,0,0,0,0,0,85,252,252,252,0,0,0,0,0,0,0,0,0,0,0,0,0,0,0,0,0,0,0,0,0,0,0,0,85,252,252,252,32,0,0,0,0,0,0,0,0,0,0,0,0,0,0,0,0,0,0,0,0,0,0,0,76,246,252,252,140,0,0,0,0,0,0,0,0,0,0,0,0,0,0,0,0,0,0,0,0,0,0,0,0,197,252,252,63,0,0,0,0,0,0,0,0,0,0,0,0,0,0,0,0,0,0,0,0,0,0,0,0,0,0,0,0,0,0,0,0,0,0,0,0,0,0,0,0,0,0,0,0,0,0,0,0,0,0,0,0,0,0,0,0,0,0,0,0,0,0,0,0,0,0,0,0,0,0,0,0,0,0,0,0,0,0,0,0,0,0,0,0,0,0,0,0,0,0,0,0,0,0,0,0,0,0,0,0,0,0,0,0,0,0,0,0,0,0,0,0,0,0,0,0,0,0,0,0,0,0,0,0
9,0,0,0,0,0,0,0,0,0,0,0,0,0,0,0,0,0,0,0,0,0,0,0,0,0,0,0,0,0,0,0,0,0,0,0,0,0,0,0,0,0,0,0,0,0,0,0,0,0,0,0,0,0,0,0,0,0,0,0,0,0,0,0,0,0,0,0,0,0,0,0,0,0,0,0,0,0,0,0,0,0,0,0,0,0,0,0,0,0,0,0,0,0,0,0,0,0,0,0,0,0,0,0,0,0,0,0,0,0,0,0,0,0,0,0,0,0,0,0,0,0,0,0,0,0,0,0,0,0,0,0,0,0,0,0,0,0,0,0,0,0,0,0,0,0,0,0,0,0,0,0,0,0,0,0,0,0,0,0,0,0,0,0,0,0,0,0,0,0,0,0,0,0,0,0,0,0,0,81,159,159,159,195,94,29,0,0,0,0,0,0,0,0,0,0,0,0,0,0,0,0,0,0,0,12,158,253,254,254,254,254,254,220,48,0,0,0,0,0,0,0,0,0,0,0,0,0,0,0,0,0,0,59,254,254,213,132,85,163,191,254,252,64,0,0,0,0,0,0,0,0,0,0,0,0,0,0,0,0,0,179,254,144,3,0,0,0,2,156,254,224,15,0,0,0,0,0,0,0,0,0,0,0,0,0,0,0,0,217,254,106,0,0,0,0,0,23,230,254,106,0,0,0,0,0,0,0,0,0,0,0,0,0,0,0,0,217,254,106,0,0,0,0,0,32,240,254,120,0,0,0,0,0,0,0,0,0,0,0,0,0,0,0,0,217,254,161,0,0,0,0,0,121,254,254,120,0,0,0,0,0,0,0,0,0,0,0,0,0,0,0,0,92,249,246,89,6,0,2,86,244,254,254,113,0,0,0,0,0,0,0,0,0,0,0,0,0,0,0,0,0,183,254,254,201,142,183,254,254,254,254,24,0,0,0,0,0,0,0,0,0,0,0,0,0,0,0,0,0,10,228,254,254,254,254,222,251,254,213,11,0,0,0,0,0,0,0,0,0,0,0,0,0,0,0,0,0,0,28,135,172,143,102,16,236,254,182,0,0,0,0,0,0,0,0,0,0,0,0,0,0,0,0,0,0,0,0,0,0,0,0,0,236,254,117,0,0,0,0,0,0,0,0,0,0,0,0,0,0,0,0,0,0,0,0,0,0,0,0,0,236,254,86,0,0,0,0,0,0,0,0,0,0,0,0,0,0,0,0,0,0,0,0,0,0,0,0,62,251,254,86,0,0,0,0,0,0,0,0,0,0,0,0,0,0,0,0,0,0,0,0,0,0,0,0,78,254,252,62,0,0,0,0,0,0,0,0,0,0,0,0,0,0,0,0,0,0,0,0,0,0,0,0,78,254,230,0,0,0,0,0,0,0,0,0,0,0,0,0,0,0,0,0,0,0,0,0,0,0,0,0,152,254,148,0,0,0,0,0,0,0,0,0,0,0,0,0,0,0,0,0,0,0,0,0,0,0,0,4,195,254,148,0,0,0,0,0,0,0,0,0,0,0,0,0,0,0,0,0,0,0,0,0,0,0,0,15,254,254,148,0,0,0,0,0,0,0,0,0,0,0,0,0,0,0,0,0,0,0,0,0,0,0,0,4,156,254,113,0,0,0,0,0,0,0,0,0,0,0,0,0,0,0,0,0,0,0,0,0,0,0,0,0,0,0,0,0,0,0,0,0,0,0,0,0,0,0,0,0,0,0,0,0,0,0,0,0,0,0,0,0,0,0,0,0,0,0,0,0,0,0,0,0,0
2,0,0,0,0,0,0,0,0,0,0,0,0,0,0,0,0,0,0,0,0,0,0,0,0,0,0,0,0,0,0,0,0,0,0,0,0,0,0,0,0,0,0,0,0,0,0,0,0,0,0,0,0,0,0,0,0,0,0,0,0,0,0,0,0,0,0,0,0,0,0,0,0,0,0,0,0,0,0,0,0,0,0,0,0,0,0,0,0,0,0,0,0,0,0,0,0,83,91,250,254,254,254,254,255,123,0,0,0,0,0,0,0,0,0,0,0,0,0,0,0,0,0,46,180,246,253,253,253,253,253,253,253,130,13,0,0,0,0,0,0,0,0,0,0,0,0,0,0,0,0,213,253,253,253,253,253,253,253,253,253,253,195,0,0,0,0,0,0,0,0,0,0,0,0,0,0,0,0,213,253,253,253,221,220,156,56,130,247,253,233,69,0,0,0,0,0,0,0,0,0,0,0,0,0,0,0,133,253,221,129,4,0,0,0,0,126,253,223,52,0,0,0,0,0,0,0,0,0,0,0,0,0,0,0,8,40,30,0,0,0,0,0,0,42,253,253,106,0,0,0,0,0,0,0,0,0,0,0,0,0,0,0,0,0,0,0,0,0,0,0,0,42,253,253,106,0,0,0,0,0,0,0,0,0,0,0,0,0,0,0,0,0,0,0,0,0,0,0,0,84,253,201,10,0,0,0,0,0,0,0,0,0,0,0,0,0,0,0,0,0,0,0,0,0,0,0,72,235,253,95,0,0,0,0,0,0,0,0,0,0,0,0,0,0,0,0,54,0,22,32,0,0,0,0,116,253,126,1,0,0,0,0,0,0,0,0,0,0,0,0,0,4,30,172,225,172,193,203,120,9,9,25,209,253,122,0,0,0,0,0,0,0,0,0,0,0,0,0,7,163,253,253,253,253,253,253,253,253,253,253,253,237,75,0,0,0,0,0,0,0,0,0,0,0,0,0,139,253,253,253,253,253,253,253,253,253,253,253,253,90,0,0,0,0,0,0,0,0,0,0,0,0,0,42,213,253,253,197,138,138,168,253,253,253,253,253,253,123,0,0,0,0,0,0,0,0,0,0,0,0,0,91,253,253,226,25,0,0,50,190,253,253,253,253,253,218,20,0,0,0,0,0,0,0,0,0,0,0,0,175,253,253,220,0,26,131,242,253,253,253,253,253,253,253,122,0,0,0,0,0,0,0,0,0,0,0,0,217,253,253,249,222,228,253,253,253,253,251,195,201,253,253,237,78,24,0,0,0,0,0,0,0,0,0,0,91,253,253,253,253,253,253,253,253,205,102,0,11,172,253,253,253,191,105,97,0,0,0,0,0,0,0,0,6,137,253,253,253,253,253,253,207,15,0,0,0,82,191,214,36,111,174,58,0,0,0,0,0,0,0,0,0,6,89,111,253,221,89,89,35,0,0,0,0,0,15,43,0,97,174,58,0,0,0,0,0,0,0,0,0,0,0,0,0,0,0,0,0,0,0,0,0,0,0,0,0,0,0,0,0,0,0,0,0,0,0,0,0,0,0,0,0,0,0,0,0,0,0,0,0,0,0,0,0,0,0,0,0,0,0,0,0,0,0,0,0,0,0,0,0,0,0,0,0,0,0,0,0,0,0,0,0,0,0,0,0,0,0,0,0,0,0,0,0,0,0,0,0,0,0,0,0,0,0,0,0,0,0,0,0,0,0,0,0,0,0,0,0,0,0,0,0,0,0,0,0,0,0,0,0,0,0,0,0,0,0,0,0,0,0,0,0,0,0
8,0,0,0,0,0,0,0,0,0,0,0,0,0,0,0,0,0,0,0,0,0,0,0,0,0,0,0,0,0,0,0,0,0,0,0,0,0,0,0,0,0,0,0,0,0,0,0,0,0,0,0,0,0,0,0,0,0,0,0,0,0,0,0,0,0,0,0,0,0,0,0,0,0,0,0,0,0,0,0,0,0,0,0,0,0,0,0,0,0,0,0,0,0,0,0,0,0,0,0,0,0,0,0,0,0,0,0,0,0,0,0,0,0,0,0,0,0,0,0,0,0,0,0,0,0,0,0,0,0,0,0,0,0,0,0,0,0,0,0,0,0,0,0,0,0,0,0,0,0,0,13,89,146,146,246,255,169,9,0,0,0,0,0,0,0,0,0,0,0,0,0,0,0,0,0,0,2,76,179,253,253,253,253,253,253,48,0,0,0,0,0,0,0,0,0,0,0,0,0,0,0,0,0,2,149,253,253,253,248,165,94,139,227,170,2,48,126,222,222,162,36,0,0,0,0,0,0,0,0,0,7,152,253,253,240,155,0,0,0,0,38,146,175,253,253,253,253,253,183,0,0,0,0,0,0,0,0,0,38,253,253,205,71,0,0,0,0,0,30,243,253,253,245,172,83,65,47,0,0,0,0,0,0,0,0,0,38,253,253,219,85,6,0,0,1,104,237,253,253,245,78,0,0,0,0,0,0,0,0,0,0,0,0,0,31,219,253,253,253,208,91,49,109,253,253,253,149,19,0,0,0,0,0,0,0,0,0,0,0,0,0,0,0,18,192,253,253,253,253,253,253,253,253,163,20,0,0,0,0,0,0,0,0,0,0,0,0,0,0,0,0,0,10,40,163,238,253,253,253,253,253,16,0,0,0,0,0,0,0,0,0,0,0,0,0,0,0,0,0,0,0,0,0,35,253,253,253,253,253,158,19,0,0,0,0,0,0,0,0,0,0,0,0,0,0,0,0,0,0,0,30,214,253,253,214,253,253,253,86,0,0,0,0,0,0,0,0,0,0,0,0,0,0,0,0,0,0,0,91,253,253,200,18,62,249,253,218,25,0,0,0,0,0,0,0,0,0,0,0,0,0,0,0,0,0,11,204,253,242,45,0,0,128,253,253,48,0,0,0,0,0,0,0,0,0,0,0,0,0,0,0,0,0,131,253,249,127,0,0,0,18,241,253,135,0,0,0,0,0,0,0,0,0,0,0,0,0,0,0,0,75,249,253,231,0,0,0,0,10,240,253,156,0,0,0,0,0,0,0,0,0,0,0,0,0,0,0,0,222,253,253,134,0,0,0,14,180,253,253,156,0,0,0,0,0,0,0,0,0,0,0,0,0,0,0,0,178,253,253,229,104,24,7,135,253,253,229,47,0,0,0,0,0,0,0,0,0,0,0,0,0,0,0,0,53,240,253,253,253,250,249,253,253,251,77,0,0,0,0,0,0,0,0,0,0,0,0,0,0,0,0,0,0,45,110,186,253,253,253,253,253,126,0,0,0,0,0,0,0,0,0,0,0,0,0,0,0,0,0,0,0,0,0,7,145,228,246,123,37,3,0,0,0,0,0,0,0,0,0,0,0,0,0,0,0,0,0,0,0,0,0,0,0,0,0,0,0,0,0,0,0,0,0,0,0,0,0,0,0,0,0,0,0,0,0,0,0,0,0,0,0,0,0,0,0,0,0,0,0,0,0,0,0,0,0,0,0,0,0,0,0,0,0,0,0,0,0,0,0,0,0,0,0,0,0,0,0,0,0,0,0,0,0,0
8,0,0,0,0,0,0,0,0,0,0,0,0,0,0,0,0,0,0,0,0,0,0,0,0,0,0,0,0,0,0,0,0,0,0,0,0,0,0,0,0,0,0,0,0,0,0,0,0,0,0,0,0,0,0,0,0,0,0,0,0,0,0,0,0,0,0,0,0,0,0,0,0,0,0,0,0,0,0,0,0,0,0,0,0,0,0,0,0,0,0,0,0,0,0,0,0,0,0,0,0,0,0,0,0,0,0,0,0,0,0,0,0,0,0,0,0,0,0,0,0,0,0,0,0,0,0,0,48,143,143,249,157,22,0,0,0,0,0,0,0,0,0,0,0,0,0,0,0,0,0,0,0,12,67,162,253,252,252,218,229,226,92,0,0,0,0,0,0,0,0,0,0,0,0,0,0,0,0,0,0,25,224,252,240,153,62,21,29,207,232,190,26,0,0,0,0,0,0,0,0,0,0,0,0,0,0,0,1,111,252,233,57,0,0,2,119,250,251,230,60,0,0,0,0,0,0,0,0,0,0,0,0,0,0,0,4,164,252,128,0,0,0,47,252,252,217,0,0,0,0,0,0,0,0,0,0,0,0,0,0,0,0,0,0,45,252,252,87,0,0,219,252,252,93,0,0,0,0,0,0,0,0,0,0,0,0,0,0,0,0,0,0,72,216,252,117,40,213,251,252,119,2,0,0,0,0,0,0,0,0,0,0,0,0,0,0,0,0,0,0,0,64,247,253,252,252,252,151,22,0,0,0,0,0,0,0,0,0,0,0,0,0,0,0,0,0,0,0,0,0,220,253,252,252,168,23,0,0,0,0,0,0,0,0,0,0,0,0,0,0,0,0,0,0,0,0,0,34,186,253,252,209,6,0,0,0,0,0,0,0,0,0,0,0,0,0,0,0,0,0,0,0,0,0,0,140,253,255,253,210,21,0,0,0,0,0,0,0,0,0,0,0,0,0,0,0,0,0,0,0,0,3,133,233,252,253,252,252,44,0,0,0,0,0,0,0,0,0,0,0,0,0,0,0,0,0,0,0,0,194,252,219,56,210,252,209,6,0,0,0,0,0,0,0,0,0,0,0,0,0,0,0,0,0,0,5,147,251,229,87,2,143,252,252,10,0,0,0,0,0,0,0,0,0,0,0,0,0,0,0,0,0,5,146,252,250,115,0,0,143,252,252,10,0,0,0,0,0,0,0,0,0,0,0,0,0,0,0,0,0,100,252,252,117,0,0,39,182,252,179,7,0,0,0,0,0,0,0,0,0,0,0,0,0,0,0,0,96,251,252,248,21,2,93,226,253,249,42,0,0,0,0,0,0,0,0,0,0,0,0,0,0,0,0,12,217,252,252,179,98,171,252,252,209,106,0,0,0,0,0,0,0,0,0,0,0,0,0,0,0,0,0,46,239,252,252,252,252,252,252,89,0,0,0,0,0,0,0,0,0,0,0,0,0,0,0,0,0,0,0,0,161,252,252,252,252,185,61,5,0,0,0,0,0,0,0,0,0,0,0,0,0,0,0,0,0,0,0,0,0,0,0,0,0,0,0,0,0,0,0,0,0,0,0,0,0,0,0,0,0,0,0,0,0,0,0,0,0,0,0,0,0,0,0,0,0,0,0,0,0,0,0,0,0,0,0,0,0,0,0,0,0,0,0,0,0,0,0,0,0,0,0,0,0,0,0,0,0,0,0,0,0,0,0,0,0,0,0,0,0,0,0,0,0,0,0,0,0,0,0,0,0,0,0,0,0,0,0,0,0,0,0,0,0
1,0,0,0,0,0,0,0,0,0,0,0,0,0,0,0,0,0,0,0,0,0,0,0,0,0,0,0,0,0,0,0,0,0,0,0,0,0,0,0,0,0,0,0,0,0,0,0,0,0,0,0,0,0,0,0,0,0,0,0,0,0,0,0,0,0,0,0,0,0,0,0,0,0,0,0,0,0,0,0,0,0,0,0,0,0,0,0,0,0,0,0,0,0,0,0,0,0,0,0,0,0,0,0,0,0,0,0,0,0,0,0,0,0,0,0,0,0,0,0,0,0,0,0,0,0,0,0,0,0,0,0,0,0,0,0,0,0,0,0,0,0,0,0,0,0,0,0,0,0,0,0,0,0,0,20,237,180,0,0,0,0,0,0,0,0,0,0,0,0,0,0,0,0,0,0,0,0,0,0,0,0,0,140,254,210,0,0,0,0,0,0,0,0,0,0,0,0,0,0,0,0,0,0,0,0,0,0,0,0,42,247,254,158,0,0,0,0,0,0,0,0,0,0,0,0,0,0,0,0,0,0,0,0,0,0,0,0,22,242,254,123,0,0,0,0,0,0,0,0,0,0,0,0,0,0,0,0,0,0,0,0,0,0,0,0,146,254,254,47,0,0,0,0,0,0,0,0,0,0,0,0,0,0,0,0,0,0,0,0,0,0,0,0,158,254,254,35,0,0,0,0,0,0,0,0,0,0,0,0,0,0,0,0,0,0,0,0,0,0,0,0,197,254,254,35,0,0,0,0,0,0,0,0,0,0,0,0,0,0,0,0,0,0,0,0,0,0,0,0,246,254,232,21,0,0,0,0,0,0,0,0,0,0,0,0,0,0,0,0,0,0,0,0,0,0,0,0,246,254,201,0,0,0,0,0,0,0,0,0,0,0,0,0,0,0,0,0,0,0,0,0,0,0,0,0,246,254,201,0,0,0,0,0,0,0,0,0,0,0,0,0,0,0,0,0,0,0,0,0,0,0,0,0,247,255,114,0,0,0,0,0,0,0,0,0,0,0,0,0,0,0,0,0,0,0,0,0,0,0,0,50,251,254,114,0,0,0,0,0,0,0,0,0,0,0,0,0,0,0,0,0,0,0,0,0,0,0,0,110,254,254,114,0,0,0,0,0,0,0,0,0,0,0,0,0,0,0,0,0,0,0,0,0,0,0,0,8,247,254,114,0,0,0,0,0,0,0,0,0,0,0,0,0,0,0,0,0,0,16,15,0,0,0,0,0,246,254,114,0,0,0,0,0,0,0,0,0,0,0,0,0,0,0,0,0,0,0,0,0,0,0,0,0,246,254,114,0,0,0,0,0,0,0,0,0,0,0,0,0,0,0,0,0,0,0,0,0,0,0,0,0,246,254,44,0,0,0,0,0,0,0,0,0,0,0,0,0,0,0,0,0,0,0,0,0,0,0,0,0,246,254,26,0,0,0,0,0,0,0,0,0,0,0,0,0,0,0,0,0,0,0,0,0,0,0,0,0,246,254,26,0,0,0,0,0,0,0,0,0,0,0,0,0,0,0,0,0,0,0,0,0,0,0,0,0,246,254,26,0,0,0,0,0,0,0,0,0,0,0,0,0,0,0,0,0,0,0,0,0,0,0,0,0,0,0,0,0,0,0,0,0,0,0,0,0,0,0,0,0,0,0,0,0,0,0,0,0,0,0,0,0,0,0,0,0,0,0,0,0,0,0,0,0,0,0,0,0,0,0,0,0,0,0,0,0,0,0,0,0,0,0,0,0,0,0,0,0,0,0,0,0,0,0,0
4,0,0,0,0,0,0,0,0,0,0,0,0,0,0,0,0,0,0,0,0,0,0,0,0,0,0,0,0,0,0,0,0,0,0,0,0,0,0,0,0,0,0,0,0,0,0,0,0,0,0,0,0,0,0,0,0,0,0,0,0,0,0,0,0,0,0,0,0,0,0,0,0,0,0,0,0,0,0,0,0,0,0,0,0,0,0,0,0,0,0,0,0,0,0,0,0,0,0,0,0,0,0,0,0,0,0,0,0,0,0,0,0,0,0,0,0,0,0,0,0,0,0,0,0,0,0,0,0,52,208,114,0,0,0,0,0,0,0,0,0,0,0,0,0,0,0,0,0,0,0,0,0,0,0,0,0,147,254,87,0,0,0,0,0,0,0,0,0,0,0,0,0,0,0,0,0,0,0,0,0,0,0,0,93,253,170,2,0,0,0,0,0,0,0,0,0,0,0,0,0,0,0,0,0,0,0,0,0,0,0,12,190,245,71,0,0,0,0,0,0,0,0,0,0,0,0,0,0,0,0,0,0,0,0,0,0,0,0,146,254,168,0,0,0,0,0,0,0,0,0,0,0,0,0,0,0,0,0,0,0,0,0,0,0,0,94,251,211,27,0,0,0,0,21,0,0,0,0,0,0,0,0,0,0,0,0,0,0,0,0,0,0,49,231,245,72,0,0,0,0,113,226,0,0,0,0,0,0,0,0,0,0,0,0,0,0,0,0,0,12,191,254,118,0,0,0,0,96,247,194,0,0,0,0,0,0,0,0,0,0,0,0,0,0,0,0,0,147,254,167,6,0,0,0,30,215,229,74,0,0,0,0,0,0,0,0,0,0,0,0,0,0,0,0,126,251,213,30,0,0,0,6,166,254,150,0,0,0,0,0,0,0,0,0,0,0,0,0,0,0,0,46,229,227,59,0,0,0,0,74,254,231,47,0,0,0,0,0,0,0,0,0,0,0,0,0,0,0,10,195,255,117,19,35,35,18,29,212,255,134,0,0,0,0,0,0,0,0,0,0,0,0,0,0,0,0,149,254,254,149,231,254,254,229,228,254,164,13,0,0,0,0,0,0,0,0,0,0,0,0,0,0,0,33,248,254,254,240,181,142,142,227,255,232,50,0,0,0,0,0,0,0,0,0,0,0,0,0,0,0,0,68,246,242,104,27,0,0,19,210,254,130,0,0,0,0,0,0,0,0,0,0,0,0,0,0,0,0,0,0,40,26,0,0,0,0,115,254,193,13,0,0,0,0,0,0,0,0,0,0,0,0,0,0,0,0,0,0,0,0,0,0,0,0,216,254,100,0,0,0,0,0,0,0,0,0,0,0,0,0,0,0,0,0,0,0,0,0,0,0,0,0,216,165,14,0,0,0,0,0,0,0,0,0,0,0,0,0,0,0,0,0,0,0,0,0,0,0,0,0,216,129,0,0,0,0,0,0,0,0,0,0,0,0,0,0,0,0,0,0,0,0,0,0,0,0,0,0,157,214,32,0,0,0,0,0,0,0,0,0,0,0,0,0,0,0,0,0,0,0,0,0,0,0,0,0,0,0,0,0,0,0,0,0,0,0,0,0,0,0,0,0,0,0,0,0,0,0,0,0,0,0,0,0,0,0,0,0,0,0,0,0,0,0,0,0,0,0,0,0,0,0,0,0,0,0,0,0,0,0,0,0,0,0,0,0,0,0,0,0,0,0,0,0,0,0,0,0,0,0,0,0,0,0,0,0,0,0,0,0,0,0,0,0,0,0,0,0,0,0,0,0,0,0
6,0,0,0,0,0,0,0,0,0,0,0,0,0,0,0,0,0,0,0,0,0,0,0,0,0,0,0,0,0,0,0,0,0,0,0,0,0,0,0,0,0,0,0,0,0,0,0,0,0,0,0,0,0,0,0,0,0,0,0,0,0,0,0,0,0,0,0,0,0,0,0,0,0,0,0,0,0,0,0,0,0,0,0,0,0,0,0,0,0,0,0,0,0,0,0,0,0,78,254,192,6,0,0,0,0,0,0,0,0,0,0,0,0,0,0,0,0,0,0,0,0,0,0,0,26,248,253,254,139,0,0,0,0,0,0,0,0,0,0,0,0,0,0,0,0,0,0,0,0,0,0,15,181,253,253,254,26,0,0,0,0,0,0,0,0,0,0,0,0,0,0,0,0,0,0,0,0,0,0,41,253,253,253,111,2,0,0,0,0,0,0,0,0,0,0,0,0,0,0,0,0,0,0,0,0,0,15,167,253,253,253,0,0,0,0,0,0,0,0,0,0,0,0,0,0,0,0,0,0,0,0,0,0,0,54,253,253,250,128,0,0,0,0,0,0,0,0,0,0,0,0,0,0,0,0,0,0,0,0,0,0,0,145,253,253,242,41,175,174,174,61,30,0,0,0,0,0,0,0,0,0,0,0,0,0,0,0,0,0,8,194,253,253,253,253,254,253,253,253,193,22,0,0,0,0,0,0,0,0,0,0,0,0,0,0,0,0,75,253,253,253,253,253,254,253,253,253,253,231,47,0,0,0,0,0,0,0,0,0,0,0,0,0,0,0,201,253,253,253,253,253,121,120,120,233,253,253,150,0,0,0,0,0,0,0,0,0,0,0,0,0,0,81,254,254,254,254,184,64,0,0,0,43,230,254,255,94,0,0,0,0,0,0,0,0,0,0,0,0,0,81,253,253,253,242,62,0,0,0,0,0,201,253,253,93,0,0,0,0,0,0,0,0,0,0,0,0,0,201,253,253,253,177,0,0,0,0,0,0,201,253,253,93,0,0,0,0,0,0,0,0,0,0,0,0,80,247,253,253,219,15,0,0,0,0,0,69,245,253,240,64,0,0,0,0,0,0,0,0,0,0,0,0,94,253,253,253,213,0,0,0,0,0,0,187,253,253,213,0,0,0,0,0,0,0,0,0,0,0,0,0,94,253,253,253,142,0,0,0,0,23,104,243,253,253,114,0,0,0,0,0,0,0,0,0,0,0,0,0,80,247,253,253,219,41,41,41,175,207,253,253,253,223,67,0,0,0,0,0,0,0,0,0,0,0,0,0,0,129,253,253,253,253,253,253,255,253,253,253,196,25,0,0,0,0,0,0,0,0,0,0,0,0,0,0,0,34,212,250,253,253,253,253,255,253,248,127,22,0,0,0,0,0,0,0,0,0,0,0,0,0,0,0,0,0,0,117,253,253,253,253,255,196,76,0,0,0,0,0,0,0,0,0,0,0,0,0,0,0,0,0,0,0,0,0,0,0,0,0,0,0,0,0,0,0,0,0,0,0,0,0,0,0,0,0,0,0,0,0,0,0,0,0,0,0,0,0,0,0,0,0,0,0,0,0,0,0,0,0,0,0,0,0,0,0,0,0,0,0,0,0,0,0,0,0,0,0,0,0,0,0,0,0,0,0,0,0,0,0,0,0,0,0,0,0,0,0,0,0,0,0,0,0,0,0,0,0,0,0,0,0,0,0,0,0,0,0,0,0,0,0,0,0,0,0,0,0,0,0,0,0,0,0,0,0,0,0,0,0,0,0,0,0,0
5,0,0,0,0,0,0,0,0,0,0,0,0,0,0,0,0,0,0,0,0,0,0,0,0,0,0,0,0,0,0,0,0,0,0,0,0,0,0,0,0,0,0,0,0,0,0,0,0,0,0,0,0,0,0,0,0,0,0,0,0,0,0,0,0,0,0,0,0,0,0,0,0,0,0,0,0,0,0,0,0,0,0,0,0,0,0,0,0,0,0,0,0,0,0,0,0,0,0,0,0,0,0,0,0,0,0,0,0,0,0,0,0,0,0,0,0,0,0,0,0,0,0,0,0,0,0,0,0,0,0,0,0,0,0,0,0,0,0,0,0,0,0,0,0,0,0,0,0,0,0,0,0,0,0,0,0,0,0,0,0,0,0,0,0,0,0,0,0,0,0,0,0,0,0,0,0,0,0,0,0,0,0,0,0,0,0,0,0,0,0,0,0,0,0,0,0,0,0,0,0,0,0,0,0,0,0,0,0,0,0,26,0,0,0,0,0,47,119,165,165,165,0,0,0,0,0,0,0,0,0,0,0,0,0,0,0,27,158,143,0,0,2,48,169,245,254,254,243,234,0,0,0,0,0,0,0,0,0,0,0,0,0,0,0,209,254,75,2,138,180,254,247,179,87,80,35,0,0,0,0,0,0,0,0,0,0,0,0,0,0,16,203,248,71,21,103,224,179,97,22,0,0,0,0,0,0,0,0,0,0,0,0,0,0,0,0,0,0,104,254,109,0,0,0,0,0,0,0,0,0,0,0,0,0,0,0,0,0,0,0,0,0,0,0,0,12,229,207,7,0,0,0,0,0,0,0,0,0,0,0,0,0,0,0,0,0,0,0,0,0,0,0,8,182,254,201,190,195,195,154,36,0,0,0,0,0,0,0,0,0,0,0,0,0,0,0,0,0,0,0,138,254,254,254,247,204,254,254,133,0,0,0,0,0,0,0,0,0,0,0,0,0,0,0,0,0,0,0,51,189,137,50,42,38,213,254,135,0,0,0,0,0,0,0,0,0,0,0,0,0,0,0,0,0,0,0,0,0,0,0,0,38,228,254,155,0,0,0,0,0,0,0,0,0,0,0,0,0,0,0,0,0,0,0,0,0,0,0,0,0,196,254,105,0,0,0,0,0,0,0,0,0,0,0,0,0,0,0,0,0,0,0,0,0,0,0,0,54,252,222,0,0,0,0,0,0,0,0,0,0,0,0,0,0,0,0,0,20,0,0,0,0,0,0,20,224,230,76,0,0,0,0,0,0,0,0,0,0,0,0,0,0,0,0,0,239,98,29,0,0,0,0,72,254,173,0,0,0,0,0,0,0,0,0,0,0,0,0,0,0,0,0,0,181,219,230,235,235,184,208,246,241,51,0,0,0,0,0,0,0,0,0,0,0,0,0,0,0,0,0,0,0,0,42,151,164,164,164,148,41,0,0,0,0,0,0,0,0,0,0,0,0,0,0,0,0,0,0,0,0,0,0,0,0,0,0,0,0,0,0,0,0,0,0,0,0,0,0,0,0,0,0,0,0,0,0,0,0,0,0,0,0,0,0,0,0,0,0,0,0,0,0,0,0,0,0,0,0,0,0,0,0,0,0,0,0,0,0,0,0,0,0,0,0,0,0,0,0,0,0,0,0,0,0,0,0,0,0,0,0,0,0,0,0,0,0,0,0,0,0,0,0,0,0,0,0,0,0,0,0,0,0,0,0,0,0,0,0,0,0,0,0,0,0,0,0,0,0,0,0,0,0,0,0,0,0,0,0,0,0,0,0,0,0
6,0,0,0,0,0,0,0,0,0,0,0,0,0,0,0,0,0,0,0,0,0,0,0,0,0,0,0,0,0,0,0,0,0,0,0,0,0,0,0,0,0,0,0,0,0,0,0,0,0,0,0,0,0,0,0,0,0,0,0,0,0,0,0,0,0,0,0,0,0,0,0,0,0,0,0,0,0,0,0,0,0,0,0,0,0,0,0,0,0,0,0,0,0,0,0,0,0,0,0,192,203,254,150,4,0,0,0,0,0,0,0,0,0,0,0,0,0,0,0,0,0,0,0,0,0,0,82,254,253,253,253,72,0,0,0,0,0,0,0,0,0,0,0,0,0,0,0,0,0,0,0,0,0,0,242,254,253,253,246,62,0,0,0,0,0,0,0,0,0,0,0,0,0,0,0,0,0,0,0,0,0,21,244,254,253,253,124,0,0,0,0,0,0,0,0,0,0,0,0,0,0,0,0,0,0,0,0,0,70,212,253,254,253,140,24,0,0,0,0,0,0,0,0,0,0,0,0,0,0,0,0,0,0,0,0,0,132,253,253,254,235,23,0,0,0,0,0,0,0,0,0,0,0,0,0,0,0,0,0,0,0,0,0,70,230,253,253,169,95,0,0,0,0,0,0,0,0,0,0,0,0,0,0,0,0,0,0,0,0,0,0,206,253,253,253,105,0,0,0,0,0,0,0,0,0,0,0,0,0,0,0,0,0,0,0,0,0,0,32,226,253,253,201,12,0,0,0,0,0,0,0,0,0,0,0,0,0,0,0,0,0,0,0,0,0,30,217,253,253,253,75,0,0,0,0,0,0,0,0,0,0,0,0,0,0,0,0,0,0,0,0,0,0,67,254,254,254,249,11,0,0,2,13,13,3,0,0,0,0,0,0,0,0,0,0,0,0,0,0,0,5,188,253,253,244,73,0,2,25,116,253,253,171,39,0,0,0,0,0,0,0,0,0,0,0,0,0,0,67,253,253,253,156,0,18,106,253,253,253,253,253,168,0,0,0,0,0,0,0,0,0,0,0,0,0,0,170,253,253,253,76,21,204,254,253,253,253,253,253,88,0,0,0,0,0,0,0,0,0,0,0,0,0,18,210,253,253,213,175,212,253,254,253,253,253,253,218,25,0,0,0,0,0,0,0,0,0,0,0,0,0,0,135,253,253,253,253,253,253,254,253,253,253,253,232,34,0,0,0,0,0,0,0,0,0,0,0,0,0,0,10,195,253,253,253,253,253,254,253,253,253,233,63,0,0,0,0,0,0,0,0,0,0,0,0,0,0,0,0,78,253,253,253,253,253,254,253,253,188,62,0,0,0,0,0,0,0,0,0,0,0,0,0,0,0,0,0,35,228,253,253,253,253,254,253,185,48,0,0,0,0,0,0,0,0,0,0,0,0,0,0,0,0,0,0,0,9,110,178,253,253,191,121,5,0,0,0,0,0,0,0,0,0,0,0,0,0,0,0,0,0,0,0,0,0,0,0,0,0,0,0,0,0,0,0,0,0,0,0,0,0,0,0,0,0,0,0,0,0,0,0,0,0,0,0,0,0,0,0,0,0,0,0,0,0,0,0,0,0,0,0,0,0,0,0,0,0,0,0,0,0,0,0,0,0,0,0,0,0,0,0,0,0,0,0,0,0,0,0,0,0,0,0,0,0,0,0,0,0,0,0,0,0,0,0,0,0,0,0,0,0,0,0,0,0,0,0,0,0,0,0,0,0,0,0,0,0,0,0,0,0,0,0,0,0,0,0,0,0,0,0,0,0,0
2,0,0,0,0,0,0,0,0,0,0,0,0,0,0,0,0,0,0,0,0,0,0,0,0,0,0,0,0,0,0,0,0,0,0,0,0,0,0,0,0,0,0,0,0,0,0,0,0,0,0,0,0,0,0,0,0,0,0,0,0,0,0,0,0,0,0,0,0,0,0,0,0,0,0,0,0,0,0,0,0,0,0,0,0,0,0,0,0,0,0,0,0,0,0,0,0,0,0,0,0,0,0,0,0,0,0,0,0,0,0,0,0,0,0,0,0,0,0,0,0,0,0,0,0,0,0,0,0,0,17,80,41,55,0,0,0,0,0,0,0,0,0,0,0,0,0,0,0,0,0,0,0,0,0,128,182,246,247,254,250,251,209,68,0,0,0,0,0,0,0,0,0,0,0,0,0,0,0,0,5,126,210,255,254,254,220,146,105,150,254,211,19,0,0,0,0,0,0,0,0,0,0,0,0,0,0,6,157,254,254,238,146,62,12,0,0,3,121,254,187,0,0,0,0,0,0,0,0,0,0,0,0,0,0,22,243,222,149,24,0,0,0,0,0,0,106,254,166,0,0,0,0,0,0,0,0,0,0,0,0,0,0,0,33,12,0,0,0,0,0,0,0,0,94,254,178,0,0,0,0,0,0,0,0,0,0,0,0,0,0,0,0,0,0,0,0,0,0,0,0,0,88,254,175,0,0,0,0,0,0,0,0,0,0,0,0,0,0,0,0,0,0,0,0,0,0,0,0,0,172,253,73,0,0,0,0,0,0,0,0,0,0,0,0,0,0,0,0,0,0,0,0,0,0,0,0,23,237,242,0,0,0,0,0,0,0,0,0,0,0,0,0,0,0,0,0,0,0,0,0,0,0,0,13,193,254,127,0,0,0,0,0,0,0,0,0,0,0,0,0,0,109,237,254,221,167,110,3,0,0,14,164,254,179,0,0,0,0,0,0,0,0,0,0,0,0,0,15,192,252,222,183,234,254,254,222,120,0,124,254,179,5,0,0,0,0,0,0,0,0,0,0,0,0,79,232,185,32,10,0,13,78,162,252,250,206,251,169,4,0,0,0,0,0,0,0,0,0,0,0,0,160,252,188,16,0,0,0,0,0,0,185,254,254,135,14,0,0,0,0,0,0,0,0,0,0,0,0,159,253,161,13,0,0,0,0,0,31,102,250,254,254,236,128,0,0,0,0,0,0,0,0,0,0,0,0,254,207,9,0,0,0,0,27,132,240,254,195,80,140,249,248,131,36,34,0,0,0,0,0,0,0,0,0,245,82,2,0,14,100,184,241,254,205,83,2,0,0,91,151,227,227,128,0,0,0,0,0,0,0,0,0,227,254,197,193,224,254,252,200,116,19,0,0,0,0,0,0,0,0,0,0,0,0,0,0,0,0,0,0,74,242,245,245,230,157,81,0,0,0,0,0,0,0,0,0,0,0,0,0,0,0,0,0,0,0,0,0,0,0,0,0,0,0,0,0,0,0,0,0,0,0,0,0,0,0,0,0,0,0,0,0,0,0,0,0,0,0,0,0,0,0,0,0,0,0,0,0,0,0,0,0,0,0,0,0,0,0,0,0,0,0,0,0,0,0,0,0,0,0,0,0,0,0,0,0,0,0,0,0,0,0,0,0,0,0,0,0,0,0,0,0,0,0,0,0,0,0,0,0,0,0,0,0,0,0,0,0,0,0,0,0,0,0,0,0,0,0,0,0,0,0,0,0,0,0,0,0,0,0,0,0,0,0,0,0,0,0,0,0,0,0,0,0
0,0,0,0,0,0,0,0,0,0,0,0,0,0,0,0,0,0,0,0,0,0,0,0,0,0,0,0,0,0,0,0,0,0,0,0,0,0,0,0,0,0,0,0,0,0,0,0,0,0,0,0,0,0,0,0,0,0,0,0,0,0,0,0,0,0,0,0,0,0,0,0,0,0,0,0,0,0,0,0,0,0,0,0,0,0,0,0,0,0,0,0,0,0,0,0,0,0,0,0,0,0,0,0,0,0,0,0,0,0,0,0,0,0,0,0,0,0,0,0,0,0,0,0,0,0,0,0,0,0,0,0,0,0,0,0,0,0,0,0,0,0,0,0,0,0,0,0,0,0,0,0,0,0,0,0,0,0,50,105,105,105,68,0,0,0,0,0,0,0,0,0,0,0,0,0,0,0,0,0,0,0,36,123,209,209,230,253,253,253,238,183,25,0,0,0,0,0,0,0,0,0,0,0,0,0,0,0,0,39,217,254,253,253,253,253,253,253,253,253,104,0,0,0,0,0,0,0,0,0,0,0,0,0,0,0,114,222,253,254,253,253,196,133,147,253,253,253,174,0,0,0,0,0,0,0,0,0,0,0,0,0,9,154,251,253,253,254,253,108,16,0,4,109,249,253,253,0,0,0,0,0,0,0,0,0,0,0,0,9,145,253,253,253,253,242,100,26,0,0,0,0,239,253,253,0,0,0,0,0,0,0,0,0,0,0,64,170,253,253,253,253,173,71,0,0,0,0,0,0,239,253,253,0,0,0,0,0,0,0,0,0,0,6,167,253,253,253,253,157,6,0,0,0,0,0,0,0,239,253,253,0,0,0,0,0,0,0,0,0,11,146,253,253,253,253,157,14,0,0,0,0,0,0,6,125,250,253,226,0,0,0,0,0,0,0,0,0,60,253,253,253,253,253,14,0,0,0,0,0,0,0,30,253,253,253,104,0,0,0,0,0,0,0,0,0,123,254,254,254,180,71,0,0,0,0,0,0,0,32,211,254,255,236,62,0,0,0,0,0,0,0,0,0,209,253,253,253,74,0,0,0,0,0,0,0,0,199,253,253,253,85,0,0,0,0,0,0,0,0,0,78,238,253,253,204,26,0,0,0,0,0,0,19,164,243,253,253,186,21,0,0,0,0,0,0,0,0,0,254,253,253,253,178,0,0,0,0,0,50,120,206,253,253,253,189,8,0,0,0,0,0,0,0,0,0,0,254,253,253,253,200,75,75,75,102,224,238,253,253,253,253,182,14,0,0,0,0,0,0,0,0,0,0,0,136,248,253,253,253,253,253,253,253,253,254,253,251,223,91,22,0,0,0,0,0,0,0,0,0,0,0,0,0,209,253,253,253,253,253,253,253,253,254,253,158,0,0,0,0,0,0,0,0,0,0,0,0,0,0,0,0,68,253,253,253,253,253,253,237,163,103,14,5,0,0,0,0,0,0,0,0,0,0,0,0,0,0,0,0,14,59,129,208,102,59,59,49,0,0,0,0,0,0,0,0,0,0,0,0,0,0,0,0,0,0,0,0,0,0,0,0,0,0,0,0,0,0,0,0,0,0,0,0,0,0,0,0,0,0,0,0,0,0,0,0,0,0,0,0,0,0,0,0,0,0,0,0,0,0,0,0,0,0,0,0,0,0,0,0,0,0,0,0,0,0,0,0,0,0,0,0,0,0,0,0,0,0,0,0,0,0,0,0,0,0,0,0,0,0,0,0,0,0,0,0,0,0,0,0,0,0,0,0,0,0,0,0,0,0,0,0,0,0,0
9,0,0,0,0,0,0,0,0,0,0,0,0,0,0,0,0,0,0,0,0,0,0,0,0,0,0,0,0,0,0,0,0,0,0,0,0,0,0,0,0,0,0,0,0,0,0,0,0,0,0,0,0,0,0,0,0,0,0,0,0,0,0,0,0,0,0,0,0,0,0,0,0,0,0,0,0,0,0,0,0,0,0,0,0,0,0,0,0,0,0,0,0,0,0,0,0,0,0,0,0,0,0,0,0,0,0,0,0,0,0,0,0,0,0,0,0,0,0,0,0,0,0,0,0,0,0,0,0,0,0,0,0,0,0,0,0,0,0,0,0,0,0,0,0,0,0,0,0,0,0,0,0,0,0,0,0,0,0,0,0,0,0,0,0,0,0,0,0,0,0,0,0,0,0,0,0,0,0,0,0,86,197,86,85,57,0,0,0,0,0,0,0,0,0,0,0,0,0,0,0,0,0,0,0,0,0,0,114,253,251,253,251,225,56,0,0,0,0,0,0,0,0,0,0,0,0,0,0,0,0,0,0,29,197,255,253,254,253,254,196,169,225,0,0,0,0,0,0,0,0,0,0,0,0,0,0,0,0,0,0,197,251,253,251,253,138,84,28,0,56,0,0,0,0,0,0,0,0,0,0,0,0,0,0,0,0,0,169,255,253,226,168,0,0,0,0,0,0,29,197,254,84,0,0,0,0,0,0,0,0,0,0,0,0,57,224,253,251,56,0,0,0,0,0,0,114,197,251,253,83,0,0,0,0,0,0,0,0,0,0,0,0,141,253,255,84,0,0,0,0,0,57,141,253,254,253,254,84,0,0,0,0,0,0,0,0,0,0,0,0,253,251,253,83,0,0,0,0,0,168,253,251,253,251,196,28,0,0,0,0,0,0,0,0,0,0,0,0,198,253,254,139,0,57,85,85,254,253,254,253,254,253,114,0,0,0,0,0,0,0,0,0,0,0,0,0,85,251,253,251,169,224,253,251,253,251,253,251,253,251,0,0,0,0,0,0,0,0,0,0,0,0,0,0,0,169,254,253,254,253,254,253,226,168,0,169,254,84,0,0,0,0,0,0,0,0,0,0,0,0,0,0,0,56,253,251,253,251,84,83,56,0,57,224,253,83,0,0,0,0,0,0,0,0,0,0,0,0,0,0,0,0,0,0,0,0,0,0,0,0,85,253,254,84,0,0,0,0,0,0,0,0,0,0,0,0,0,0,0,0,0,0,0,0,0,0,0,0,85,251,253,83,0,0,0,0,0,0,0,0,0,0,0,0,0,0,0,0,0,0,0,0,0,0,0,0,85,253,254,84,0,0,0,0,0,0,0,0,0,0,0,0,0,0,0,0,0,0,0,0,0,0,0,0,85,251,253,83,0,0,0,0,0,0,0,0,0,0,0,0,0,0,0,0,0,0,0,0,0,0,0,0,85,253,254,139,0,0,0,0,0,0,0,0,0,0,0,0,0,0,0,0,0,0,0,0,0,0,0,0,28,196,253,251,169,56,0,0,0,0,0,0,0,0,0,0,0,0,0,0,0,0,0,0,0,0,0,0,0,0,254,253,254,253,0,0,0,0,0,0,0,0,0,0,0,0,0,0,0,0,0,0,0,0,0,0,0,0,84,196,253,251,0,0,0,0,0,0,0,0,0,0,0,0,0,0,0,0,0,0,0,0,0,0,0,0,0,0,0,0,0,0,0,0,0,0,0,0,0,0,0,0,0,0,0,0,0,0,0,0,0,0,0,0,0,0,0,0,0,0,0,0,0,0
0,0,0,0,0,0,0,0,0,0,0,0,0,0,0,0,0,0,0,0,0,0,0,0,0,0,0,0,0,0,0,0,0,0,0,0,0,0,0,0,0,0,0,0,0,0,0,0,0,0,0,0,0,0,0,0,0,0,0,0,0,0,0,0,0,0,0,0,0,0,0,0,0,0,0,0,0,0,0,0,0,0,0,0,0,0,0,0,0,0,0,0,0,0,0,0,0,0,0,0,0,0,0,0,0,0,0,0,0,0,0,0,0,0,0,0,0,0,0,0,0,0,0,0,0,0,0,0,0,0,0,0,0,0,0,0,0,0,0,0,0,0,0,0,0,0,0,0,0,0,0,10,150,253,253,253,255,253,236,110,10,0,0,0,0,0,0,0,0,0,0,0,0,0,0,0,0,40,145,227,252,252,252,252,253,252,252,252,226,35,0,0,0,0,0,0,0,0,0,0,0,0,0,0,40,221,252,242,228,252,167,96,102,216,238,252,252,144,7,0,0,0,0,0,0,0,0,0,0,0,0,0,157,252,241,88,28,84,8,0,0,0,52,173,252,252,128,0,0,0,0,0,0,0,0,0,0,0,0,0,157,252,192,0,0,0,0,0,0,0,0,37,235,252,188,9,0,0,0,0,0,0,0,0,0,0,0,7,184,252,100,0,0,0,0,0,0,0,0,0,89,252,252,70,0,0,0,0,0,0,0,0,0,0,0,25,252,252,72,0,0,0,0,0,0,0,0,0,12,204,252,234,19,0,0,0,0,0,0,0,0,0,0,25,252,252,72,0,0,0,0,0,0,0,0,0,0,90,252,252,23,0,0,0,0,0,0,0,0,0,0,25,252,252,72,0,0,0,0,0,0,0,0,0,0,42,232,252,23,0,0,0,0,0,0,0,0,0,0,13,206,252,129,0,0,0,0,0,0,0,0,0,0,0,205,252,23,0,0,0,0,0,0,0,0,0,0,0,157,253,224,32,0,0,0,0,0,0,0,0,0,0,206,253,24,0,0,0,0,0,0,0,0,0,0,0,157,252,252,71,0,0,0,0,0,0,0,0,0,0,205,252,23,0,0,0,0,0,0,0,0,0,0,0,82,252,252,190,7,0,0,0,0,0,0,0,0,63,234,252,23,0,0,0,0,0,0,0,0,0,0,0,12,196,252,252,48,0,0,0,0,0,0,0,12,204,252,252,23,0,0,0,0,0,0,0,0,0,0,0,0,83,252,252,133,0,0,0,0,0,0,12,107,252,252,154,7,0,0,0,0,0,0,0,0,0,0,0,0,35,232,252,232,62,0,0,0,0,11,107,252,252,187,9,0,0,0,0,0,0,0,0,0,0,0,0,0,0,63,232,252,234,96,4,45,97,212,252,252,252,70,0,0,0,0,0,0,0,0,0,0,0,0,0,0,0,0,147,252,252,252,219,237,252,252,252,229,64,7,0,0,0,0,0,0,0,0,0,0,0,0,0,0,0,0,7,157,252,252,252,253,252,252,156,18,0,0,0,0,0,0,0,0,0,0,0,0,0,0,0,0,0,0,0,4,58,131,247,248,131,57,4,0,0,0,0,0,0,0,0,0,0,0,0,0,0,0,0,0,0,0,0,0,0,0,0,0,0,0,0,0,0,0,0,0,0,0,0,0,0,0,0,0,0,0,0,0,0,0,0,0,0,0,0,0,0,0,0,0,0,0,0,0,0,0,0,0,0,0,0,0,0,0,0,0,0,0,0,0,0,0,0,0,0,0,0,0,0,0,0,0,0,0,0,0
1,0,0,0,0,0,0,0,0,0,0,0,0,0,0,0,0,0,0,0,0,0,0,0,0,0,0,0,0,0,0,0,0,0,0,0,0,0,0,0,0,0,0,0,0,0,0,0,0,0,0,0,0,0,0,0,0,0,0,0,0,0,0,0,0,0,0,0,0,0,0,0,0,0,0,0,0,0,0,0,0,0,0,0,0,0,0,0,0,0,0,0,0,0,0,0,0,0,0,0,0,0,0,0,0,0,0,0,0,0,0,0,0,0,0,0,0,0,0,0,0,0,0,0,0,0,0,0,0,26,222,253,137,0,0,0,0,0,0,0,0,0,0,0,0,0,0,0,0,0,0,0,0,0,0,0,0,120,252,252,137,0,0,0,0,0,0,0,0,0,0,0,0,0,0,0,0,0,0,0,0,0,0,0,17,228,252,252,54,0,0,0,0,0,0,0,0,0,0,0,0,0,0,0,0,0,0,0,0,0,0,0,66,252,252,218,14,0,0,0,0,0,0,0,0,0,0,0,0,0,0,0,0,0,0,0,0,0,0,0,138,252,252,108,0,0,0,0,0,0,0,0,0,0,0,0,0,0,0,0,0,0,0,0,0,0,0,11,255,253,253,46,0,0,0,0,0,0,0,0,0,0,0,0,0,0,0,0,0,0,0,0,0,0,0,136,253,252,240,37,0,0,0,0,0,0,0,0,0,0,0,0,0,0,0,0,0,0,0,0,0,0,0,230,253,252,151,0,0,0,0,0,0,0,0,0,0,0,0,0,0,0,0,0,0,0,0,0,0,0,0,230,253,252,69,0,0,0,0,0,0,0,0,0,0,0,0,0,0,0,0,0,0,0,0,0,0,0,85,250,253,210,6,0,0,0,0,0,0,0,0,0,0,0,0,0,0,0,0,0,0,0,0,0,0,38,233,253,255,144,0,0,0,0,0,0,0,0,0,0,0,0,0,0,0,0,0,0,0,0,0,0,0,91,252,252,239,33,0,0,0,0,0,0,0,0,0,0,0,0,0,0,0,0,0,0,0,0,0,0,13,203,252,252,146,0,0,0,0,0,0,0,0,0,0,0,0,0,0,0,0,0,0,0,0,0,0,0,89,252,252,252,74,0,0,0,0,0,0,0,0,0,0,0,0,0,0,0,0,0,0,0,0,0,0,0,161,252,252,200,0,0,0,0,0,0,0,0,0,0,0,0,0,0,0,0,0,0,0,0,0,0,0,3,170,253,253,23,0,0,0,0,0,0,0,0,0,0,0,0,0,0,0,0,0,0,0,0,0,0,0,24,252,252,235,18,0,0,0,0,0,0,0,0,0,0,0,0,0,0,0,0,0,0,0,0,0,0,0,108,252,252,160,0,0,0,0,0,0,0,0,0,0,0,0,0,0,0,0,0,0,0,0,0,0,0,0,138,252,252,160,0,0,0,0,0,0,0,0,0,0,0,0,0,0,0,0,0,0,0,0,0,0,0,0,86,252,252,108,0,0,0,0,0,0,0,0,0,0,0,0,0,0,0,0,0,0,0,0,0,0,0,0,0,0,0,0,0,0,0,0,0,0,0,0,0,0,0,0,0,0,0,0,0,0,0,0,0,0,0,0,0,0,0,0,0,0,0,0,0,0,0,0,0,0,0,0,0,0,0,0,0,0,0,0,0,0,0,0,0,0,0,0,0,0,0,0,0,0,0,0,0,0,0,0,0,0,0,0,0,0,0,0,0,0,0,0,0,0,0,0,0,0,0,0,0,0,0,0,0,0,0,0,0,0
9,0,0,0,0,0,0,0,0,0,0,0,0,0,0,0,0,0,0,0,0,0,0,0,0,0,0,0,0,0,0,0,0,0,0,0,0,0,0,0,0,0,0,0,0,0,0,0,0,0,0,0,0,0,0,0,0,0,0,0,0,0,0,0,0,0,0,0,0,0,0,0,0,0,0,0,0,0,0,0,0,0,0,0,0,0,0,0,0,0,0,0,0,0,0,0,0,0,0,0,0,0,0,0,0,0,0,0,0,0,0,0,0,0,0,0,0,0,0,0,0,0,0,0,0,0,0,0,0,0,0,0,0,0,0,0,0,0,0,0,0,0,0,0,0,0,0,0,0,0,0,22,144,251,132,0,0,0,0,11,14,0,0,0,0,0,0,0,0,0,0,0,0,0,0,0,0,0,23,227,254,206,13,0,0,0,0,196,194,0,0,0,0,0,0,0,0,0,0,0,0,0,0,0,0,1,223,254,216,19,0,0,0,0,21,250,237,19,0,0,0,0,0,0,0,0,0,0,0,0,0,0,0,144,254,240,46,0,0,0,0,0,50,253,254,30,0,0,0,0,0,0,0,0,0,0,0,0,0,0,17,233,254,140,0,0,0,0,0,0,69,254,254,87,0,0,0,0,0,0,0,0,0,0,0,0,0,0,149,254,250,26,0,0,0,0,0,0,69,254,254,206,4,0,0,0,0,0,0,0,0,0,0,0,0,2,214,254,191,0,0,0,0,0,0,0,69,254,254,233,89,0,0,0,0,0,0,0,0,0,0,0,0,109,254,254,129,0,0,0,0,0,0,0,92,254,254,254,155,0,0,0,0,0,0,0,0,0,0,0,0,156,254,254,23,0,0,0,0,0,0,0,69,254,254,254,129,0,0,0,0,0,0,0,0,0,0,0,0,156,254,254,53,0,0,0,0,0,0,0,92,254,254,222,21,0,0,0,0,0,0,0,0,0,0,0,0,156,254,254,204,57,0,0,0,0,4,124,240,254,254,118,0,0,0,0,0,0,0,0,0,0,0,0,0,55,224,254,254,253,244,244,244,221,244,254,254,254,254,107,0,0,0,0,0,0,0,0,0,0,0,0,0,0,35,130,251,254,254,254,254,254,254,254,254,254,254,107,0,0,0,0,0,0,0,0,0,0,0,0,0,0,0,0,57,143,186,186,151,132,110,52,159,254,254,40,0,0,0,0,0,0,0,0,0,0,0,0,0,0,0,0,0,0,0,0,0,0,0,0,139,254,254,99,0,0,0,0,0,0,0,0,0,0,0,0,0,0,0,0,0,0,0,0,0,0,0,0,92,254,233,16,0,0,0,0,0,0,0,0,0,0,0,0,0,0,0,0,0,0,0,0,0,0,0,0,91,254,209,0,0,0,0,0,0,0,0,0,0,0,0,0,0,0,0,0,0,0,0,0,0,0,0,0,145,254,240,21,0,0,0,0,0,0,0,0,0,0,0,0,0,0,0,0,0,0,0,0,0,0,0,0,145,254,255,53,0,0,0,0,0,0,0,0,0,0,0,0,0,0,0,0,0,0,0,0,0,0,0,0,56,230,168,4,0,0,0,0,0,0,0,0,0,0,0,0,0,0,0,0,0,0,0,0,0,0,0,0,0,0,0,0,0,0,0,0,0,0,0,0,0,0,0,0,0,0,0,0,0,0,0,0,0,0,0,0,0,0,0,0,0,0,0,0,0,0,0,0,0,0,0,0,0,0,0,0,0,0,0,0,0,0,0,0,0,0,0,0,0,0,0,0,0,0,0
3,0,0,0,0,0,0,0,0,0,0,0,0,0,0,0,0,0,0,0,0,0,0,0,0,0,0,0,0,0,0,0,0,0,0,0,0,0,0,0,0,0,0,0,0,0,0,0,0,0,0,0,0,0,0,0,0,0,0,0,0,0,0,0,0,0,0,0,0,0,0,0,0,0,0,0,0,0,0,0,0,0,0,0,0,0,0,0,0,0,0,0,0,0,0,0,0,0,0,0,0,0,0,0,0,0,0,0,0,0,0,0,0,0,0,0,0,0,0,0,0,0,86,254,254,254,192,133,133,53,10,0,0,0,0,0,0,0,0,0,0,0,0,0,0,0,0,0,0,0,37,221,253,253,254,253,253,253,227,104,0,0,0,0,0,0,0,0,0,0,0,0,0,0,0,0,0,0,0,37,148,217,254,253,253,253,253,226,30,0,0,0,0,0,0,0,0,0,0,0,0,0,0,0,0,0,0,0,0,0,85,101,253,253,253,253,48,0,0,0,0,0,0,0,0,0,0,0,0,0,0,0,0,0,0,0,0,0,3,137,253,253,253,201,14,0,0,0,0,0,0,0,0,0,0,0,0,0,0,0,0,0,0,0,0,35,198,253,253,239,151,43,0,0,0,0,0,0,0,0,0,0,0,0,0,0,0,0,0,0,0,74,137,229,254,253,253,107,0,0,0,0,0,0,0,0,0,0,0,0,0,0,0,0,0,0,0,0,120,248,253,253,254,253,253,230,218,98,0,0,0,0,0,0,0,0,0,0,0,0,0,0,0,0,0,67,249,253,253,253,254,253,253,253,253,247,153,0,0,0,0,0,0,0,0,0,0,0,0,0,0,0,0,73,253,253,253,253,132,132,132,132,219,253,250,34,0,0,0,0,0,0,0,0,0,0,0,0,0,0,0,0,41,75,0,0,0,0,0,0,177,254,254,36,0,0,0,0,0,0,0,0,0,0,0,0,0,0,0,0,0,0,0,0,0,0,0,0,73,253,253,105,0,0,0,0,0,0,0,0,0,0,0,0,0,0,0,0,0,0,0,0,0,0,0,0,182,253,253,139,0,0,0,0,0,0,0,0,0,0,0,0,0,0,0,0,0,0,0,0,0,0,0,56,230,253,253,36,0,0,0,0,0,0,0,0,0,0,0,0,0,0,0,0,0,0,0,0,0,0,56,230,253,253,192,10,0,0,0,0,0,0,0,0,0,0,0,0,0,0,0,0,0,0,0,0,4,142,231,253,253,198,40,0,0,0,0,0,0,0,0,0,0,0,0,0,71,206,206,171,86,86,86,143,209,253,253,253,192,63,0,0,0,0,0,0,0,0,0,0,0,0,0,0,112,253,253,253,253,253,253,253,254,253,253,235,45,0,0,0,0,0,0,0,0,0,0,0,0,0,0,0,4,47,222,253,253,253,253,253,254,243,128,19,0,0,0,0,0,0,0,0,0,0,0,0,0,0,0,0,0,0,8,104,173,253,201,132,11,10,0,0,0,0,0,0,0,0,0,0,0,0,0,0,0,0,0,0,0,0,0,0,0,0,0,0,0,0,0,0,0,0,0,0,0,0,0,0,0,0,0,0,0,0,0,0,0,0,0,0,0,0,0,0,0,0,0,0,0,0,0,0,0,0,0,0,0,0,0,0,0,0,0,0,0,0,0,0,0,0,0,0,0,0,0,0,0,0,0,0,0,0,0,0,0,0,0,0,0,0,0,0,0,0,0,0,0,0,0,0,0,0,0,0,0,0,0,0,0,0,0,0,0,0,0
5,0,0,0,0,0,0,0,0,0,0,0,0,0,0,0,0,0,0,0,0,0,0,0,0,0,0,0,0,0,0,0,0,0,0,0,0,0,0,0,0,0,0,0,0,0,0,0,0,0,0,0,0,0,0,0,0,0,0,0,0,0,0,0,0,0,0,0,0,0,0,0,0,0,0,0,0,0,0,0,0,0,0,0,0,0,0,0,0,0,0,0,0,0,0,0,0,0,0,0,0,0,0,0,0,0,0,0,0,0,0,0,0,0,0,0,0,0,0,0,0,0,0,0,0,0,0,15,34,63,144,202,254,254,195,0,0,0,0,0,0,0,0,0,0,0,0,0,0,0,0,92,177,177,177,210,255,253,253,253,253,253,213,0,0,0,0,0,0,0,0,0,0,0,0,0,0,0,0,199,253,253,253,253,254,253,171,154,129,44,23,0,0,0,0,0,0,0,0,0,0,0,0,0,0,0,88,228,248,102,93,73,73,92,2,0,0,0,0,0,0,0,0,0,0,0,0,0,0,0,0,0,0,0,166,253,145,0,0,0,0,0,0,0,0,0,0,0,0,0,0,0,0,0,0,0,0,0,0,0,0,57,235,222,14,0,0,0,0,0,0,0,0,0,0,0,0,0,0,0,0,0,0,0,0,0,0,0,0,186,253,112,0,0,0,5,12,12,2,0,0,0,0,0,0,0,0,0,0,0,0,0,0,0,0,0,62,250,200,22,2,45,127,198,249,240,172,98,16,0,0,0,0,0,0,0,0,0,0,0,0,0,0,0,182,253,88,62,133,240,142,114,58,46,66,212,169,0,0,0,0,0,0,0,0,0,0,0,0,0,0,59,248,253,232,159,90,27,0,0,0,0,0,27,208,183,10,0,0,0,0,0,0,0,0,0,0,0,0,67,254,227,87,0,0,0,0,0,0,0,0,0,56,254,99,0,0,0,0,0,0,0,0,0,0,0,0,21,121,41,0,0,0,0,0,0,0,0,0,0,17,215,250,69,0,0,0,0,0,0,0,0,0,0,0,0,0,0,0,0,0,0,0,0,0,0,0,0,0,108,253,99,0,0,0,0,0,0,0,0,0,0,0,0,0,0,0,0,0,0,0,0,0,0,0,0,0,89,253,156,0,0,0,0,0,0,0,0,0,0,0,0,0,5,20,0,0,0,0,0,0,0,0,0,0,89,253,209,0,0,0,0,0,0,0,0,0,0,0,24,180,204,174,0,0,0,0,0,0,0,0,0,0,89,253,123,0,0,0,0,0,0,0,0,0,0,0,67,253,253,152,12,1,0,0,0,0,0,0,0,3,144,253,99,0,0,0,0,0,0,0,0,0,0,0,55,226,253,253,253,163,88,45,6,0,31,45,55,176,253,253,99,0,0,0,0,0,0,0,0,0,0,0,0,26,76,227,253,253,253,253,196,189,234,253,253,253,253,211,26,0,0,0,0,0,0,0,0,0,0,0,0,0,0,22,33,37,143,176,253,254,253,253,244,143,105,17,0,0,0,0,0,0,0,0,0,0,0,0,0,0,0,0,0,0,0,0,0,0,0,0,0,0,0,0,0,0,0,0,0,0,0,0,0,0,0,0,0,0,0,0,0,0,0,0,0,0,0,0,0,0,0,0,0,0,0,0,0,0,0,0,0,0,0,0,0,0,0,0,0,0,0,0,0,0,0,0,0,0,0,0,0,0,0,0,0,0,0,0,0,0,0,0,0,0,0,0,0,0,0,0,0,0,0,0,0,0,0,0,0,0,0,0,0,0
5,0,0,0,0,0,0,0,0,0,0,0,0,0,0,0,0,0,0,0,0,0,0,0,0,0,0,0,0,0,0,0,0,0,0,0,0,0,0,0,0,0,0,0,0,0,0,0,0,0,0,0,0,0,0,0,0,0,0,0,0,0,0,0,0,0,0,0,0,0,0,0,0,0,0,0,0,0,0,0,0,0,0,0,0,0,0,0,0,0,0,0,0,0,0,0,0,0,0,0,0,0,0,0,0,0,0,0,0,0,0,0,0,0,0,0,0,0,0,0,0,0,0,0,0,0,0,0,0,0,0,0,0,0,0,0,0,0,0,0,0,0,0,0,0,0,0,0,0,0,0,0,0,0,0,0,0,0,0,0,0,0,0,0,0,0,0,0,0,0,0,0,0,0,0,0,0,0,0,0,0,0,0,0,13,22,13,22,22,22,22,22,22,13,0,0,0,0,0,0,0,0,0,0,0,0,0,0,0,32,134,169,218,252,217,252,252,253,252,252,252,173,0,0,0,0,0,0,0,0,0,0,0,0,0,0,0,215,252,252,253,252,252,252,252,253,252,252,252,164,0,0,0,0,0,0,0,0,0,0,0,0,0,0,0,233,253,236,45,0,98,106,106,107,106,18,80,0,0,0,0,0,0,0,0,0,0,0,0,0,0,0,100,247,252,68,0,0,0,0,0,0,0,0,0,0,0,0,0,0,0,0,0,0,0,0,0,0,0,48,247,251,91,4,0,0,0,0,0,0,0,0,0,0,0,0,0,0,0,0,0,0,0,0,0,0,27,218,252,231,0,27,0,22,6,0,0,0,0,0,0,0,0,0,0,0,0,0,0,0,0,0,0,0,106,253,252,249,211,228,212,225,214,140,18,0,0,0,0,0,0,0,0,0,0,0,0,0,0,0,0,55,236,254,253,253,253,253,255,253,253,253,165,0,0,0,0,0,0,0,0,0,0,0,0,0,0,0,0,169,252,253,252,174,168,80,63,63,202,252,252,36,0,0,0,0,0,0,0,0,0,0,0,0,0,0,0,41,214,153,21,2,0,0,0,0,83,252,252,97,0,0,0,0,0,0,0,0,0,0,0,0,0,0,0,0,0,0,0,0,0,0,0,22,202,252,226,0,0,0,0,0,0,0,0,0,0,0,0,0,80,211,202,106,106,107,106,9,27,106,124,225,252,252,103,0,0,0,0,0,0,0,0,0,0,0,0,0,254,253,253,253,253,254,253,253,253,253,255,253,250,115,0,0,0,0,0,0,0,0,0,0,0,0,0,0,125,168,168,168,168,183,224,210,252,217,204,132,58,0,0,0,0,0,0,0,0,0,0,0,0,0,0,0,0,0,0,0,0,4,14,11,21,12,9,0,0,0,0,0,0,0,0,0,0,0,0,0,0,0,0,0,0,0,0,0,0,0,0,0,0,0,0,0,0,0,0,0,0,0,0,0,0,0,0,0,0,0,0,0,0,0,0,0,0,0,0,0,0,0,0,0,0,0,0,0,0,0,0,0,0,0,0,0,0,0,0,0,0,0,0,0,0,0,0,0,0,0,0,0,0,0,0,0,0,0,0,0,0,0,0,0,0,0,0,0,0,0,0,0,0,0,0,0,0,0,0,0,0,0,0,0,0,0,0,0,0,0,0,0,0,0,0,0,0,0,0,0,0,0,0,0,0,0,0,0,0,0,0,0,0,0,0,0,0,0,0,0,0,0,0,0,0,0,0,0,0,0,0,0,0,0,0,0,0,0,0,0,0,0,0,0,0,0,0
0,0,0,0,0,0,0,0,0,0,0,0,0,0,0,0,0,0,0,0,0,0,0,0,0,0,0,0,0,0,0,0,0,0,0,0,0,0,0,0,0,0,0,0,0,0,0,0,0,0,0,0,0,0,0,0,0,0,0,0,0,0,0,0,0,0,0,0,0,0,0,0,0,0,0,0,0,0,0,0,0,0,0,0,0,0,0,0,0,0,0,0,0,0,0,0,0,0,0,0,0,0,0,0,0,0,0,0,0,0,0,0,0,0,0,0,0,0,0,0,0,0,0,5,13,122,190,255,253,178,110,10,0,0,0,0,0,0,0,0,0,0,0,0,0,0,0,0,0,0,19,158,252,252,252,253,252,252,252,226,35,0,0,0,0,0,0,0,0,0,0,0,0,0,0,0,0,9,201,252,252,167,96,96,96,193,252,252,60,0,0,0,0,0,0,0,0,0,0,0,0,0,0,0,10,155,252,236,157,8,0,9,169,221,252,241,48,0,0,0,0,0,0,0,0,0,0,0,0,0,0,0,49,252,252,139,0,0,0,13,252,252,252,106,0,0,0,0,0,0,0,0,0,0,0,0,0,0,0,0,84,252,162,12,0,0,0,3,71,225,252,181,18,0,0,0,0,0,0,0,0,0,0,0,0,0,0,13,197,252,60,0,0,0,0,0,0,47,224,252,100,0,0,0,0,0,0,0,0,0,0,0,0,0,0,37,252,252,60,0,0,0,0,0,0,0,66,252,242,87,0,0,0,0,0,0,0,0,0,0,0,0,0,146,252,197,6,0,0,0,0,0,0,0,49,252,252,167,0,0,0,0,0,0,0,0,0,0,0,0,0,100,252,192,0,0,0,0,0,0,0,0,49,252,252,208,17,0,0,0,0,0,0,0,0,0,0,0,0,101,253,193,0,0,0,0,0,0,0,0,0,119,253,253,99,0,0,0,0,0,0,0,0,0,0,0,0,157,252,123,0,0,0,0,0,0,0,0,0,61,252,252,155,0,0,0,0,0,0,0,0,0,0,0,0,157,252,146,0,0,0,0,0,0,0,0,0,135,252,252,155,0,0,0,0,0,0,0,0,0,0,0,0,157,252,203,12,0,0,0,0,0,0,0,0,181,252,252,75,0,0,0,0,0,0,0,0,0,0,0,0,71,252,252,60,0,0,0,0,0,0,0,35,232,252,252,36,0,0,0,0,0,0,0,0,0,0,0,0,26,228,252,172,14,0,0,0,0,0,0,49,252,252,252,36,0,0,0,0,0,0,0,0,0,0,0,0,0,71,252,252,173,12,0,0,0,0,53,174,252,252,183,7,0,0,0,0,0,0,0,0,0,0,0,0,0,7,144,252,252,222,108,97,103,217,239,252,252,224,104,0,0,0,0,0,0,0,0,0,0,0,0,0,0,0,6,116,232,252,252,252,253,252,252,252,226,45,0,0,0,0,0,0,0,0,0,0,0,0,0,0,0,0,0,0,50,131,241,252,253,252,252,229,43,0,0,0,0,0,0,0,0,0,0,0,0,0,0,0,0,0,0,0,0,0,0,0,0,0,0,0,0,0,0,0,0,0,0,0,0,0,0,0,0,0,0,0,0,0,0,0,0,0,0,0,0,0,0,0,0,0,0,0,0,0,0,0,0,0,0,0,0,0,0,0,0,0,0,0,0,0,0,0,0,0,0,0,0,0,0,0,0,0,0,0,0,0,0,0,0,0,0,0,0,0,0,0,0,0,0,0,0,0,0,0,0,0,0,0,0,0,0,0,0,0
6,0,0,0,0,0,0,0,0,0,0,0,0,0,0,0,0,0,0,0,0,0,0,0,0,0,0,0,0,0,0,0,0,0,0,0,0,0,0,0,0,0,0,0,0,0,0,0,0,0,0,0,0,0,0,0,0,0,0,0,0,0,0,0,0,0,0,0,0,0,0,64,249,64,0,0,0,0,0,0,0,0,0,0,0,0,0,0,0,0,0,0,0,0,0,0,0,0,10,232,253,122,0,0,0,0,0,0,0,0,0,0,0,0,0,0,0,0,0,0,0,0,0,0,0,13,177,253,253,122,0,0,0,0,0,0,0,0,0,0,0,0,0,0,0,0,0,0,0,0,0,0,0,109,253,253,230,41,0,0,0,0,0,0,0,0,0,0,0,0,0,0,0,0,0,0,0,0,0,0,139,240,253,253,104,0,0,0,0,0,0,0,0,0,0,0,0,0,0,0,0,0,0,0,0,0,0,18,211,253,253,135,3,0,0,0,0,0,0,0,0,0,0,0,0,0,0,0,0,0,0,0,0,0,0,159,253,253,253,24,0,0,0,0,0,0,0,0,0,0,0,0,0,0,0,0,0,0,0,0,0,0,42,243,253,253,124,4,0,0,0,0,0,0,0,0,0,0,0,0,0,0,0,0,0,0,0,0,0,16,195,253,253,176,4,0,0,0,0,0,0,0,0,0,0,0,0,0,0,0,0,0,0,0,0,0,0,95,253,253,253,111,0,0,0,0,0,0,0,0,0,0,0,0,0,0,0,0,0,0,0,0,0,0,0,158,254,254,210,23,0,12,71,140,254,254,255,167,133,93,2,0,0,0,0,0,0,0,0,0,0,0,0,157,253,253,60,61,145,243,253,254,253,253,253,253,253,253,160,14,0,0,0,0,0,0,0,0,0,0,16,217,253,253,123,235,253,253,253,254,253,253,229,226,253,253,253,24,0,0,0,0,0,0,0,0,0,0,25,253,253,253,253,253,253,253,230,200,84,84,28,21,213,253,253,24,0,0,0,0,0,0,0,0,0,0,19,230,253,253,253,253,253,146,38,0,0,0,12,90,236,253,253,24,0,0,0,0,0,0,0,0,0,0,0,157,253,253,253,253,253,147,38,0,42,91,205,253,253,229,134,6,0,0,0,0,0,0,0,0,0,0,0,157,253,253,253,253,253,253,231,207,233,253,253,253,229,55,0,0,0,0,0,0,0,0,0,0,0,0,0,112,253,253,253,253,253,253,253,254,253,253,253,253,77,0,0,0,0,0,0,0,0,0,0,0,0,0,0,4,126,253,253,253,253,253,253,254,253,185,122,24,6,0,0,0,0,0,0,0,0,0,0,0,0,0,0,0,26,161,253,253,253,253,253,185,11,5,0,0,0,0,0,0,0,0,0,0,0,0,0,0,0,0,0,0,0,0,0,0,0,0,0,0,0,0,0,0,0,0,0,0,0,0,0,0,0,0,0,0,0,0,0,0,0,0,0,0,0,0,0,0,0,0,0,0,0,0,0,0,0,0,0,0,0,0,0,0,0,0,0,0,0,0,0,0,0,0,0,0,0,0,0,0,0,0,0,0,0,0,0,0,0,0,0,0,0,0,0,0,0,0,0,0,0,0,0,0,0,0,0,0,0,0,0,0,0,0,0,0,0,0,0,0,0,0,0,0,0,0,0,0,0,0,0,0,0,0,0,0,0,0,0,0,0,0,0,0,0,0,0,0,0,0,0,0,0,0,0,0,0,0,0,0,0,0,0,0,0,0,0,0,0,0,0
8,0,0,0,0,0,0,0,0,0,0,0,0,0,0,0,0,0,0,0,0,0,0,0,0,0,0,0,0,0,0,0,0,0,0,0,0,0,0,0,0,0,0,0,0,0,0,0,0,0,0,0,0,0,0,0,0,0,0,0,0,0,0,0,0,0,0,0,0,0,0,0,0,0,0,0,0,0,0,0,0,0,0,0,0,0,0,0,0,0,0,0,0,0,0,0,0,0,0,0,0,0,0,0,0,0,0,0,0,0,0,0,0,0,0,0,0,0,0,0,0,0,0,0,0,0,51,191,254,255,186,14,0,0,0,0,0,0,0,0,0,0,0,0,0,0,0,0,0,0,0,0,0,81,232,253,253,253,253,111,0,0,0,0,0,0,0,0,0,0,0,0,0,0,0,0,0,0,0,3,63,235,253,184,114,149,251,251,82,0,0,0,0,0,0,0,0,0,0,0,0,0,0,0,0,0,0,16,253,253,181,14,0,0,171,253,212,27,0,0,0,0,0,0,0,0,0,0,0,0,0,0,0,0,0,123,253,240,48,0,0,0,3,187,253,135,0,0,0,0,0,0,0,0,0,0,0,0,0,0,0,0,51,244,253,73,0,0,0,0,9,202,253,186,0,0,0,0,0,0,0,0,0,0,0,0,0,0,0,0,80,253,253,41,0,0,0,0,171,253,252,132,0,0,0,0,0,0,0,0,0,0,0,0,0,0,0,0,176,253,213,14,0,0,11,141,248,253,164,0,0,0,0,0,0,0,0,0,0,0,0,0,0,0,0,0,176,253,218,18,4,46,218,253,253,175,31,0,0,0,0,0,0,0,0,0,0,0,0,0,0,0,0,0,155,253,253,171,216,253,253,214,104,28,0,0,0,0,0,0,0,0,0,0,0,0,0,0,0,0,0,0,73,253,253,253,253,253,236,112,6,0,0,0,0,0,0,0,0,0,0,0,0,0,0,0,0,0,0,22,145,253,253,253,253,253,253,253,250,217,32,0,0,0,0,0,0,0,0,0,0,0,0,0,0,0,30,215,253,253,253,179,165,165,216,253,253,253,129,0,0,0,0,0,0,0,0,0,0,0,0,0,0,0,181,253,185,64,94,3,0,0,9,15,184,253,227,0,0,0,0,0,0,0,0,0,0,0,0,0,0,0,187,253,181,0,0,0,0,0,0,0,209,253,201,0,0,0,0,0,0,0,0,0,0,0,0,0,0,0,187,253,181,0,0,0,0,0,4,135,252,253,121,0,0,0,0,0,0,0,0,0,0,0,0,0,0,0,187,253,200,9,0,0,0,0,98,253,253,205,19,0,0,0,0,0,0,0,0,0,0,0,0,0,0,0,61,240,253,216,89,11,75,155,253,253,231,40,0,0,0,0,0,0,0,0,0,0,0,0,0,0,0,0,0,101,213,253,253,253,253,253,244,160,6,0,0,0,0,0,0,0,0,0,0,0,0,0,0,0,0,0,0,0,14,53,149,237,253,170,40,0,0,0,0,0,0,0,0,0,0,0,0,0,0,0,0,0,0,0,0,0,0,0,0,0,0,0,0,0,0,0,0,0,0,0,0,0,0,0,0,0,0,0,0,0,0,0,0,0,0,0,0,0,0,0,0,0,0,0,0,0,0,0,0,0,0,0,0,0,0,0,0,0,0,0,0,0,0,0,0,0,0,0,0,0,0,0,0,0,0,0,0,0,0,0,0,0,0,0,0,0,0,0,0,0,0,0,0,0,0,0,0,0,0,0,0,0,0,0,0,0,0,0,0
5,0,0,0,0,0,0,0,0,0,0,0,0,0,0,0,0,0,0,0,0,0,0,0,0,0,0,0,0,0,0,0,0,0,0,0,0,0,0,0,0,0,0,0,0,0,0,0,0,0,0,0,0,0,0,0,0,0,0,0,0,0,0,0,0,0,0,0,0,0,0,0,0,0,0,0,0,0,0,0,0,0,0,0,0,0,0,0,0,0,0,0,0,0,0,0,0,0,0,0,0,0,0,0,0,0,0,0,0,0,0,0,0,0,0,0,0,0,0,0,0,0,0,0,0,0,0,0,0,0,0,0,0,0,0,0,0,0,0,0,0,0,0,0,0,0,0,0,0,0,0,0,0,0,0,0,0,0,0,0,0,0,0,0,0,0,0,0,0,0,0,0,0,0,0,0,0,0,0,0,0,0,0,0,0,0,0,0,0,0,0,0,0,0,0,0,0,0,0,0,0,0,0,0,0,0,0,0,0,0,0,0,0,0,0,0,0,12,25,97,128,189,120,0,0,0,0,0,0,0,0,0,0,0,0,0,0,0,20,33,60,116,147,197,170,224,254,254,203,216,79,0,0,0,0,0,0,0,0,0,0,0,0,74,165,205,233,254,254,254,254,236,175,130,130,59,5,0,0,0,0,0,0,0,0,0,0,0,0,0,39,188,244,204,204,204,151,123,118,24,0,0,0,0,0,0,0,0,0,0,0,0,0,0,0,0,0,43,183,244,174,11,0,0,0,0,0,0,0,0,0,0,0,0,0,0,0,0,0,0,0,0,0,0,26,206,254,157,14,0,0,0,0,0,0,0,0,0,0,0,0,0,0,0,0,0,0,0,0,0,0,3,143,254,254,241,195,156,156,156,56,0,0,0,0,0,0,0,0,0,0,0,0,0,0,0,0,0,0,1,66,125,171,171,171,171,145,171,167,220,214,191,117,0,0,0,0,0,0,0,0,0,0,0,0,0,0,0,0,0,0,0,0,0,0,0,0,0,60,159,216,85,0,0,0,0,0,0,0,0,0,0,0,0,0,0,0,0,0,0,0,0,0,0,0,0,17,212,237,32,0,0,0,0,0,0,0,0,0,0,0,0,0,0,0,0,0,0,0,0,0,0,0,20,211,251,152,0,0,0,0,0,0,0,0,0,0,0,0,0,0,0,0,0,0,0,0,0,0,0,22,210,254,189,19,0,0,0,0,0,0,0,0,0,0,0,0,0,0,71,63,0,0,0,0,10,42,142,237,255,219,34,0,0,0,0,0,0,0,0,0,0,0,0,0,0,0,169,193,131,131,131,147,223,254,254,254,189,12,0,0,0,0,0,0,0,0,0,0,0,0,0,0,0,0,124,218,254,254,254,254,254,220,196,64,11,0,0,0,0,0,0,0,0,0,0,0,0,0,0,0,0,0,0,10,59,107,93,24,24,10,0,0,0,0,0,0,0,0,0,0,0,0,0,0,0,0,0,0,0,0,0,0,0,0,0,0,0,0,0,0,0,0,0,0,0,0,0,0,0,0,0,0,0,0,0,0,0,0,0,0,0,0,0,0,0,0,0,0,0,0,0,0,0,0,0,0,0,0,0,0,0,0,0,0,0,0,0,0,0,0,0,0,0,0,0,0,0,0,0,0,0,0,0,0,0,0,0,0,0,0,0,0,0,0,0,0,0,0,0,0,0,0,0,0,0,0,0,0,0,0,0,0,0,0,0,0,0,0,0,0,0,0,0,0,0,0,0,0,0,0,0,0,0,0,0,0,0,0,0,0,0,0,0,0
6,0,0,0,0,0,0,0,0,0,0,0,0,0,0,0,0,0,0,0,0,0,0,0,0,0,0,0,0,0,0,0,0,0,0,0,0,0,0,0,0,0,0,0,0,0,0,0,0,0,0,0,0,0,0,0,0,0,0,0,0,0,0,0,0,45,121,226,253,142,0,0,0,0,0,0,0,0,0,0,0,0,0,0,0,0,0,0,0,0,0,0,0,54,145,145,224,229,39,0,0,0,0,0,0,0,0,0,0,0,0,0,0,0,0,0,0,0,0,0,0,0,0,0,186,252,93,0,0,0,0,0,0,0,0,0,0,0,0,0,0,0,0,0,0,0,0,0,0,0,0,22,207,239,63,0,0,0,0,0,0,0,0,0,0,0,0,0,0,0,0,0,0,0,0,0,0,0,0,103,252,212,0,0,0,0,0,0,0,0,0,0,0,0,0,0,0,0,0,0,0,0,0,0,0,0,17,211,252,212,0,0,0,0,0,0,0,0,0,0,0,0,0,0,0,0,0,0,0,0,0,0,0,0,102,252,252,212,0,0,0,0,0,0,0,0,0,0,0,0,0,0,0,0,0,0,0,0,0,0,0,0,213,252,252,128,0,0,0,0,0,0,0,0,0,0,0,0,0,0,0,0,0,0,0,0,0,0,0,0,213,252,249,75,0,0,0,0,0,0,8,0,0,0,0,0,0,0,0,0,0,0,0,0,0,0,0,50,234,252,198,0,0,0,0,0,128,133,196,133,106,0,0,0,0,0,0,0,0,0,0,0,0,0,0,228,253,253,136,0,0,70,121,255,253,253,253,253,253,142,0,0,0,0,0,0,0,0,0,0,0,0,0,226,252,252,66,17,191,247,252,253,252,252,161,173,252,250,144,0,0,0,0,0,0,0,0,0,0,0,0,226,252,252,86,189,252,252,252,159,32,26,4,7,54,223,235,40,0,0,0,0,0,0,0,0,0,0,91,248,252,252,231,252,252,198,39,0,0,0,0,0,17,198,252,106,0,0,0,0,0,0,0,0,0,0,107,252,252,252,252,252,245,78,0,0,0,0,0,53,176,252,231,22,0,0,0,0,0,0,0,0,0,0,85,246,252,252,252,252,245,79,0,0,51,54,166,238,252,252,197,0,0,0,0,0,0,0,0,0,0,0,0,226,252,252,252,252,252,128,111,174,248,252,252,252,222,121,29,0,0,0,0,0,0,0,0,0,0,0,0,83,227,252,252,252,252,252,252,253,252,252,229,120,24,0,0,0,0,0,0,0,0,0,0,0,0,0,0,0,131,242,252,252,252,252,252,253,239,119,17,0,0,0,0,0,0,0,0,0,0,0,0,0,0,0,0,0,0,32,119,140,181,174,119,120,6,0,0,0,0,0,0,0,0,0,0,0,0,0,0,0,0,0,0,0,0,0,0,0,0,0,0,0,0,0,0,0,0,0,0,0,0,0,0,0,0,0,0,0,0,0,0,0,0,0,0,0,0,0,0,0,0,0,0,0,0,0,0,0,0,0,0,0,0,0,0,0,0,0,0,0,0,0,0,0,0,0,0,0,0,0,0,0,0,0,0,0,0,0,0,0,0,0,0,0,0,0,0,0,0,0,0,0,0,0,0,0,0,0,0,0,0,0,0,0,0,0,0,0,0,0,0,0,0,0,0,0,0,0,0,0,0,0,0,0,0,0,0,0,0,0,0,0,0,0,0,0,0,0,0,0,0,0,0,0,0,0,0,0,0,0,0,0,0,0,0,0,0,0,0,0,0,0,0
6,0,0,0,0,0,0,0,0,0,0,0,0,0,0,0,0,0,0,0,0,0,0,0,0,0,0,0,0,0,0,0,0,0,0,0,0,0,0,0,0,0,0,0,0,0,0,0,0,0,0,0,0,0,0,0,0,0,0,0,0,0,0,0,0,0,0,0,0,0,0,0,0,0,0,0,0,0,0,0,0,0,0,0,0,0,0,0,0,0,0,0,0,0,0,0,0,0,0,0,141,255,86,0,0,0,0,0,0,0,0,0,0,0,0,0,0,0,0,0,0,0,0,0,0,0,0,226,255,255,255,0,0,0,0,0,0,0,0,0,0,0,0,0,0,0,0,0,0,0,0,0,0,0,57,255,255,170,255,0,0,0,0,0,0,0,0,0,0,0,0,0,0,0,0,0,0,0,0,0,0,0,198,255,170,0,0,0,0,0,0,0,0,0,0,0,0,0,0,0,0,0,0,0,0,0,0,0,0,0,255,255,0,0,0,0,0,0,0,0,0,0,0,0,0,0,0,0,0,0,0,0,0,0,0,0,0,141,255,198,0,0,0,0,0,0,0,0,0,0,0,0,0,0,0,0,0,0,0,0,0,0,0,0,0,255,255,86,0,0,0,0,0,0,0,0,0,0,0,0,0,0,0,0,0,0,0,0,0,0,0,0,0,255,255,0,114,170,29,0,0,0,0,0,0,0,0,0,0,0,0,0,0,0,0,0,0,0,0,0,114,255,255,255,255,255,255,29,0,0,0,0,0,0,0,0,0,0,0,0,0,0,0,0,0,0,0,0,255,255,255,255,255,226,255,226,0,0,0,0,0,0,0,0,0,0,0,0,0,0,0,0,0,0,0,0,255,255,255,170,0,0,226,255,57,0,0,0,0,0,0,0,0,0,0,0,0,0,0,0,0,0,0,0,255,255,86,0,0,0,114,255,170,0,0,0,0,0,0,0,0,0,0,0,0,0,0,0,0,0,0,86,255,141,0,0,0,0,0,255,255,0,0,0,0,0,0,0,0,0,0,0,0,0,0,0,0,0,0,226,255,29,0,0,0,0,0,255,255,0,0,0,0,0,0,0,0,0,0,0,0,0,0,0,0,0,0,255,255,0,0,0,0,0,57,255,255,0,0,0,0,0,0,0,0,0,0,0,0,0,0,0,0,0,0,255,255,0,0,0,0,0,198,255,141,0,0,0,0,0,0,0,0,0,0,0,0,0,0,0,0,0,0,255,255,0,0,0,0,170,255,226,0,0,0,0,0,0,0,0,0,0,0,0,0,0,0,0,0,0,0,226,255,114,57,86,198,255,255,57,0,0,0,0,0,0,0,0,0,0,0,0,0,0,0,0,0,0,0,0,255,255,255,255,255,255,86,0,0,0,0,0,0,0,0,0,0,0,0,0,0,0,0,0,0,0,0,0,29,170,170,226,170,57,0,0,0,0,0,0,0,0,0,0,0,0,0,0,0,0,0,0,0,0,0,0,0,0,0,0,0,0,0,0,0,0,0,0,0,0,0,0,0,0,0,0,0,0,0,0,0,0,0,0,0,0,0,0,0,0,0,0,0,0,0,0,0,0,0,0,0,0,0,0,0,0,0,0,0,0,0,0,0,0,0,0,0,0,0,0,0,0,0,0,0,0,0,0,0,0,0,0,0,0,0,0,0,0,0,0,0,0,0,0,0,0,0,0,0,0,0,0,0,0,0,0,0,0,0,0,0,0,0,0,0,0,0,0,0,0,0,0,0,0,0,0,0,0,0,0,0,0,0,0,0
5,0,0,0,0,0,0,0,0,0,0,0,0,0,0,0,0,0,0,0,0,0,0,0,0,0,0,0,0,0,0,0,0,0,0,0,0,0,0,0,0,0,0,0,0,0,0,0,0,0,0,0,0,0,0,0,0,0,0,0,0,0,0,0,0,0,0,0,0,0,0,0,0,0,0,0,0,0,0,0,0,0,0,0,0,0,0,0,0,0,0,0,0,0,0,0,0,0,0,0,0,0,0,0,0,0,0,0,0,0,0,0,0,0,0,0,0,0,0,0,0,0,0,0,0,0,0,0,0,0,0,0,0,0,34,138,170,253,96,0,0,0,0,0,0,0,0,0,0,0,0,0,0,0,0,0,0,0,0,0,60,161,253,252,252,252,157,0,0,0,0,0,0,0,0,0,0,0,0,0,0,0,0,0,0,0,0,134,209,252,253,252,252,195,16,0,0,0,0,0,0,0,0,0,0,0,0,0,0,0,0,0,43,104,207,240,252,252,253,193,77,9,0,0,0,0,0,0,0,0,0,0,0,0,0,0,0,0,0,95,230,253,252,252,252,252,128,8,0,0,0,0,0,0,0,0,0,0,0,0,0,0,0,0,0,36,222,253,253,255,253,247,188,11,0,0,0,0,0,0,0,0,0,0,0,0,0,0,0,0,0,0,110,219,252,252,231,207,185,119,0,0,0,0,0,0,0,0,0,0,0,0,0,0,0,0,0,0,0,116,253,252,252,195,48,0,0,0,0,0,0,0,0,0,0,0,0,0,0,0,0,0,0,0,0,0,34,238,253,252,227,29,0,0,0,0,0,0,0,0,0,0,0,0,0,0,0,0,0,0,0,0,0,0,51,242,253,252,215,21,0,0,0,0,0,0,0,0,0,0,0,0,0,0,0,0,0,0,0,0,0,0,0,0,244,253,253,211,86,0,0,0,0,0,0,0,0,0,0,0,0,0,0,0,0,0,0,0,0,0,0,0,50,173,252,252,252,74,0,0,0,0,0,0,0,0,0,0,0,0,0,0,0,0,0,0,0,0,0,0,0,13,171,252,252,199,0,0,0,0,0,0,0,0,0,0,0,0,0,0,0,0,0,0,0,0,0,0,0,0,13,215,252,230,0,0,0,0,0,0,0,0,0,0,0,0,0,0,0,0,0,11,189,199,116,11,0,0,0,207,252,241,42,0,0,0,0,0,0,0,0,0,0,0,0,0,0,0,0,255,253,253,253,253,191,118,55,233,253,231,0,0,0,0,0,0,0,0,0,0,0,0,0,0,0,0,0,253,252,252,252,252,253,252,252,252,252,157,0,0,0,0,0,0,0,0,0,0,0,0,0,0,0,0,0,253,252,252,252,252,253,252,252,252,252,63,0,0,0,0,0,0,0,0,0,0,0,0,0,0,0,0,0,56,219,252,252,252,253,252,252,252,116,21,0,0,0,0,0,0,0,0,0,0,0,0,0,0,0,0,0,0,15,75,117,137,75,22,22,22,2,0,0,0,0,0,0,0,0,0,0,0,0,0,0,0,0,0,0,0,0,0,0,0,0,0,0,0,0,0,0,0,0,0,0,0,0,0,0,0,0,0,0,0,0,0,0,0,0,0,0,0,0,0,0,0,0,0,0,0,0,0,0,0,0,0,0,0,0,0,0,0,0,0,0,0,0,0,0,0,0,0,0,0,0,0,0,0,0,0,0,0,0,0,0,0,0,0,0,0,0,0,0,0,0,0,0,0,0,0,0,0,0,0,0,0,0,0,0,0,0,0,0,0,0
5,0,0,0,0,0,0,0,0,0,0,0,0,0,0,0,0,0,0,0,0,0,0,0,0,0,0,0,0,0,0,0,0,0,0,0,0,0,0,0,0,0,0,0,0,0,0,0,0,0,0,0,0,0,0,0,0,0,0,0,0,0,0,0,0,0,0,0,0,0,0,0,0,0,0,0,0,0,0,0,0,0,0,0,0,0,0,0,0,0,0,0,0,0,0,0,0,0,0,0,0,0,0,0,0,0,0,0,0,0,0,0,0,0,0,0,0,0,0,0,0,0,0,0,0,0,0,0,0,0,0,0,0,0,0,0,0,0,0,0,0,0,0,0,0,0,0,0,0,0,0,0,29,219,255,254,254,178,47,47,47,43,0,0,0,0,0,0,0,0,0,0,0,0,0,0,0,0,0,0,120,253,253,253,253,253,253,253,253,249,197,193,94,136,0,0,0,0,0,0,0,0,0,0,0,0,0,0,120,253,193,114,196,174,217,217,217,217,217,217,232,232,0,0,0,0,0,0,0,0,0,0,0,0,0,0,196,233,55,0,0,0,0,0,0,0,0,0,28,28,0,0,0,0,0,0,0,0,0,0,0,0,0,0,223,180,0,0,0,0,0,0,0,0,0,0,0,0,0,0,0,0,0,0,0,0,0,0,0,0,0,51,244,88,0,0,0,0,0,0,0,0,0,0,0,0,0,0,0,0,0,0,0,0,0,0,0,0,68,200,246,47,0,0,0,0,0,0,0,0,0,0,0,0,0,0,0,0,0,0,0,0,0,0,0,81,247,253,144,0,0,0,0,0,0,0,0,0,0,0,0,0,0,0,0,0,0,0,0,0,0,0,61,216,253,222,18,0,0,0,0,0,0,0,0,0,0,0,0,0,0,0,0,0,0,0,0,0,0,0,204,253,253,181,25,18,0,0,0,0,0,0,0,0,0,0,0,0,0,0,0,0,0,0,0,0,0,116,252,253,253,239,226,220,116,79,0,0,0,0,0,0,0,0,0,0,0,0,0,0,0,0,0,0,0,197,253,240,74,109,199,239,253,253,249,130,42,3,0,0,0,0,0,0,0,0,0,0,0,0,0,0,0,128,165,69,0,0,0,41,107,165,236,253,253,129,0,0,0,0,0,0,0,0,0,0,0,0,0,0,0,0,0,0,0,0,0,0,0,0,12,134,233,252,207,27,0,0,0,0,0,0,0,0,0,0,0,0,0,0,0,0,0,0,0,0,0,0,0,0,26,168,253,129,0,0,0,0,0,0,0,0,0,0,0,0,0,0,0,0,0,0,0,0,0,0,0,0,8,187,253,121,0,0,0,0,0,0,0,0,0,0,0,0,0,0,0,0,0,0,0,0,0,0,0,67,175,253,201,9,0,0,0,0,0,0,0,0,0,0,0,0,0,0,2,3,0,0,0,0,9,11,94,251,253,188,54,0,0,0,0,0,0,0,0,0,0,0,0,0,161,161,174,185,161,161,161,161,239,253,253,244,160,6,0,0,0,0,0,0,0,0,0,0,0,0,0,0,169,253,253,219,192,149,241,253,251,149,67,39,0,0,0,0,0,0,0,0,0,0,0,0,0,0,0,0,0,0,0,0,0,0,0,0,0,0,0,0,0,0,0,0,0,0,0,0,0,0,0,0,0,0,0,0,0,0,0,0,0,0,0,0,0,0,0,0,0,0,0,0,0,0,0,0,0,0,0,0,0,0,0,0,0,0,0,0,0,0,0,0,0,0,0,0,0,0,0,0,0,0,0,0,0,0,0
7,0,0,0,0,0,0,0,0,0,0,0,0,0,0,0,0,0,0,0,0,0,0,0,0,0,0,0,0,0,0,0,0,0,0,0,0,0,0,0,0,0,0,0,0,0,0,0,0,0,0,0,0,0,0,0,0,0,0,0,0,0,0,0,0,0,0,0,0,0,0,0,0,0,0,0,0,0,0,0,0,0,0,0,0,0,0,0,0,0,0,0,0,0,0,0,0,0,0,0,0,0,0,0,0,0,0,0,0,0,0,0,0,0,0,0,0,0,0,0,0,0,0,0,0,0,0,0,0,0,0,0,0,0,0,0,0,0,0,0,0,0,0,0,0,0,0,0,0,0,0,0,0,0,0,0,0,0,0,0,0,0,0,0,0,0,0,0,0,0,0,0,0,0,0,0,0,0,0,0,0,0,0,0,0,0,0,0,0,0,0,0,0,0,0,0,0,0,0,0,0,0,0,0,0,9,0,9,18,18,18,54,136,191,141,255,254,134,0,0,0,0,0,0,0,0,0,0,0,0,0,0,60,200,154,203,253,253,253,253,253,253,253,253,253,188,0,0,0,0,0,0,0,0,0,0,0,0,0,0,95,244,231,200,200,200,200,164,82,82,90,253,253,109,0,0,0,0,0,0,0,0,0,0,0,0,0,0,0,53,38,0,0,0,0,0,0,0,133,253,218,18,0,0,0,0,0,0,0,0,0,0,0,0,0,0,0,0,0,0,0,0,0,0,0,93,252,253,110,0,0,0,0,0,0,0,0,0,0,0,0,0,0,0,0,0,0,0,0,0,0,0,0,162,253,241,51,0,0,0,0,0,0,0,0,0,0,0,0,0,0,0,0,0,0,0,0,0,0,0,50,242,253,109,0,0,0,0,0,0,0,0,0,0,0,0,0,0,0,0,0,0,0,0,0,0,0,0,213,253,241,0,0,0,0,0,0,0,0,0,0,0,0,0,0,0,0,0,0,0,0,0,0,0,0,13,220,253,167,0,0,0,0,0,0,0,0,0,0,0,0,0,0,0,0,0,0,0,0,0,0,0,0,105,253,253,41,0,0,0,0,0,0,0,0,0,0,0,0,0,0,0,0,0,0,0,0,0,0,0,19,213,253,166,2,0,0,0,0,0,0,0,0,0,0,0,0,0,0,0,0,0,0,0,0,0,0,0,104,253,253,97,0,0,0,0,0,0,0,0,0,0,0,0,0,0,0,0,0,0,0,0,0,0,0,19,211,253,167,3,0,0,0,0,0,0,0,0,0,0,0,0,0,0,0,0,0,0,0,0,0,0,0,157,253,253,43,0,0,0,0,0,0,0,0,0,0,0,0,0,0,0,0,0,0,0,0,0,0,0,3,171,253,208,17,0,0,0,0,0,0,0,0,0,0,0,0,0,0,0,0,0,0,0,0,0,0,0,46,253,253,154,0,0,0,0,0,0,0,0,0,0,0,0,0,0,0,0,0,0,0,0,0,0,0,2,170,253,210,17,0,0,0,0,0,0,0,0,0,0,0,0,0,0,0,0,0,0,0,0,0,0,0,101,253,253,101,0,0,0,0,0,0,0,0,0,0,0,0,0,0,0,0,0,0,0,0,0,0,0,0,227,253,170,11,0,0,0,0,0,0,0,0,0,0,0,0,0,0,0,0,0,0,0,0,0,0,0,0,243,242,50,0,0,0,0,0,0,0,0,0,0,0,0,0,0,0,0,0,0,0,0,0,0,0,0,0,0,0,0,0,0,0,0,0,0,0,0,0,0,0,0,0,0,0
6,0,0,0,0,0,0,0,0,0,0,0,0,0,0,0,0,0,0,0,0,0,0,0,0,0,0,0,0,0,0,0,0,0,0,0,0,0,0,0,0,0,0,0,0,0,0,0,0,0,0,0,0,0,0,0,0,0,0,0,0,0,0,0,0,0,0,0,0,0,0,0,0,0,0,0,0,0,0,0,0,0,0,0,0,0,0,0,0,0,0,0,0,0,0,0,0,0,0,15,144,173,58,0,0,0,0,0,0,0,0,0,0,0,0,0,0,0,0,0,0,0,0,0,0,0,0,139,254,253,126,0,0,0,0,0,0,0,0,0,0,0,0,0,0,0,0,0,0,0,0,0,0,0,65,248,254,227,27,0,0,0,0,0,0,0,0,0,0,0,0,0,0,0,0,0,0,0,0,0,0,0,135,253,254,129,0,0,0,0,0,0,0,0,0,0,0,0,0,0,0,0,0,0,0,0,0,0,0,54,231,253,254,77,0,0,0,0,0,0,0,0,0,0,0,0,0,0,0,0,0,0,0,0,0,0,4,189,253,253,243,50,0,0,0,0,0,0,0,0,0,0,0,0,0,0,0,0,0,0,0,0,0,0,65,253,253,253,67,0,0,0,0,0,0,0,0,0,0,0,0,0,0,0,0,0,0,0,0,0,0,0,189,253,253,186,0,0,0,0,0,0,0,0,0,0,0,0,0,0,0,0,0,0,0,0,0,0,0,66,248,253,253,61,0,0,0,0,0,0,0,0,0,0,0,0,0,0,0,0,0,0,0,0,0,0,0,185,253,253,186,5,0,0,0,0,0,0,0,0,0,0,0,0,0,0,0,0,0,0,0,0,0,0,56,254,254,254,138,34,34,34,21,0,0,0,0,0,0,0,0,0,0,0,0,0,0,0,0,0,0,0,132,253,253,193,179,253,255,253,223,114,0,0,0,0,0,0,0,0,0,0,0,0,0,0,0,0,0,9,200,253,253,99,14,140,254,253,253,250,73,0,0,0,0,0,0,0,0,0,0,0,0,0,0,0,0,23,253,253,252,91,0,0,11,88,221,253,223,29,0,0,0,0,0,0,0,0,0,0,0,0,0,0,0,18,234,253,245,22,0,0,0,0,78,251,253,79,0,0,0,0,0,0,0,0,0,0,0,0,0,0,0,0,166,253,253,99,0,0,0,0,0,156,253,127,0,0,0,0,0,0,0,0,0,0,0,0,0,0,0,0,114,253,253,104,0,0,0,0,0,186,253,55,0,0,0,0,0,0,0,0,0,0,0,0,0,0,0,0,46,244,253,236,73,6,0,0,128,250,200,22,0,0,0,0,0,0,0,0,0,0,0,0,0,0,0,0,0,138,247,253,253,196,189,188,242,169,23,0,0,0,0,0,0,0,0,0,0,0,0,0,0,0,0,0,0,0,88,253,253,253,254,253,161,6,0,0,0,0,0,0,0,0,0,0,0,0,0,0,0,0,0,0,0,0,0,0,0,0,0,0,0,0,0,0,0,0,0,0,0,0,0,0,0,0,0,0,0,0,0,0,0,0,0,0,0,0,0,0,0,0,0,0,0,0,0,0,0,0,0,0,0,0,0,0,0,0,0,0,0,0,0,0,0,0,0,0,0,0,0,0,0,0,0,0,0,0,0,0,0,0,0,0,0,0,0,0,0,0,0,0,0,0,0,0,0,0,0,0,0,0,0,0,0,0,0,0,0,0,0,0,0,0,0,0,0,0,0,0,0,0,0,0,0,0,0,0,0,0,0,0,0,0,0
3,0,0,0,0,0,0,0,0,0,0,0,0,0,0,0,0,0,0,0,0,0,0,0,0,0,0,0,0,0,0,0,0,0,0,0,0,0,0,0,0,0,0,0,0,0,0,0,0,0,0,0,0,0,0,0,0,0,0,0,0,0,0,0,0,0,0,0,0,0,0,0,0,0,0,0,0,0,0,0,0,0,0,0,0,0,0,0,0,0,0,0,0,0,0,0,0,0,0,0,0,0,0,0,0,0,0,0,0,0,0,0,0,0,0,0,0,0,0,0,0,0,0,0,0,0,0,0,0,0,0,0,0,0,0,0,0,0,0,0,0,0,0,0,0,0,0,0,0,0,12,119,179,246,174,174,82,5,0,0,0,0,0,0,0,0,0,0,0,0,0,0,0,0,0,0,0,79,249,254,254,254,254,254,254,188,43,0,0,0,0,0,0,0,0,0,0,0,0,0,0,0,0,0,0,142,254,254,204,66,137,121,195,254,232,34,0,0,0,0,0,0,0,0,0,0,0,0,0,0,0,0,0,25,167,253,224,0,0,0,46,190,254,139,0,0,0,0,0,0,0,0,0,0,0,0,0,0,0,0,0,0,0,31,30,0,0,0,0,78,254,153,0,0,0,0,0,0,0,0,0,0,0,0,0,0,0,0,0,0,0,0,0,0,0,0,0,101,254,153,0,0,0,0,0,0,0,0,0,0,0,0,0,0,0,0,0,0,0,0,0,0,0,1,72,247,253,100,0,0,0,0,0,0,0,0,0,0,0,0,0,0,0,0,0,0,0,0,2,17,68,194,254,254,129,0,0,0,0,0,0,0,0,0,0,0,0,0,0,0,0,0,0,77,29,160,194,254,254,254,208,95,1,0,0,0,0,0,0,0,0,0,0,0,0,0,0,0,0,0,0,91,208,214,229,254,255,254,162,34,0,0,0,0,0,0,0,0,0,0,0,0,0,0,0,0,0,0,0,0,0,0,16,40,79,163,249,242,184,32,0,0,0,0,0,0,0,0,0,0,0,0,0,0,0,0,0,0,0,0,0,0,0,0,46,133,254,211,56,0,0,0,0,0,0,0,0,0,0,0,0,0,0,0,0,0,0,0,0,0,0,0,0,0,101,254,211,55,0,0,0,0,0,0,0,0,0,0,0,0,0,0,0,0,0,0,0,0,0,0,0,0,1,75,253,199,13,0,0,0,0,0,0,0,0,0,0,0,0,0,0,0,0,0,0,0,0,0,0,0,0,0,194,254,36,0,0,0,0,0,0,0,0,0,0,0,0,0,21,0,0,0,0,0,0,0,0,0,0,0,194,254,36,0,0,0,0,0,0,0,0,0,0,0,0,19,223,40,0,0,0,0,0,0,0,0,0,11,224,254,36,0,0,0,0,0,0,0,0,0,0,0,0,17,213,235,144,41,0,0,0,0,0,0,20,150,254,212,17,0,0,0,0,0,0,0,0,0,0,0,0,0,13,115,227,244,65,8,82,150,150,174,239,254,213,54,0,0,0,0,0,0,0,0,0,0,0,0,0,0,0,0,7,13,92,118,212,254,254,254,226,134,7,0,0,0,0,0,0,0,0,0,0,0,0,0,0,0,0,0,0,0,0,0,0,0,0,0,0,0,0,0,0,0,0,0,0,0,0,0,0,0,0,0,0,0,0,0,0,0,0,0,0,0,0,0,0,0,0,0,0,0,0,0,0,0,0,0,0,0,0,0,0,0,0,0,0,0,0,0,0,0,0,0,0,0,0,0,0,0,0,0,0,0,0
3,0,0,0,0,0,0,0,0,0,0,0,0,0,0,0,0,0,0,0,0,0,0,0,0,0,0,0,0,0,0,0,0,0,0,0,0,0,0,0,0,0,0,0,0,0,0,0,0,0,0,0,0,0,0,0,0,0,0,0,0,0,0,0,0,0,0,0,0,0,0,0,0,0,0,0,0,0,0,0,0,0,0,0,0,0,0,0,0,0,0,0,0,0,0,0,0,0,0,0,0,0,0,0,0,0,0,0,0,0,0,0,0,0,0,0,0,0,0,0,0,90,179,197,180,92,20,0,0,0,0,0,0,0,0,0,0,0,0,0,0,0,0,0,0,0,0,0,0,128,254,83,76,190,242,151,29,0,0,0,0,0,0,0,0,0,0,0,0,0,0,0,0,0,0,0,0,1,112,29,0,4,42,176,242,168,28,0,0,0,0,0,0,0,0,0,0,0,0,0,0,0,0,0,0,0,0,0,0,0,0,0,46,199,222,24,0,0,0,0,0,0,0,0,0,0,0,0,0,0,0,0,0,0,0,0,0,0,0,0,0,13,249,57,0,0,0,0,0,0,0,0,0,0,0,0,0,0,0,0,0,0,0,0,0,0,0,0,0,94,243,38,0,0,0,0,0,0,0,0,0,0,0,0,0,0,0,0,0,0,0,0,0,0,0,3,106,236,93,0,0,0,0,0,0,0,0,0,0,0,0,0,0,0,0,0,0,0,0,0,0,0,34,186,226,96,0,0,0,0,0,0,0,0,0,0,0,0,0,0,0,0,0,0,0,0,0,0,64,198,245,138,8,0,0,0,0,0,0,0,0,0,0,0,0,0,0,0,0,0,0,0,0,0,0,0,183,254,219,65,10,0,0,0,0,0,0,0,0,0,0,0,0,0,0,0,0,0,0,0,0,0,0,0,2,49,133,213,191,98,22,0,0,0,0,0,0,0,0,0,0,0,0,0,0,0,0,0,0,0,0,0,0,0,0,4,69,196,241,131,11,0,0,0,0,0,0,0,0,0,0,0,0,0,0,0,0,0,0,0,0,0,0,0,0,0,88,228,135,1,0,0,0,0,0,0,0,0,0,0,0,0,0,0,0,0,0,0,0,0,0,0,0,0,0,40,238,47,0,0,0,0,0,0,0,0,0,0,0,0,0,0,0,0,0,0,0,0,0,0,0,0,0,0,225,80,0,0,0,0,0,0,0,0,0,0,0,0,0,0,0,0,0,0,0,0,0,0,0,0,0,73,239,43,0,0,0,0,0,0,0,0,0,0,0,0,0,0,0,0,0,0,0,0,0,0,0,42,129,248,102,1,0,0,0,0,0,0,0,0,0,0,0,0,26,175,38,0,0,0,0,0,6,28,147,253,204,83,1,0,0,0,0,0,0,0,0,0,0,0,0,0,1,145,227,179,146,126,129,202,215,252,192,86,2,0,0,0,0,0,0,0,0,0,0,0,0,0,0,0,0,4,66,150,178,242,179,103,83,25,0,0,0,0,0,0,0,0,0,0,0,0,0,0,0,0,0,0,0,0,0,0,0,0,0,0,0,0,0,0,0,0,0,0,0,0,0,0,0,0,0,0,0,0,0,0,0,0,0,0,0,0,0,0,0,0,0,0,0,0,0,0,0,0,0,0,0,0,0,0,0,0,0,0,0,0,0,0,0,0,0,0,0,0,0,0,0,0,0,0,0,0,0,0,0,0,0,0,0,0,0,0,0,0,0,0,0,0,0,0,0,0,0,0,0,0,0,0,0,0,0,0,0,0,0
9,0,0,0,0,0,0,0,0,0,0,0,0,0,0,0,0,0,0,0,0,0,0,0,0,0,0,0,0,0,0,0,0,0,0,0,0,0,0,0,0,0,0,0,0,0,0,0,0,0,0,0,0,0,0,0,0,0,0,0,0,0,0,0,0,0,0,0,0,0,0,0,0,0,0,0,0,0,0,0,0,0,0,0,0,0,0,0,0,0,0,0,0,0,0,0,0,0,0,0,0,0,0,0,0,0,0,0,0,0,0,0,0,0,0,0,0,0,0,0,0,0,0,0,0,0,0,0,0,0,0,0,0,0,0,0,0,0,0,0,0,0,0,0,0,0,0,0,0,0,0,0,0,0,0,0,0,0,0,0,0,0,0,0,0,0,0,0,0,0,0,0,0,0,0,0,0,0,0,0,0,0,0,0,150,254,151,0,0,0,0,0,0,0,0,0,0,0,0,0,0,0,0,0,0,0,0,0,0,0,21,107,249,253,168,0,0,0,0,0,0,0,0,0,0,0,0,0,0,0,0,0,0,0,0,0,0,48,231,253,254,253,168,0,0,0,0,0,0,0,0,0,0,0,0,0,0,0,0,0,0,0,0,0,28,232,253,253,254,253,115,0,0,0,0,0,0,0,0,0,0,0,0,0,0,0,0,0,0,0,0,14,200,246,215,253,254,253,102,0,0,0,0,0,0,0,0,0,0,0,0,0,0,0,0,0,0,0,3,183,247,123,229,253,254,253,102,0,0,0,0,0,0,0,0,0,0,0,0,0,0,0,0,0,0,44,195,253,121,166,253,167,254,253,43,0,0,0,0,0,0,0,0,0,0,0,0,0,0,0,0,0,0,120,253,199,177,253,226,24,254,253,34,0,0,0,0,0,0,0,0,0,0,0,0,0,0,0,0,0,0,89,254,254,255,224,36,14,255,220,0,0,0,0,0,0,0,0,0,0,0,0,0,0,0,0,0,0,0,3,76,85,71,10,0,96,254,156,0,0,0,0,0,0,0,0,0,0,0,0,0,0,0,0,0,0,0,0,0,0,0,0,0,135,254,151,0,0,0,0,0,0,0,0,0,0,0,0,0,0,0,0,0,0,0,0,0,0,0,0,0,190,254,151,0,0,0,0,0,0,0,0,0,0,0,0,0,0,0,0,0,0,0,0,0,0,0,0,0,204,255,152,0,0,0,0,0,0,0,0,0,0,0,0,0,0,0,0,0,0,0,0,0,0,0,0,0,203,254,89,0,0,0,0,0,0,0,0,0,0,0,0,0,0,0,0,0,0,0,0,0,0,0,0,2,206,254,26,0,0,0,0,0,0,0,0,0,0,0,0,0,0,0,0,0,0,0,0,0,0,0,0,17,253,240,12,0,0,0,0,0,0,0,0,0,0,0,0,0,0,0,0,0,0,0,0,0,0,0,0,67,254,204,0,0,0,0,0,0,0,0,0,0,0,0,0,0,0,0,0,0,0,0,0,0,0,0,0,85,253,203,0,0,0,0,0,0,0,0,0,0,0,0,0,0,0,0,0,0,0,0,0,0,0,0,0,85,253,203,0,0,0,0,0,0,0,0,0,0,0,0,0,0,0,0,0,0,0,0,0,0,0,0,0,67,253,149,0,0,0,0,0,0,0,0,0,0,0,0,0,0,0,0,0,0,0,0,0,0,0,0,0,0,0,0,0,0,0,0,0,0,0,0,0,0,0,0,0,0,0,0,0,0,0,0,0,0,0,0,0,0,0,0,0,0,0,0,0,0,0,0,0,0,0,0
2,0,0,0,0,0,0,0,0,0,0,0,0,0,0,0,0,0,0,0,0,0,0,0,0,0,0,0,0,0,0,0,0,0,0,0,0,0,0,0,0,0,0,0,0,0,0,0,0,0,0,0,0,0,0,0,0,0,0,0,0,0,0,0,0,0,0,0,0,0,0,0,0,0,0,0,0,0,0,0,0,0,0,0,0,0,0,0,0,0,0,0,0,0,0,0,0,0,0,0,0,0,0,0,0,0,0,0,0,0,0,0,0,0,0,0,0,0,0,0,0,0,0,0,0,0,0,0,0,0,0,0,0,0,0,0,0,0,0,0,0,0,0,0,0,0,0,0,2,10,9,139,254,207,133,133,186,11,0,0,0,0,0,0,0,0,0,0,0,0,0,0,0,0,0,3,116,232,222,253,253,253,253,253,254,228,0,0,0,0,0,0,0,0,0,0,0,0,0,0,0,0,0,25,253,253,253,253,253,253,253,253,254,232,14,0,0,0,0,0,0,0,0,0,0,0,0,0,0,0,0,25,253,253,253,124,84,129,204,227,254,253,176,0,0,0,0,0,0,0,0,0,0,0,0,0,0,0,0,19,230,189,72,17,0,0,0,35,167,253,242,60,0,0,0,0,0,0,0,0,0,0,0,0,0,0,0,0,37,20,0,0,0,0,0,0,133,253,253,84,0,0,0,0,0,0,0,0,0,0,0,0,0,0,0,0,0,0,0,0,0,0,0,0,133,253,240,56,0,0,0,0,0,0,0,0,0,0,0,0,0,0,0,0,0,0,0,0,0,0,0,93,237,253,216,0,0,0,0,0,0,0,0,0,0,0,0,0,0,0,0,0,0,0,0,0,0,0,0,242,254,242,66,0,0,0,0,0,0,0,0,0,0,0,0,0,0,0,0,0,0,0,0,0,0,0,0,242,254,228,0,0,0,0,0,0,0,0,0,0,0,0,0,0,0,0,0,0,0,0,0,0,0,0,116,254,255,104,0,0,0,0,0,0,0,0,0,0,0,0,0,0,0,0,0,0,0,0,0,0,0,56,243,253,230,0,0,0,0,0,0,0,0,0,0,0,0,0,0,0,0,0,0,0,0,0,0,0,0,97,253,253,122,0,0,0,0,0,0,0,0,0,0,0,0,0,0,0,0,0,0,0,0,0,0,0,0,121,253,253,40,0,0,0,0,0,0,0,0,0,0,0,0,0,0,0,0,0,0,0,0,0,0,0,0,218,253,166,0,0,0,0,0,18,12,0,0,0,0,0,0,0,0,0,0,0,0,0,0,0,0,0,0,218,253,132,0,42,73,153,193,210,204,120,0,0,0,0,0,0,0,0,0,0,0,0,0,0,0,0,0,218,253,230,206,233,253,253,253,253,253,156,0,0,0,0,0,0,0,0,0,0,0,0,0,0,0,0,0,218,253,253,254,253,253,253,253,225,58,22,0,0,0,0,0,0,0,0,0,0,0,0,0,0,0,0,0,108,253,253,254,253,253,232,116,17,0,0,0,0,0,0,0,0,0,0,0,0,0,0,0,0,0,0,0,97,253,253,254,241,132,49,0,0,0,0,0,0,0,0,0,0,0,0,0,0,0,0,0,0,0,0,0,0,0,0,0,0,0,0,0,0,0,0,0,0,0,0,0,0,0,0,0,0,0,0,0,0,0,0,0,0,0,0,0,0,0,0,0,0,0,0,0,0,0,0,0,0,0,0,0,0,0,0,0,0,0,0,0,0,0,0,0,0,0,0,0,0,0,0,0,0,0,0,0
1,0,0,0,0,0,0,0,0,0,0,0,0,0,0,0,0,0,0,0,0,0,0,0,0,0,0,0,0,0,0,0,0,0,0,0,0,0,0,0,0,0,0,0,0,0,0,0,0,0,0,0,0,0,0,0,0,0,0,0,0,0,0,0,0,0,0,0,0,0,0,0,0,0,0,0,0,0,0,0,0,0,0,0,0,0,0,0,0,0,0,0,0,0,0,0,0,0,0,0,0,0,0,0,0,0,0,0,0,0,0,0,0,0,0,0,0,0,0,0,0,0,0,0,0,0,134,255,197,13,0,0,0,0,0,0,0,0,0,0,0,0,0,0,0,0,0,0,0,0,0,0,0,13,246,253,252,152,0,0,0,0,0,0,0,0,0,0,0,0,0,0,0,0,0,0,0,0,0,0,0,14,252,253,252,158,0,0,0,0,0,0,0,0,0,0,0,0,0,0,0,0,0,0,0,0,0,0,0,56,252,253,252,158,0,0,0,0,0,0,0,0,0,0,0,0,0,0,0,0,0,0,0,0,0,0,0,146,252,253,252,158,0,0,0,0,0,0,0,0,0,0,0,0,0,0,0,0,0,0,0,0,0,0,0,146,252,253,252,158,0,0,0,0,0,0,0,0,0,0,0,0,0,0,0,0,0,0,0,0,0,0,15,202,252,253,252,158,0,0,0,0,0,0,0,0,0,0,0,0,0,0,0,0,0,0,0,0,0,0,15,202,252,253,252,158,0,0,0,0,0,0,0,0,0,0,0,0,0,0,0,0,0,0,0,0,0,0,0,146,252,253,252,158,0,0,0,0,0,0,0,0,0,0,0,0,0,0,0,0,0,0,0,0,0,0,0,146,252,253,252,158,0,0,0,0,0,0,0,0,0,0,0,0,0,0,0,0,0,0,0,0,0,0,0,147,253,255,253,159,0,0,0,0,0,0,0,0,0,0,0,0,0,0,0,0,0,0,0,0,0,0,0,146,252,253,252,158,0,0,0,0,0,0,0,0,0,0,0,0,0,0,0,0,0,0,0,0,0,0,25,241,252,253,252,158,0,0,0,0,0,0,0,0,0,0,0,0,0,0,0,0,0,0,0,0,0,0,27,252,252,253,252,158,0,0,0,0,0,0,0,0,0,0,0,0,0,0,0,0,0,0,0,0,0,0,27,252,252,253,252,158,0,0,0,0,0,0,0,0,0,0,0,0,0,0,0,0,0,0,0,0,0,0,27,252,252,253,252,158,0,0,0,0,0,0,0,0,0,0,0,0,0,0,0,0,0,0,0,0,0,0,27,252,252,253,252,68,0,0,0,0,0,0,0,0,0,0,0,0,0,0,0,0,0,0,0,0,0,0,41,252,252,253,252,26,0,0,0,0,0,0,0,0,0,0,0,0,0,0,0,0,0,0,0,0,0,0,83,252,252,253,252,26,0,0,0,0,0,0,0,0,0,0,0,0,0,0,0,0,0,0,0,0,0,0,27,252,252,253,126,12,0,0,0,0,0,0,0,0,0,0,0,0,0,0,0,0,0,0,0,0,0,0,0,0,0,0,0,0,0,0,0,0,0,0,0,0,0,0,0,0,0,0,0,0,0,0,0,0,0,0,0,0,0,0,0,0,0,0,0,0,0,0,0,0,0,0,0,0,0,0,0,0,0,0,0,0,0,0,0,0,0,0,0,0,0,0,0,0,0,0,0,0,0,0,0,0,0,0,0,0,0,0,0,0,0,0,0,0,0,0,0,0,0,0,0,0,0,0,0,0,0,0,0
6,0,0,0,0,0,0,0,0,0,0,0,0,0,0,0,0,0,0,0,0,0,0,0,0,0,0,0,0,0,0,0,0,0,0,0,0,0,0,0,0,0,0,0,0,0,0,0,0,0,0,0,0,0,0,0,0,0,0,0,0,0,0,0,0,0,0,0,0,0,0,29,255,29,0,0,0,0,0,0,0,0,0,0,0,0,0,0,0,0,0,0,0,0,0,0,0,0,0,226,255,29,0,0,0,0,0,0,0,0,0,0,0,0,0,0,0,0,0,0,0,0,0,0,0,0,57,255,226,0,0,0,0,0,0,0,0,0,0,0,0,0,0,0,0,0,0,0,0,0,0,0,0,0,170,255,29,0,0,0,0,0,0,0,0,0,0,0,0,0,0,0,0,0,0,0,0,0,0,0,0,0,198,255,0,0,0,0,0,0,0,0,0,0,0,0,0,0,0,0,0,0,0,0,0,0,0,0,0,0,255,141,0,0,0,0,0,0,0,0,0,0,0,0,0,0,0,0,0,0,0,0,0,0,0,0,0,57,255,29,0,0,0,0,0,0,0,0,0,0,0,0,0,0,0,0,0,0,0,0,0,0,0,0,0,141,255,0,0,0,0,0,0,0,0,0,0,0,0,0,0,0,0,0,0,0,0,0,0,0,0,0,0,255,198,0,0,0,0,0,0,0,0,0,0,0,0,0,0,0,0,0,0,0,0,0,0,0,0,0,86,255,114,0,0,0,0,0,0,0,0,0,0,0,0,0,0,0,0,0,0,0,0,0,0,0,0,0,170,255,0,0,0,0,0,0,0,0,0,0,0,0,0,0,0,0,0,0,0,0,0,0,0,0,0,0,255,255,0,0,0,86,86,57,0,0,0,0,0,0,0,0,0,0,0,0,0,0,0,0,0,0,0,0,255,170,57,198,255,255,255,255,226,0,0,0,0,0,0,0,0,0,0,0,0,0,0,0,0,0,0,0,255,255,255,255,170,114,86,141,255,0,0,0,0,0,0,0,0,0,0,0,0,0,0,0,0,0,0,86,255,255,170,29,0,0,0,29,255,0,0,0,0,0,0,0,0,0,0,0,0,0,0,0,0,0,0,255,255,170,0,0,0,0,0,226,255,0,0,0,0,0,0,0,0,0,0,0,0,0,0,0,0,0,0,86,255,198,0,0,0,0,198,255,86,0,0,0,0,0,0,0,0,0,0,0,0,0,0,0,0,0,0,0,198,255,29,0,29,198,255,170,0,0,0,0,0,0,0,0,0,0,0,0,0,0,0,0,0,0,0,0,86,255,226,170,255,255,141,0,0,0,0,0,0,0,0,0,0,0,0,0,0,0,0,0,0,0,0,0,0,114,255,255,226,57,0,0,0,0,0,0,0,0,0,0,0,0,0,0,0,0,0,0,0,0,0,0,0,0,0,0,0,0,0,0,0,0,0,0,0,0,0,0,0,0,0,0,0,0,0,0,0,0,0,0,0,0,0,0,0,0,0,0,0,0,0,0,0,0,0,0,0,0,0,0,0,0,0,0,0,0,0,0,0,0,0,0,0,0,0,0,0,0,0,0,0,0,0,0,0,0,0,0,0,0,0,0,0,0,0,0,0,0,0,0,0,0,0,0,0,0,0,0,0,0,0,0,0,0,0,0,0,0,0,0,0,0,0,0,0,0,0,0,0,0,0,0,0,0,0,0,0,0,0,0,0,0,0,0,0,0,0,0,0,0,0,0,0,0,0,0,0,0,0,0,0,0,0,0,0,0,0,0,0
1,0,0,0,0,0,0,0,0,0,0,0,0,0,0,0,0,0,0,0,0,0,0,0,0,0,0,0,0,0,0,0,0,0,0,0,0,0,0,0,0,0,0,0,0,0,0,0,0,0,0,0,0,0,0,0,0,0,0,0,0,0,0,0,0,0,0,0,0,9,169,236,31,0,0,0,0,0,0,0,0,0,0,0,0,0,0,0,0,0,0,0,0,0,0,0,0,23,229,254,50,0,0,0,0,0,0,0,0,0,0,0,0,0,0,0,0,0,0,0,0,0,0,0,0,0,195,254,115,0,0,0,0,0,0,0,0,0,0,0,0,0,0,0,0,0,0,0,0,0,0,0,0,0,195,254,149,0,0,0,0,0,0,0,0,0,0,0,0,0,0,0,0,0,0,0,0,0,0,0,0,12,213,254,149,0,0,0,0,0,0,0,0,0,0,0,0,0,0,0,0,0,0,0,0,0,0,0,0,53,254,254,240,0,0,0,0,0,0,0,0,0,0,0,0,0,0,0,0,0,0,0,0,0,0,0,0,140,254,254,249,0,0,0,0,0,0,0,0,0,0,0,0,0,0,0,0,0,0,0,0,0,0,0,0,140,254,254,249,0,0,0,0,0,0,0,0,0,0,0,0,0,0,0,0,0,0,0,0,0,0,0,0,140,254,254,249,0,0,0,0,0,0,0,0,0,0,0,0,0,0,0,0,0,0,0,0,0,0,89,217,247,254,254,249,0,0,0,0,0,0,0,0,0,0,0,0,0,0,0,0,0,0,0,0,0,0,50,254,254,175,253,249,0,0,0,0,0,0,0,0,0,0,0,0,0,0,0,0,0,0,0,0,0,0,12,211,205,118,254,249,0,0,0,0,0,0,0,0,0,0,0,0,0,0,0,0,0,0,0,0,0,0,0,29,18,96,254,244,0,0,0,0,0,0,0,0,0,0,0,0,0,0,0,0,0,0,0,0,0,0,0,0,0,96,254,149,0,0,0,0,0,0,0,0,0,0,0,0,0,0,0,0,0,0,0,0,0,0,0,0,0,96,254,149,0,0,0,0,0,0,0,0,0,0,0,0,0,0,0,0,0,0,0,0,0,0,0,0,0,96,254,149,0,0,0,0,0,0,0,0,0,0,0,0,0,0,0,0,0,0,0,0,39,135,135,102,36,118,254,205,135,135,135,135,135,38,0,0,0,0,0,0,0,0,0,0,0,0,0,49,246,254,254,254,254,254,254,254,254,254,254,254,254,144,0,0,0,0,0,0,0,0,0,0,0,0,0,3,143,209,250,254,254,254,254,236,186,110,110,61,41,12,0,0,0,0,0,0,0,0,0,0,0,0,0,0,0,0,50,55,55,131,194,52,0,0,0,0,0,0,0,0,0,0,0,0,0,0,0,0,0,0,0,0,0,0,0,0,0,0,0,0,0,0,0,0,0,0,0,0,0,0,0,0,0,0,0,0,0,0,0,0,0,0,0,0,0,0,0,0,0,0,0,0,0,0,0,0,0,0,0,0,0,0,0,0,0,0,0,0,0,0,0,0,0,0,0,0,0,0,0,0,0,0,0,0,0,0,0,0,0,0,0,0,0,0,0,0,0,0,0,0,0,0,0,0,0,0,0,0,0,0,0,0,0,0,0,0,0,0,0,0,0,0,0,0,0,0,0,0,0,0,0,0,0,0,0,0,0,0,0,0,0,0,0,0,0,0,0,0,0,0,0,0,0,0,0,0,0,0,0,0,0,0,0,0,0,0,0,0,0,0,0,0
9,0,0,0,0,0,0,0,0,0,0,0,0,0,0,0,0,0,0,0,0,0,0,0,0,0,0,0,0,0,0,0,0,0,0,0,0,0,0,0,0,0,0,0,0,0,0,0,0,0,0,0,0,0,0,0,0,0,0,0,0,0,0,0,0,0,0,0,0,0,0,0,0,0,0,0,0,0,0,0,0,0,0,0,0,0,0,0,0,0,0,0,0,0,0,0,0,0,0,0,0,0,0,0,0,0,0,0,0,0,0,0,0,0,0,0,0,0,0,0,0,0,0,0,0,0,0,0,0,0,0,0,0,0,0,0,0,0,0,0,0,0,0,0,0,0,0,0,0,0,0,0,0,0,0,0,7,182,254,169,8,0,0,0,0,0,0,0,0,0,0,0,0,0,0,0,0,0,0,0,0,0,0,40,183,254,253,253,19,0,0,0,0,0,0,0,0,0,0,0,0,0,0,0,0,0,0,0,0,0,40,199,253,231,240,253,19,0,0,0,0,0,0,0,0,0,0,0,0,0,0,0,0,0,0,0,0,7,183,253,229,36,195,253,92,25,0,0,0,0,0,0,0,0,0,0,0,0,0,0,0,0,0,0,37,182,254,219,36,14,218,254,254,150,0,0,0,0,0,0,0,0,0,0,0,0,0,0,0,0,0,28,225,254,223,21,0,74,253,253,253,162,0,0,0,0,0,0,0,0,0,0,0,0,0,0,0,0,10,176,253,225,39,0,0,122,253,253,253,156,0,0,0,0,0,0,0,0,0,0,0,0,0,0,0,7,177,253,229,36,0,0,0,26,253,253,253,36,0,0,0,0,0,0,0,0,0,0,0,0,0,0,0,26,254,249,66,0,0,0,0,152,254,254,92,0,0,0,0,0,0,0,0,0,0,0,0,0,0,0,13,194,247,140,0,0,0,0,61,236,247,153,5,0,0,0,0,0,0,0,0,0,0,0,0,0,0,0,121,254,214,0,0,0,0,32,214,254,208,12,0,0,0,0,0,0,0,0,0,0,0,0,0,0,0,0,228,254,166,0,0,55,150,244,253,254,64,0,0,0,0,0,0,0,0,0,0,0,0,0,0,0,0,0,235,255,254,254,254,255,254,254,254,205,18,0,0,0,0,0,0,0,0,0,0,0,0,0,0,0,0,0,102,230,253,244,214,160,118,253,253,79,0,0,0,0,0,0,0,0,0,0,0,0,0,0,0,0,0,0,0,15,39,30,0,5,148,253,217,12,0,0,0,0,0,0,0,0,0,0,0,0,0,0,0,0,0,0,0,0,0,0,0,8,217,253,145,0,0,0,0,0,0,0,0,0,0,0,0,0,0,0,0,0,0,0,0,0,0,0,0,74,254,254,92,0,0,0,0,0,0,0,0,0,0,0,0,0,0,0,0,0,0,0,0,0,0,0,0,170,253,214,11,0,0,0,0,0,0,0,0,0,0,0,0,0,0,0,0,0,0,0,0,0,0,0,43,254,253,117,0,0,0,0,0,0,0,0,0,0,0,0,0,0,0,0,0,0,0,0,0,0,0,0,55,254,241,57,0,0,0,0,0,0,0,0,0,0,0,0,0,0,0,0,0,0,0,0,0,0,0,0,0,0,0,0,0,0,0,0,0,0,0,0,0,0,0,0,0,0,0,0,0,0,0,0,0,0,0,0,0,0,0,0,0,0,0,0,0,0,0,0,0,0,0,0,0,0,0,0,0,0,0,0,0,0,0,0,0,0,0,0,0,0,0,0,0,0,0,0,0,0,0,0,0
7,0,0,0,0,0,0,0,0,0,0,0,0,0,0,0,0,0,0,0,0,0,0,0,0,0,0,0,0,0,0,0,0,0,0,0,0,0,0,0,0,0,0,0,0,0,0,0,0,0,0,0,0,0,0,0,0,0,0,0,0,0,0,0,0,0,0,0,0,0,0,0,0,0,0,0,0,0,0,0,0,0,0,0,0,0,0,0,0,0,0,0,0,0,0,0,0,0,0,0,0,0,0,0,0,0,0,0,0,0,0,0,0,0,0,0,0,0,0,0,0,0,0,0,0,0,0,0,0,0,0,0,0,0,0,0,0,0,0,0,0,0,0,0,0,0,0,0,0,0,0,0,0,0,0,0,0,0,0,0,0,0,0,0,0,0,0,0,0,0,0,0,0,0,0,0,0,0,0,0,0,0,0,0,0,0,0,0,0,0,0,0,0,0,0,0,0,0,0,0,0,0,0,0,0,0,8,123,201,253,253,80,0,0,0,0,0,0,0,0,0,0,0,0,0,0,0,0,0,0,0,0,0,0,157,252,252,252,252,243,190,137,85,14,0,0,0,0,0,0,0,0,0,0,0,0,0,0,0,0,0,54,253,252,252,252,252,253,252,252,252,236,107,0,0,0,0,0,0,0,0,0,0,0,0,0,0,0,0,176,253,252,221,189,215,253,231,145,231,252,140,0,0,0,0,0,0,0,0,0,0,0,0,0,0,0,54,246,253,252,126,0,18,42,28,0,169,252,194,0,0,0,0,0,0,0,0,0,0,0,0,0,0,0,64,253,254,253,127,0,0,0,0,22,253,253,194,0,0,0,0,0,0,0,0,0,0,0,0,0,0,0,64,252,253,252,126,0,0,0,0,57,252,252,71,0,0,0,0,0,0,0,0,0,0,0,0,0,0,0,64,252,253,252,126,0,0,0,0,127,252,252,98,0,0,0,0,0,0,0,0,0,0,0,0,0,0,0,64,252,253,252,126,0,0,0,0,127,252,252,80,0,0,0,0,0,0,0,0,0,0,0,0,0,0,0,37,235,253,252,126,0,0,0,0,127,252,252,0,0,0,0,0,0,0,0,0,0,0,0,0,0,0,0,0,150,255,253,109,0,0,0,0,128,253,253,0,0,0,0,0,0,0,0,0,0,0,0,0,0,0,0,0,27,204,89,5,0,0,0,0,127,252,217,0,0,0,0,0,0,0,0,0,0,0,0,0,0,0,0,0,0,9,0,0,0,0,0,0,224,252,147,0,0,0,0,0,0,0,0,0,0,0,0,0,0,0,0,0,0,0,0,0,0,0,0,0,232,252,121,0,0,0,0,0,0,0,0,0,0,0,0,0,0,0,0,0,0,0,0,0,0,0,0,71,249,252,42,0,0,0,0,0,0,0,0,0,0,0,0,0,0,0,0,0,0,0,0,0,0,0,0,146,253,216,18,0,0,0,0,0,0,0,0,0,0,0,0,0,0,0,0,0,0,0,0,0,0,0,0,190,252,189,0,0,0,0,0,0,0,0,0,0,0,0,0,0,0,0,0,0,0,0,0,0,0,0,0,190,252,189,0,0,0,0,0,0,0,0,0,0,0,0,0,0,0,0,0,0,0,0,0,0,0,0,0,190,252,162,0,0,0,0,0,0,0,0,0,0,0,0,0,0,0,0,0,0,0,0,0,0,0,0,0,190,244,49,0,0,0,0,0,0,0,0,0,0,0,0,0,0,0,0,0,0,0,0,0,0,0,0,0,0,0,0,0,0,0,0,0,0,0,0,0,0
3,0,0,0,0,0,0,0,0,0,0,0,0,0,0,0,0,0,0,0,0,0,0,0,0,0,0,0,0,0,0,0,0,0,0,0,0,0,0,0,0,0,0,0,0,0,0,0,0,0,0,0,0,0,0,0,0,0,0,0,0,0,0,0,0,0,0,0,0,0,0,0,0,0,0,0,0,0,0,0,0,0,0,0,0,0,0,0,0,0,0,0,0,0,0,0,0,0,0,0,0,0,0,0,0,0,0,0,0,0,0,0,0,0,0,0,0,0,0,0,0,0,0,0,0,0,0,0,0,0,0,0,0,0,0,0,0,0,0,0,0,0,0,0,0,0,0,0,63,114,113,144,253,253,192,75,0,0,0,0,0,0,0,0,0,0,0,0,0,0,0,0,0,0,0,26,240,253,252,233,167,167,206,243,175,0,0,0,0,0,0,0,0,0,0,0,0,0,0,0,0,0,0,7,165,253,154,43,0,0,25,231,239,181,25,0,0,0,0,0,0,0,0,0,0,0,0,0,0,0,0,0,47,84,9,0,0,0,0,146,252,252,112,0,0,0,0,0,0,0,0,0,0,0,0,0,0,0,0,0,0,0,0,0,0,0,0,225,252,252,112,0,0,0,0,0,0,0,0,0,0,0,0,0,0,0,0,0,0,0,0,0,0,0,0,226,253,253,112,0,0,0,0,0,0,0,0,0,0,0,0,0,0,0,0,0,0,0,0,0,0,0,38,234,252,179,12,0,0,0,0,0,0,0,0,0,0,0,0,0,0,0,0,0,0,0,0,13,57,135,222,252,252,121,25,0,0,0,0,0,0,0,0,0,0,0,0,0,0,0,0,0,0,0,151,187,252,252,253,252,252,252,128,0,0,0,0,0,0,0,0,0,0,0,0,0,0,0,0,0,0,0,225,252,252,252,253,252,141,205,252,79,0,0,0,0,0,0,0,0,0,0,0,0,0,0,0,0,0,0,48,166,253,190,141,15,0,108,253,255,27,0,0,0,0,0,0,0,0,0,0,0,0,0,0,0,0,0,0,6,27,12,0,0,0,29,252,253,27,0,0,0,0,0,0,0,0,0,0,0,0,0,0,0,0,0,0,0,0,0,0,0,0,13,189,253,27,0,0,0,0,0,0,0,0,0,0,0,0,0,0,0,0,0,0,0,0,0,0,0,0,29,252,253,27,0,0,0,0,0,0,0,0,0,0,0,0,0,0,0,0,0,0,0,0,0,0,0,0,29,252,253,27,0,0,0,0,0,0,0,0,0,0,0,0,0,0,0,0,0,0,0,0,0,0,0,0,29,253,255,27,0,0,0,0,0,0,0,0,0,0,0,0,0,0,0,0,0,76,85,28,0,0,0,19,181,252,215,18,0,0,0,0,0,0,0,0,0,0,0,0,0,0,0,0,89,246,252,199,57,57,182,209,252,220,31,0,0,0,0,0,0,0,0,0,0,0,0,0,0,0,0,0,38,234,252,252,252,253,252,245,208,37,0,0,0,0,0,0,0,0,0,0,0,0,0,0,0,0,0,0,0,100,142,252,252,253,127,87,0,0,0,0,0,0,0,0,0,0,0,0,0,0,0,0,0,0,0,0,0,0,0,0,0,0,0,0,0,0,0,0,0,0,0,0,0,0,0,0,0,0,0,0,0,0,0,0,0,0,0,0,0,0,0,0,0,0,0,0,0,0,0,0,0,0,0,0,0,0,0,0,0,0,0,0,0,0,0,0,0,0,0,0,0,0,0,0,0,0,0,0,0,0,0,0
8,0,0,0,0,0,0,0,0,0,0,0,0,0,0,0,0,0,0,0,0,0,0,0,0,0,0,0,0,0,0,0,0,0,0,0,0,0,0,0,0,0,0,0,0,0,0,0,0,0,0,0,0,0,0,0,0,0,0,0,0,0,0,0,0,0,0,0,0,0,0,0,0,0,0,0,0,0,0,0,0,0,0,0,0,0,0,0,0,0,0,0,0,0,0,0,0,0,0,0,0,0,0,100,255,216,12,0,0,0,0,0,0,0,0,0,0,0,0,0,0,0,0,0,0,0,0,0,0,0,0,185,253,253,22,0,0,0,0,0,0,0,0,0,0,0,0,0,0,0,0,0,0,0,0,0,0,0,0,66,253,253,22,0,0,0,0,0,0,0,0,0,0,0,0,0,0,0,0,0,0,0,0,0,0,0,0,133,253,207,11,0,0,0,0,0,0,0,0,0,0,0,0,0,0,0,0,0,0,0,0,0,0,0,0,133,253,140,0,0,0,0,0,0,0,0,0,0,0,0,0,0,0,0,0,0,0,0,0,0,0,0,35,223,234,36,0,0,0,0,0,0,0,0,0,0,0,0,0,0,0,1,84,122,170,122,204,135,59,0,153,253,198,0,0,0,0,0,0,0,0,0,0,0,0,0,0,0,0,23,253,253,253,246,161,248,221,12,218,250,116,0,0,0,0,0,0,0,0,0,0,0,0,0,0,0,0,105,253,226,171,54,0,106,187,148,253,116,0,0,0,0,0,0,0,0,0,0,0,0,0,0,0,0,0,133,253,203,10,0,0,0,92,244,119,2,0,0,0,0,0,0,0,0,0,0,0,0,0,0,0,0,0,20,243,177,32,0,0,78,237,82,0,0,0,0,0,0,0,0,0,0,0,0,0,0,0,0,0,0,0,0,75,239,250,110,148,244,116,0,0,0,0,0,0,0,0,0,0,0,0,0,0,0,0,0,0,0,0,0,0,108,253,253,253,161,0,0,0,0,0,0,0,0,0,0,0,0,0,0,0,0,0,0,0,0,0,0,0,50,244,253,253,152,0,0,0,0,0,0,0,0,0,0,0,0,0,0,0,0,0,0,0,0,0,0,0,161,253,220,239,253,152,17,0,0,0,0,0,0,0,0,0,0,0,0,0,0,0,0,0,0,0,0,130,242,245,22,75,242,255,186,16,0,0,0,0,0,0,0,0,0,0,0,0,0,0,0,0,0,0,0,166,253,45,0,0,67,196,253,101,6,0,0,0,0,0,0,0,0,0,0,0,0,0,0,0,0,0,0,137,244,201,37,0,0,13,207,253,140,0,0,0,0,0,0,0,0,0,0,0,0,0,0,0,0,0,0,0,52,155,242,188,188,164,177,253,248,66,0,0,0,0,0,0,0,0,0,0,0,0,0,0,0,0,0,0,0,21,162,253,253,92,105,125,133,12,0,0,0,0,0,0,0,0,0,0,0,0,0,0,0,0,0,0,0,0,0,0,0,0,0,0,0,0,0,0,0,0,0,0,0,0,0,0,0,0,0,0,0,0,0,0,0,0,0,0,0,0,0,0,0,0,0,0,0,0,0,0,0,0,0,0,0,0,0,0,0,0,0,0,0,0,0,0,0,0,0,0,0,0,0,0,0,0,0,0,0,0,0,0,0,0,0,0,0,0,0,0,0,0,0,0,0,0,0,0,0,0,0,0,0,0,0,0,0,0,0,0,0,0,0,0,0,0,0,0,0,0,0,0,0,0,0,0,0,0,0,0,0,0,0,0,0,0
6,0,0,0,0,0,0,0,0,0,0,0,0,0,0,0,0,0,0,0,0,0,0,0,0,0,0,0,0,0,0,0,0,0,0,0,0,0,0,0,0,0,0,0,0,0,0,0,0,0,0,0,0,0,0,0,0,0,0,0,0,0,0,0,0,0,0,0,0,0,0,0,0,0,0,0,0,0,0,0,0,0,0,0,0,0,0,0,0,0,0,0,0,0,0,0,0,0,0,0,0,0,0,0,0,0,0,0,0,0,0,0,0,0,0,0,0,0,0,0,0,0,0,0,0,0,0,0,0,19,166,255,254,223,100,16,0,0,0,0,0,0,0,0,0,0,0,0,0,0,0,0,0,0,0,0,58,198,253,253,253,253,253,163,0,0,0,0,0,0,0,0,0,0,0,0,0,0,0,0,0,0,9,127,250,253,247,181,101,85,207,159,0,0,0,0,0,0,0,0,0,0,0,0,0,0,0,0,0,6,167,253,253,253,144,0,0,0,0,0,0,0,0,0,0,0,0,0,0,0,0,0,0,0,0,0,0,80,253,253,248,105,1,0,0,0,0,0,0,0,0,0,0,0,0,0,0,0,0,0,0,0,0,0,51,244,253,253,129,0,0,0,0,0,0,0,0,0,0,0,0,0,0,0,0,0,0,0,0,0,0,0,122,253,253,193,12,0,0,0,0,0,0,0,0,0,0,0,0,0,0,0,0,0,0,0,0,0,0,43,227,253,253,41,0,0,0,0,0,0,0,0,0,0,0,0,0,0,0,0,0,0,0,0,0,0,0,130,253,253,199,7,0,0,0,0,0,0,0,0,0,0,0,0,0,0,0,0,0,0,0,0,0,0,0,151,253,244,34,0,0,0,0,0,0,0,0,0,0,0,0,0,0,0,0,0,0,0,0,0,0,0,33,241,253,238,0,0,0,0,0,0,0,0,0,0,0,0,0,0,0,0,0,0,0,0,0,0,0,0,142,253,253,153,0,0,0,0,0,0,0,0,0,0,0,0,0,0,0,0,0,0,0,0,0,0,0,0,187,253,253,250,192,106,131,89,2,0,0,0,0,0,0,0,0,0,0,0,0,0,0,0,0,0,0,0,187,253,253,253,253,253,253,253,222,57,2,0,0,0,0,0,0,0,0,0,0,0,0,0,0,0,0,0,113,253,253,210,72,74,223,253,253,253,47,0,0,0,0,0,0,0,0,0,0,0,0,0,0,0,0,0,43,244,253,134,0,0,80,177,253,253,212,0,0,0,0,0,0,0,0,0,0,0,0,0,0,0,0,0,0,163,253,204,0,0,0,99,253,253,222,0,0,0,0,0,0,0,0,0,0,0,0,0,0,0,0,0,0,83,250,245,115,115,178,232,253,253,218,0,0,0,0,0,0,0,0,0,0,0,0,0,0,0,0,0,0,0,111,253,253,253,253,253,253,234,50,0,0,0,0,0,0,0,0,0,0,0,0,0,0,0,0,0,0,0,14,95,175,253,253,170,132,30,0,0,0,0,0,0,0,0,0,0,0,0,0,0,0,0,0,0,0,0,0,0,0,0,0,0,0,0,0,0,0,0,0,0,0,0,0,0,0,0,0,0,0,0,0,0,0,0,0,0,0,0,0,0,0,0,0,0,0,0,0,0,0,0,0,0,0,0,0,0,0,0,0,0,0,0,0,0,0,0,0,0,0,0,0,0,0,0,0,0,0,0,0,0,0,0,0,0,0,0,0,0,0,0,0,0,0,0,0,0,0,0,0,0,0,0,0,0,0,0,0
1,0,0,0,0,0,0,0,0,0,0,0,0,0,0,0,0,0,0,0,0,0,0,0,0,0,0,0,0,0,0,0,0,0,0,0,0,0,0,0,0,0,0,0,0,0,0,0,0,0,0,0,0,0,0,0,0,0,0,0,0,0,0,0,0,0,0,0,0,0,0,0,0,0,0,0,0,0,0,0,0,0,0,0,0,0,0,0,0,0,0,0,0,0,0,0,0,0,0,0,0,0,0,0,0,0,0,0,0,0,0,0,0,0,0,0,0,0,0,0,0,0,0,0,0,0,0,0,0,0,228,253,116,0,0,0,0,0,0,0,0,0,0,0,0,0,0,0,0,0,0,0,0,0,0,0,0,228,251,252,59,0,0,0,0,0,0,0,0,0,0,0,0,0,0,0,0,0,0,0,0,0,0,0,0,169,252,252,172,0,0,0,0,0,0,0,0,0,0,0,0,0,0,0,0,0,0,0,0,0,0,0,102,250,252,209,46,0,0,0,0,0,0,0,0,0,0,0,0,0,0,0,0,0,0,0,0,0,0,36,226,252,227,143,11,0,0,0,0,0,0,0,0,0,0,0,0,0,0,0,0,0,0,0,0,0,0,106,253,252,178,9,0,0,0,0,0,0,0,0,0,0,0,0,0,0,0,0,0,0,0,0,0,0,31,173,253,252,166,13,0,0,0,0,0,0,0,0,0,0,0,0,0,0,0,0,0,0,0,0,0,3,88,252,253,241,94,0,0,0,0,0,0,0,0,0,0,0,0,0,0,0,0,0,0,0,0,0,0,26,246,252,253,75,0,0,0,0,0,0,0,0,0,0,0,0,0,0,0,0,0,0,0,0,0,0,0,15,202,252,253,75,0,0,0,0,0,0,0,0,0,0,0,0,0,0,0,0,0,0,0,0,0,0,0,27,253,253,255,76,0,0,0,0,0,0,0,0,0,0,0,0,0,0,0,0,0,0,0,0,0,0,17,123,252,252,202,14,0,0,0,0,0,0,0,0,0,0,0,0,0,0,0,0,0,0,0,0,0,0,41,252,252,252,197,7,0,0,0,0,0,0,0,0,0,0,0,0,0,0,0,0,0,0,0,0,0,0,153,252,252,209,21,0,0,0,0,0,0,0,0,0,0,0,0,0,0,0,0,0,0,0,0,0,0,15,194,252,252,189,0,0,0,0,0,0,0,0,0,0,0,0,0,0,0,0,0,0,0,0,0,0,0,152,252,252,252,217,29,0,0,0,0,0,0,0,0,0,0,0,0,0,0,0,0,0,0,0,0,0,46,231,252,252,252,231,42,0,0,0,0,0,0,0,0,0,0,0,0,0,0,0,0,0,0,0,0,0,32,217,252,252,250,176,0,0,0,0,0,0,0,0,0,0,0,0,0,0,0,0,0,0,0,0,0,0,64,248,252,252,161,0,0,0,0,0,0,0,0,0,0,0,0,0,0,0,0,0,0,0,0,0,0,0,0,186,252,252,106,0,0,0,0,0,0,0,0,0,0,0,0,0,0,0,0,0,0,0,0,0,0,0,0,0,0,0,0,0,0,0,0,0,0,0,0,0,0,0,0,0,0,0,0,0,0,0,0,0,0,0,0,0,0,0,0,0,0,0,0,0,0,0,0,0,0,0,0,0,0,0,0,0,0,0,0,0,0,0,0,0,0,0,0,0,0,0,0,0,0,0,0,0,0,0,0,0,0,0,0,0,0,0,0,0,0,0,0,0,0,0,0,0,0,0,0,0,0,0,0,0,0,0,0,0,0
3,0,0,0,0,0,0,0,0,0,0,0,0,0,0,0,0,0,0,0,0,0,0,0,0,0,0,0,0,0,0,0,0,0,0,0,0,0,0,0,0,0,0,0,0,0,0,0,0,0,0,0,0,0,0,0,0,0,0,0,0,0,0,0,0,0,0,0,0,0,0,0,0,0,0,0,0,0,0,0,0,0,0,0,0,0,0,0,0,0,0,0,0,0,0,0,0,0,0,0,0,0,0,0,0,0,0,0,0,0,0,0,0,0,0,0,0,0,0,0,0,0,0,0,0,0,0,141,255,255,226,29,0,0,0,0,0,0,0,0,0,0,0,0,0,0,0,0,0,0,0,0,0,0,0,198,255,255,255,170,0,0,0,0,0,0,0,0,0,0,0,0,0,0,0,0,0,0,0,0,0,0,0,0,170,198,255,226,57,0,0,0,0,0,0,0,0,0,0,0,0,0,0,0,0,0,0,0,0,0,0,0,0,57,226,255,141,0,0,0,0,0,0,0,0,0,0,0,0,0,0,0,0,0,0,0,0,0,0,0,0,114,255,255,170,0,0,0,0,0,0,0,0,0,0,0,0,0,0,0,0,0,0,0,0,0,0,57,198,255,255,255,86,0,0,0,0,0,0,0,0,0,0,0,0,0,0,0,0,0,0,0,0,114,198,255,255,255,255,57,0,0,0,0,0,0,0,0,0,0,0,0,0,0,0,0,0,0,29,170,255,255,255,255,255,170,29,0,0,0,0,0,0,0,0,0,0,0,0,0,0,0,0,0,0,0,86,255,255,255,255,255,255,86,0,0,0,0,0,0,0,0,0,0,0,0,0,0,0,0,0,0,0,0,0,255,255,255,170,170,255,255,0,0,0,0,0,0,0,0,0,0,0,0,0,0,0,0,0,0,0,0,0,29,86,0,0,0,170,255,198,0,0,0,0,0,0,0,0,0,0,0,0,0,0,0,0,0,0,0,0,0,0,0,0,0,114,255,255,0,0,0,0,0,0,0,0,0,0,0,0,0,0,0,0,0,0,0,0,0,0,0,0,0,114,255,255,86,0,0,0,0,0,0,0,0,0,0,0,0,0,0,0,0,0,0,0,0,0,0,0,0,226,255,255,57,0,0,0,0,0,0,0,0,0,0,0,0,0,0,0,0,0,0,0,0,0,0,0,170,255,255,255,0,0,0,0,0,0,0,0,0,0,0,0,0,0,0,0,0,0,0,0,0,0,29,198,255,255,255,226,0,0,0,0,0,0,0,0,0,0,0,0,0,0,0,0,0,0,0,0,86,170,255,255,255,255,255,57,0,0,0,0,0,0,0,0,0,0,0,0,0,0,29,86,141,226,255,255,255,255,255,255,255,198,57,0,0,0,0,0,0,0,0,0,0,0,0,0,0,0,141,255,255,255,255,255,255,255,255,226,86,0,0,0,0,0,0,0,0,0,0,0,0,0,0,0,0,0,0,29,86,86,170,198,86,114,86,29,0,0,0,0,0,0,0,0,0,0,0,0,0,0,0,0,0,0,0,0,0,0,0,0,0,0,0,0,0,0,0,0,0,0,0,0,0,0,0,0,0,0,0,0,0,0,0,0,0,0,0,0,0,0,0,0,0,0,0,0,0,0,0,0,0,0,0,0,0,0,0,0,0,0,0,0,0,0,0,0,0,0,0,0,0,0,0,0,0,0,0,0,0,0,0,0,0,0,0,0,0,0,0,0,0,0,0,0,0,0,0,0,0,0,0,0,0,0,0,0,0,0,0,0,0,0
6,0,0,0,0,0,0,0,0,0,0,0,0,0,0,0,0,0,0,0,0,0,0,0,0,0,0,0,0,0,0,0,0,0,0,0,0,0,0,0,0,0,0,0,0,0,0,0,0,0,0,0,0,0,0,0,0,0,0,0,0,0,0,0,0,255,253,169,0,0,0,0,0,0,0,0,0,0,0,0,0,0,0,0,0,0,0,0,0,0,0,0,0,253,251,225,56,0,0,0,0,0,0,0,0,0,0,0,0,0,0,0,0,0,0,0,0,0,0,0,169,254,253,254,84,0,0,0,0,0,0,0,0,0,0,0,0,0,0,0,0,0,0,0,0,0,0,0,168,253,251,253,83,0,0,0,0,0,0,0,0,0,0,0,0,0,0,0,0,0,0,0,0,0,0,86,253,254,253,226,56,0,0,0,0,0,0,0,0,0,0,0,0,0,0,0,0,0,0,0,0,0,0,85,251,253,251,168,0,0,0,0,0,0,0,0,0,0,0,0,0,0,0,0,0,0,0,0,0,0,0,255,253,254,253,0,0,0,0,0,0,0,0,0,0,0,0,0,0,0,0,0,0,0,0,0,0,0,0,253,251,253,251,0,0,0,0,0,0,0,0,0,0,0,0,0,0,0,0,0,0,0,0,0,0,0,0,254,253,254,253,0,0,0,0,0,0,0,0,85,85,85,197,85,85,0,0,0,0,0,0,0,0,0,0,253,251,253,251,0,0,0,0,0,0,169,168,253,251,253,251,253,251,0,0,0,0,0,0,0,0,0,0,254,253,254,253,0,0,0,0,141,253,254,253,254,253,254,253,254,253,198,28,0,0,0,0,0,0,0,0,253,251,253,251,0,0,0,114,253,251,253,251,253,251,253,251,253,251,253,83,0,0,0,0,0,0,0,0,254,253,254,253,198,28,85,253,254,253,254,253,254,253,254,253,254,253,254,139,0,0,0,0,0,0,0,0,253,251,253,251,253,196,197,251,253,251,253,251,253,251,253,251,253,251,253,251,0,0,0,0,0,0,0,0,198,253,254,253,254,253,254,253,254,253,254,253,254,253,254,253,254,253,254,253,0,0,0,0,0,0,0,0,28,196,253,251,253,251,253,251,253,251,253,251,253,251,253,251,253,251,253,138,0,0,0,0,0,0,0,0,0,0,198,253,254,253,254,253,254,253,254,253,254,253,254,253,254,253,0,0,0,0,0,0,0,0,0,0,0,0,28,196,253,251,253,251,253,251,253,251,253,251,253,251,253,138,0,0,0,0,0,0,0,0,0,0,0,0,0,0,169,168,254,253,254,253,254,253,254,253,169,168,0,0,0,0,0,0,0,0,0,0,0,0,0,0,0,0,0,0,84,83,84,83,84,83,84,83,0,0,0,0,0,0,0,0,0,0,0,0,0,0,0,0,0,0,0,0,0,0,0,0,0,0,0,0,0,0,0,0,0,0,0,0,0,0,0,0,0,0,0,0,0,0,0,0,0,0,0,0,0,0,0,0,0,0,0,0,0,0,0,0,0,0,0,0,0,0,0,0,0,0,0,0,0,0,0,0,0,0,0,0,0,0,0,0,0,0,0,0,0,0,0,0,0,0,0,0,0,0,0,0,0,0,0,0,0,0,0,0,0,0,0,0,0,0,0,0,0,0,0,0,0,0,0,0,0,0,0,0,0,0,0,0,0,0,0,0,0,0,0,0,0,0,0,0,0,0,0,0,0,0,0,0,0,0,0,0,0,0,0,0,0,0,0,0,0,0,0,0,0,0,0,0
6,0,0,0,0,0,0,0,0,0,0,0,0,0,0,0,0,0,0,0,0,0,0,0,0,0,0,0,0,0,0,0,0,0,0,0,0,0,0,0,0,0,0,0,0,0,0,0,0,0,0,0,0,0,0,0,0,0,0,0,0,0,0,0,0,0,0,0,0,0,0,0,0,0,45,163,254,130,0,0,0,0,0,0,0,0,0,0,0,0,0,0,0,0,0,0,0,0,0,0,0,0,150,253,253,251,76,0,0,0,0,0,0,0,0,0,0,0,0,0,0,0,0,0,0,0,0,0,0,146,251,253,253,253,80,0,0,0,0,0,0,0,0,0,0,0,0,0,0,0,0,0,0,0,0,0,81,245,253,253,232,144,13,0,0,0,0,0,0,0,0,0,0,0,0,0,0,0,0,0,0,0,40,138,254,253,253,232,137,0,0,0,0,0,0,0,0,0,0,0,0,0,0,0,0,0,0,0,0,6,170,253,254,253,253,74,0,0,0,0,0,0,0,0,0,0,0,0,0,0,0,0,0,0,0,0,49,182,253,253,254,215,93,13,0,0,0,0,0,0,0,0,0,0,0,0,0,0,0,0,0,0,0,6,182,253,253,253,164,5,0,0,0,0,0,0,0,0,0,0,0,0,0,0,0,0,0,0,0,0,4,135,253,253,253,175,0,0,0,0,0,0,0,0,0,0,0,0,0,0,0,0,0,0,0,0,0,0,32,218,253,253,253,190,0,0,0,0,0,0,0,0,0,0,0,0,0,0,0,0,0,0,0,0,0,0,131,254,254,254,177,0,0,0,0,0,32,121,38,0,0,0,0,0,0,0,0,0,0,0,0,0,0,77,251,253,253,242,62,0,0,103,228,241,244,253,224,40,0,0,0,0,0,0,0,0,0,0,0,0,0,201,253,253,217,23,0,50,229,252,253,253,253,253,253,142,0,0,0,0,0,0,0,0,0,0,0,0,123,247,253,253,100,0,54,235,254,253,253,253,253,253,253,184,0,0,0,0,0,0,0,0,0,0,0,29,234,253,235,158,17,8,175,253,254,253,253,253,253,253,207,69,0,0,0,0,0,0,0,0,0,0,0,108,253,253,236,187,96,75,253,253,254,253,253,253,253,213,21,0,0,0,0,0,0,0,0,0,0,0,0,108,253,253,253,253,253,253,253,253,255,253,253,253,221,98,0,0,0,0,0,0,0,0,0,0,0,0,0,40,213,235,253,253,253,253,253,253,255,253,253,188,20,0,0,0,0,0,0,0,0,0,0,0,0,0,0,0,0,34,141,250,253,253,253,253,255,247,190,17,0,0,0,0,0,0,0,0,0,0,0,0,0,0,0,0,0,0,0,187,253,253,253,253,191,69,0,0,0,0,0,0,0,0,0,0,0,0,0,0,0,0,0,0,0,0,0,0,0,0,0,0,0,0,0,0,0,0,0,0,0,0,0,0,0,0,0,0,0,0,0,0,0,0,0,0,0,0,0,0,0,0,0,0,0,0,0,0,0,0,0,0,0,0,0,0,0,0,0,0,0,0,0,0,0,0,0,0,0,0,0,0,0,0,0,0,0,0,0,0,0,0,0,0,0,0,0,0,0,0,0,0,0,0,0,0,0,0,0,0,0,0,0,0,0,0,0,0,0,0,0,0,0,0,0,0,0,0,0,0,0,0,0,0,0,0,0,0,0,0,0,0,0,0,0,0,0,0,0,0,0,0,0,0,0,0,0,0,0,0,0,0,0,0,0,0,0,0,0,0,0,0,0,0,0
5,0,0,0,0,0,0,0,0,0,0,0,0,0,0,0,0,0,0,0,0,0,0,0,0,0,0,0,0,0,0,0,0,0,0,0,0,0,0,0,0,0,0,0,0,0,0,0,0,0,0,0,0,0,0,0,0,0,0,0,0,0,0,0,0,0,0,0,0,0,0,0,0,0,0,0,0,0,0,0,0,0,0,0,0,0,0,0,0,0,0,0,0,0,0,0,0,0,0,0,0,0,0,0,0,0,0,0,0,0,0,0,0,0,0,0,0,0,0,0,0,0,0,0,0,0,37,149,18,0,0,0,0,0,0,0,0,0,0,0,0,0,0,0,0,0,0,0,0,0,0,0,0,128,225,254,159,118,42,20,20,20,111,35,0,0,0,0,0,0,0,0,0,0,0,0,0,0,0,0,13,214,254,254,254,254,254,254,254,254,241,145,0,0,0,0,0,0,0,0,0,0,0,0,0,0,0,58,231,254,132,19,87,131,176,118,110,19,16,0,0,0,0,0,0,0,0,0,0,0,0,0,0,0,16,236,254,178,0,0,0,0,0,0,0,0,0,0,0,0,0,0,0,0,0,0,0,0,0,0,0,14,149,254,230,46,60,105,156,156,156,134,55,0,0,0,0,0,0,0,0,0,0,0,0,0,0,0,0,32,236,254,248,230,255,254,254,254,238,197,248,147,62,0,0,0,0,0,0,0,0,0,0,0,0,0,0,41,242,254,254,193,176,130,78,78,18,0,185,254,176,0,0,0,0,0,0,0,0,0,0,0,0,0,0,5,27,87,19,5,0,0,0,0,0,0,17,159,251,122,0,0,0,0,0,0,0,0,0,0,0,0,0,0,0,0,0,0,0,0,0,0,0,0,0,117,254,178,0,0,0,0,0,0,0,0,0,0,0,0,0,0,0,0,0,0,0,0,0,0,0,0,0,0,236,179,0,0,0,0,0,0,0,0,0,0,0,0,0,0,0,0,0,0,0,0,0,0,0,0,0,44,244,208,0,0,0,0,0,0,0,0,0,0,0,0,0,0,0,0,0,0,0,0,0,0,0,0,0,146,254,155,0,0,0,0,0,0,0,0,0,0,0,0,0,0,0,0,0,0,0,0,0,0,0,0,79,211,217,72,0,0,0,0,0,0,0,0,61,91,0,0,0,0,0,0,0,0,0,0,0,0,0,23,230,254,154,0,0,0,0,0,0,0,0,0,218,247,48,0,0,0,0,0,0,0,0,0,0,32,97,218,254,183,46,0,0,0,0,0,0,0,0,0,159,251,227,125,80,20,20,13,20,20,20,66,185,236,254,254,146,12,0,0,0,0,0,0,0,0,0,0,0,118,254,254,254,254,254,224,254,254,254,254,254,241,175,116,12,0,0,0,0,0,0,0,0,0,0,0,0,2,87,169,214,215,248,226,199,117,118,72,19,16,0,0,0,0,0,0,0,0,0,0,0,0,0,0,0,0,0,0,0,0,50,18,0,0,0,0,0,0,0,0,0,0,0,0,0,0,0,0,0,0,0,0,0,0,0,0,0,0,0,0,0,0,0,0,0,0,0,0,0,0,0,0,0,0,0,0,0,0,0,0,0,0,0,0,0,0,0,0,0,0,0,0,0,0,0,0,0,0,0,0,0,0,0,0,0,0,0,0,0,0,0,0,0,0,0,0,0,0,0,0,0,0,0,0,0,0,0,0,0,0,0,0,0,0,0,0,0,0,0,0,0,0,0,0,0,0,0,0,0,0,0,0,0,0,0,0,0,0,0,0,0
9,0,0,0,0,0,0,0,0,0,0,0,0,0,0,0,0,0,0,0,0,0,0,0,0,0,0,0,0,0,0,0,0,0,0,0,0,0,0,0,0,0,0,0,0,0,0,0,0,0,0,0,0,0,0,0,0,0,0,0,0,0,0,0,0,0,0,0,0,0,0,0,0,0,0,0,0,0,0,0,0,0,0,0,0,0,0,0,0,0,0,0,0,0,0,0,0,0,0,0,0,0,0,0,0,0,0,0,0,0,0,0,0,0,0,0,0,0,0,0,0,0,0,0,0,0,0,0,0,0,0,0,0,0,0,0,0,0,0,0,0,0,0,0,0,0,0,0,0,0,0,0,0,0,0,0,0,0,0,0,0,0,0,0,0,0,0,0,0,0,0,0,0,0,0,0,0,0,0,0,0,0,0,0,0,0,0,0,0,0,0,0,0,0,0,0,0,0,0,0,0,0,0,0,0,0,0,0,0,11,51,152,233,234,112,0,0,0,0,0,0,0,0,0,0,0,0,0,0,0,0,0,0,0,0,0,41,173,252,253,252,253,252,82,0,0,0,0,0,0,0,0,0,0,0,0,0,0,0,0,0,0,0,11,173,254,253,183,61,62,203,203,0,0,0,0,0,0,0,0,0,0,0,0,0,0,0,0,0,0,0,173,252,233,70,0,0,0,142,203,0,0,0,0,0,0,0,0,0,0,0,0,0,0,0,0,0,0,82,254,172,0,0,0,0,72,253,203,0,0,0,0,0,0,0,0,0,0,0,0,0,0,0,0,0,0,203,172,10,0,0,0,0,193,252,122,0,0,0,0,0,0,0,0,0,0,0,0,0,0,0,0,0,52,253,102,0,0,0,0,41,254,233,41,0,0,0,0,0,0,0,0,0,0,0,0,0,0,0,0,0,51,252,102,0,0,0,123,243,253,70,0,0,0,0,0,0,0,0,0,0,0,0,0,0,0,0,0,0,41,243,193,152,173,253,203,243,142,0,0,0,0,0,0,0,0,0,0,0,0,0,0,0,0,0,0,0,0,162,253,252,253,212,0,203,102,0,0,0,0,0,0,0,0,0,0,0,0,0,0,0,0,0,0,0,0,41,82,41,82,0,31,233,102,0,0,0,0,0,0,0,0,0,0,0,0,0,0,0,0,0,0,0,0,0,0,0,0,0,51,252,102,0,0,0,0,0,0,0,0,0,0,0,0,0,0,0,0,0,0,0,0,0,0,0,0,0,51,233,0,0,0,0,0,0,0,0,0,0,0,0,0,0,0,0,0,0,0,0,0,0,0,0,0,0,213,70,0,0,0,0,0,0,0,0,0,0,0,0,0,0,0,0,0,0,0,0,0,0,0,0,0,0,254,50,0,0,0,0,0,0,0,0,0,0,0,0,0,0,0,0,0,0,0,0,0,0,0,0,0,0,253,50,0,0,0,0,0,0,0,0,0,0,0,0,0,0,0,0,0,0,0,0,0,0,0,0,0,103,255,50,0,0,0,0,0,0,0,0,0,0,0,0,0,0,0,0,0,0,0,0,0,0,0,0,21,203,233,30,0,0,0,0,0,0,0,0,0,0,0,0,0,0,0,0,0,0,0,0,0,0,0,0,51,253,204,0,0,0,0,0,0,0,0,0,0,0,0,0,0,0,0,0,0,0,0,0,0,0,0,0,51,252,162,0,0,0,0,0,0,0,0,0,0,0,0,0,0,0,0,0,0,0,0,0,0,0,0,0,0,0,0,0,0,0,0,0,0,0,0,0,0,0,0,0
2,0,0,0,0,0,0,0,0,0,0,0,0,0,0,0,0,0,0,0,0,0,0,0,0,0,0,0,0,0,0,0,0,0,0,0,0,0,0,0,0,0,0,0,0,0,0,0,0,0,0,0,0,0,0,0,0,0,0,0,0,0,0,0,0,0,0,0,0,0,0,0,0,0,0,0,0,0,0,0,0,0,0,0,0,0,0,0,0,0,0,0,0,0,0,0,0,0,0,0,0,0,0,0,0,0,0,0,0,0,0,0,0,0,0,0,0,0,0,0,0,0,0,0,0,0,50,170,254,59,0,0,0,0,0,0,0,0,0,0,0,0,0,0,0,0,0,0,0,0,0,0,36,191,245,254,254,175,0,0,0,0,0,0,0,0,0,0,0,0,0,0,0,0,0,0,0,0,3,70,242,254,235,233,254,182,0,0,0,0,0,0,0,0,0,0,0,0,0,0,0,0,0,0,0,23,184,254,243,99,27,110,254,182,0,0,0,0,0,0,0,0,0,0,0,0,0,0,0,0,0,0,20,205,247,98,26,0,0,110,254,149,0,0,0,0,0,0,0,0,0,0,0,0,0,0,0,0,0,0,40,104,20,0,0,0,0,110,254,33,0,0,0,0,0,0,0,0,0,0,0,0,0,0,0,0,0,0,0,0,0,0,0,0,0,110,234,0,0,0,0,0,0,0,0,0,0,0,0,0,0,0,0,0,0,0,0,0,0,0,0,0,32,214,149,0,0,0,0,0,0,0,0,0,0,0,0,0,0,0,0,0,0,0,0,0,0,0,0,0,134,200,16,0,0,0,0,0,0,0,0,0,0,0,0,0,0,0,0,0,0,0,0,0,0,0,0,20,231,144,0,0,0,0,0,0,0,0,0,0,0,0,0,0,0,0,0,0,0,0,0,0,0,0,0,146,244,72,0,0,0,0,0,0,0,0,0,0,0,0,0,0,0,0,0,0,0,0,0,0,0,0,16,201,132,0,0,0,0,0,0,0,0,0,0,0,0,0,0,0,0,0,0,0,0,0,0,0,0,0,164,226,31,0,0,0,0,0,0,0,11,122,205,47,0,0,0,0,0,0,0,0,0,0,0,0,0,79,255,128,0,0,0,0,0,0,15,84,216,250,144,12,0,0,0,0,0,0,0,0,0,0,0,0,7,207,228,37,0,0,0,0,20,136,238,254,228,63,0,0,0,0,0,0,0,0,0,0,0,0,0,0,135,254,66,0,0,0,53,190,254,254,197,117,0,0,0,0,0,0,0,0,0,0,0,0,0,0,0,21,231,182,0,32,101,184,249,239,179,96,4,0,0,0,0,0,0,0,0,0,0,0,0,0,0,0,0,128,254,99,128,232,254,251,185,59,0,0,0,0,0,0,0,0,0,0,0,0,0,0,0,0,0,0,4,221,254,254,254,254,192,70,0,0,0,0,0,0,0,0,0,0,0,0,0,0,0,0,0,0,0,0,55,254,254,188,105,72,11,0,0,0,0,0,0,0,0,0,0,0,0,0,0,0,0,0,0,0,0,0,0,0,0,0,0,0,0,0,0,0,0,0,0,0,0,0,0,0,0,0,0,0,0,0,0,0,0,0,0,0,0,0,0,0,0,0,0,0,0,0,0,0,0,0,0,0,0,0,0,0,0,0,0,0,0,0,0,0,0,0,0,0,0,0,0,0,0,0,0,0,0,0,0,0,0,0,0,0,0,0,0,0,0,0,0,0,0,0,0,0,0,0,0,0,0,0,0,0,0,0,0,0,0,0,0
7,0,0,0,0,0,0,0,0,0,0,0,0,0,0,0,0,0,0,0,0,0,0,0,0,0,0,0,0,0,0,0,0,0,0,0,0,0,0,0,0,0,0,0,0,0,0,0,0,0,0,0,0,0,0,0,0,0,0,0,0,0,0,0,0,0,0,0,0,0,0,0,0,0,0,0,0,0,0,0,0,0,0,0,0,0,0,0,0,0,0,0,0,0,0,0,0,0,0,0,0,0,0,0,0,0,0,0,0,0,0,0,0,0,0,0,0,0,0,0,0,0,0,0,0,0,0,0,0,0,0,0,0,0,0,0,0,0,0,0,0,0,0,0,0,0,0,0,0,0,0,0,0,0,0,0,0,0,0,0,0,0,0,0,0,0,0,0,0,0,0,0,0,0,0,0,0,0,0,0,0,0,0,0,0,0,0,0,0,0,0,0,0,0,0,0,0,0,0,0,0,0,0,0,0,26,219,127,53,132,24,13,13,13,5,0,0,0,5,13,2,0,0,0,0,0,0,0,0,0,0,0,4,126,252,252,252,252,252,252,253,252,185,122,25,25,158,252,23,0,0,0,0,0,0,0,0,0,0,0,112,252,252,252,223,216,216,216,217,216,216,223,252,252,252,252,23,0,0,0,0,0,0,0,0,0,0,0,133,252,252,204,16,0,0,0,0,0,0,16,204,252,252,164,8,0,0,0,0,0,0,0,0,0,0,0,11,163,252,180,0,0,0,0,0,0,0,35,232,252,191,10,0,0,0,0,0,0,0,0,0,0,0,0,0,84,252,180,0,0,0,0,0,0,11,164,252,231,62,0,0,0,0,0,0,0,0,0,0,0,0,0,13,197,252,139,0,0,0,0,0,9,166,252,252,82,0,0,0,0,0,0,0,0,0,0,0,0,0,0,83,252,252,60,0,0,0,0,0,25,252,252,154,9,0,0,0,0,0,0,0,0,0,0,0,0,0,0,157,252,197,6,0,0,0,0,11,231,252,208,7,0,0,0,0,0,0,0,0,0,0,0,0,0,0,12,202,229,43,0,0,0,0,0,128,252,252,146,0,0,0,0,0,0,0,0,0,0,0,0,0,0,0,83,252,195,0,0,0,0,0,122,255,253,153,0,0,0,0,0,0,0,0,0,0,0,0,0,0,0,0,11,93,0,0,0,0,0,0,190,253,227,41,0,0,0,0,0,0,0,0,0,0,0,0,0,0,0,0,0,0,0,0,0,0,0,68,248,246,41,0,0,0,0,0,0,0,0,0,0,0,0,0,0,0,0,0,0,0,0,0,0,0,0,189,252,160,0,0,0,0,0,0,0,0,0,0,0,0,0,0,0,0,0,0,0,0,0,0,0,0,24,235,252,35,0,0,0,0,0,0,0,0,0,0,0,0,0,0,0,0,0,0,0,0,0,0,0,0,131,252,160,0,0,0,0,0,0,0,0,0,0,0,0,0,0,0,0,0,0,0,0,0,0,0,0,0,217,252,131,0,0,0,0,0,0,0,0,0,0,0,0,0,0,0,0,0,0,0,0,0,0,0,0,33,230,252,86,0,0,0,0,0,0,0,0,0,0,0,0,0,0,0,0,0,0,0,0,0,0,0,0,8,220,252,11,0,0,0,0,0,0,0,0,0,0,0,0,0,0,0,0,0,0,0,0,0,0,0,0,0,56,137,1,0,0,0,0,0,0,0,0,0,0,0,0,0,0,0,0,0,0,0,0,0,0,0,0,0,0,0,0,0,0,0,0,0,0,0,0,0,0,0,0,0
5,0,0,0,0,0,0,0,0,0,0,0,0,0,0,0,0,0,0,0,0,0,0,0,0,0,0,0,0,0,0,0,0,0,0,0,0,0,0,0,0,0,0,0,0,0,0,0,0,0,0,0,0,0,0,0,0,0,0,0,0,0,0,0,0,0,0,0,0,0,0,0,0,0,0,0,0,0,0,0,0,0,0,0,0,0,0,0,0,0,0,0,0,0,0,0,0,0,0,0,0,0,0,0,0,0,0,0,0,0,0,0,0,0,0,0,0,0,0,0,0,0,0,0,0,0,0,0,0,0,0,0,0,0,0,0,0,0,0,0,0,0,0,0,0,0,0,0,0,0,0,0,0,0,106,118,118,118,195,254,254,255,254,232,108,0,0,0,0,0,0,0,0,0,0,0,0,0,0,0,0,42,237,253,253,253,253,253,253,253,253,253,252,107,0,0,0,0,0,0,0,0,0,0,0,0,0,0,40,228,253,253,253,253,253,253,253,253,253,253,253,116,0,0,0,0,0,0,0,0,0,0,0,0,0,33,157,253,253,253,253,253,253,253,253,253,253,253,253,116,0,0,0,0,0,0,0,0,0,0,0,0,24,220,253,253,253,253,228,219,219,219,219,219,219,219,207,38,0,0,0,0,0,0,0,0,0,0,0,3,122,253,253,253,253,216,39,0,0,0,0,0,0,0,0,0,0,0,0,0,0,0,0,0,0,0,0,56,253,253,253,253,253,253,230,117,0,0,0,0,0,0,0,0,0,0,0,0,0,0,0,0,0,0,0,189,253,253,253,253,253,253,253,253,241,0,0,0,0,0,0,0,0,0,0,0,0,0,0,0,0,0,0,192,253,253,253,253,253,253,253,253,252,160,5,0,0,0,0,0,0,0,0,0,0,0,0,0,0,0,0,192,253,253,253,253,253,253,253,253,253,253,13,0,0,0,0,0,0,0,0,0,0,0,0,0,0,0,0,52,161,205,230,206,156,105,105,188,253,253,114,0,0,0,0,0,0,0,0,0,0,0,0,0,0,0,0,0,0,0,46,2,0,0,0,165,253,253,150,0,0,0,0,0,0,0,0,0,0,0,0,0,0,0,0,0,0,0,0,0,0,0,2,167,253,253,146,0,0,0,0,0,0,0,0,0,0,0,0,0,125,125,87,0,0,0,0,0,0,0,116,253,253,253,13,0,0,0,0,0,0,0,0,0,0,0,0,0,254,253,249,241,133,0,0,0,0,122,250,253,253,253,13,0,0,0,0,0,0,0,0,0,0,0,0,0,254,253,253,253,249,138,83,142,220,247,253,253,253,213,9,0,0,0,0,0,0,0,0,0,0,0,0,0,254,253,253,253,253,253,253,253,253,253,253,253,253,129,0,0,0,0,0,0,0,0,0,0,0,0,0,0,75,217,253,253,253,253,253,253,253,253,253,253,226,39,0,0,0,0,0,0,0,0,0,0,0,0,0,0,0,37,136,248,253,253,253,253,253,253,253,225,41,0,0,0,0,0,0,0,0,0,0,0,0,0,0,0,0,0,0,89,209,253,253,253,253,216,116,41,0,0,0,0,0,0,0,0,0,0,0,0,0,0,0,0,0,0,0,0,0,0,0,0,0,0,0,0,0,0,0,0,0,0,0,0,0,0,0,0,0,0,0,0,0,0,0,0,0,0,0,0,0,0,0,0,0,0,0,0,0,0,0,0,0,0,0,0,0,0,0,0,0,0,0,0,0,0,0,0,0,0,0,0,0,0,0,0,0,0,0,0,0,0,0
1,0,0,0,0,0,0,0,0,0,0,0,0,0,0,0,0,0,0,0,0,0,0,0,0,0,0,0,0,0,0,0,0,0,0,0,0,0,0,0,0,0,0,0,0,0,0,0,0,0,0,0,0,0,0,0,0,0,0,0,0,0,0,0,0,0,0,0,0,0,0,0,0,0,0,0,0,0,0,0,0,0,0,0,0,0,0,0,0,0,0,0,0,0,0,0,0,0,0,0,0,0,0,0,0,0,0,0,0,0,0,0,0,0,0,0,0,0,0,0,0,0,0,0,0,0,4,170,230,7,0,0,0,0,0,0,0,0,0,0,0,0,0,0,0,0,0,0,0,0,0,0,0,0,34,214,251,139,0,0,0,0,0,0,0,0,0,0,0,0,0,0,0,0,0,0,0,0,0,0,0,0,0,0,235,138,0,0,0,0,0,0,0,0,0,0,0,0,0,0,0,0,0,0,0,0,0,0,0,0,0,0,235,79,0,0,0,0,0,0,0,0,0,0,0,0,0,0,0,0,0,0,0,0,0,0,0,0,0,0,236,128,0,0,0,0,0,0,0,0,0,0,0,0,0,0,0,0,0,0,0,0,0,0,0,0,0,0,235,79,0,0,0,0,0,0,0,0,0,0,0,0,0,0,0,0,0,0,0,0,0,0,0,0,0,50,251,12,0,0,0,0,0,0,0,0,0,0,0,0,0,0,0,0,0,0,0,0,0,0,0,0,0,131,254,0,0,0,0,0,0,0,0,0,0,0,0,0,0,0,0,0,0,0,0,0,0,0,0,0,0,192,170,0,0,0,0,0,0,0,0,0,0,0,0,0,0,0,0,0,0,0,0,0,0,0,0,0,7,221,133,0,0,0,0,0,0,0,0,0,0,0,0,0,0,0,0,0,0,0,0,0,0,0,0,0,40,254,110,0,0,0,0,0,0,0,0,0,0,0,0,0,0,0,0,0,0,0,0,0,0,0,0,0,112,254,74,0,0,0,0,0,0,0,0,0,0,0,0,0,0,0,0,0,0,0,0,0,0,0,0,2,201,250,18,0,0,0,0,0,0,0,0,0,0,0,0,0,0,0,0,0,0,0,0,0,0,0,0,32,254,213,6,0,0,0,0,0,0,0,0,0,0,0,0,0,0,0,0,0,0,0,0,0,0,0,0,140,254,87,0,0,0,0,0,0,0,0,0,0,0,0,0,0,0,0,0,0,0,0,0,0,0,0,0,176,242,27,0,0,0,0,0,0,0,0,0,0,0,0,0,0,0,0,0,0,0,0,0,0,0,0,0,207,185,0,0,0,0,0,0,0,0,0,0,0,0,0,0,0,0,0,0,0,0,0,0,0,0,0,0,255,76,0,0,0,0,0,0,0,0,0,0,0,0,0,0,0,0,0,0,0,0,0,0,0,0,0,43,255,59,0,0,0,0,0,0,0,0,0,0,0,0,0,0,0,0,0,0,0,0,0,0,0,0,0,151,254,59,0,0,0,0,0,0,0,0,0,0,0,0,0,0,0,0,0,0,0,0,0,0,0,0,0,0,0,0,0,0,0,0,0,0,0,0,0,0,0,0,0,0,0,0,0,0,0,0,0,0,0,0,0,0,0,0,0,0,0,0,0,0,0,0,0,0,0,0,0,0,0,0,0,0,0,0,0,0,0,0,0,0,0,0,0,0,0,0,0,0,0,0,0,0,0,0,0,0,0,0,0,0,0,0,0,0,0,0,0,0,0,0,0,0,0,0,0,0,0,0,0,0,0,0,0,0
8,0,0,0,0,0,0,0,0,0,0,0,0,0,0,0,0,0,0,0,0,0,0,0,0,0,0,0,0,0,0,0,0,0,0,0,0,0,0,0,0,0,0,0,0,0,0,0,0,0,0,0,0,0,0,0,0,0,0,0,0,0,0,0,0,0,0,0,0,0,0,0,0,0,0,0,0,0,0,0,0,0,0,0,0,0,0,0,0,0,0,0,0,0,0,0,0,0,0,0,0,0,0,0,0,0,0,0,0,0,0,0,0,0,0,0,0,0,0,0,0,0,0,0,0,0,128,178,178,161,104,32,0,0,0,0,0,0,0,0,0,0,0,0,0,0,0,0,0,0,0,0,30,206,254,227,211,253,254,190,25,0,0,0,0,0,0,0,0,0,0,0,0,0,0,0,0,0,0,5,195,253,113,21,5,46,129,251,163,0,0,0,0,0,0,0,0,0,0,0,0,0,0,0,0,0,0,47,253,219,0,0,0,0,0,163,246,50,0,0,0,0,0,0,0,0,0,0,0,0,0,0,0,0,0,47,254,161,0,0,0,0,0,139,254,128,0,0,0,0,0,0,0,0,0,0,0,0,0,0,0,0,0,21,228,245,0,0,0,0,0,138,253,143,0,0,0,0,0,0,0,0,0,0,0,0,0,0,0,0,0,0,157,253,119,0,0,0,0,147,253,103,0,0,0,0,0,0,0,0,0,0,0,0,0,0,0,0,0,0,15,228,235,50,0,0,151,247,202,19,0,0,0,0,0,0,0,0,0,0,0,0,0,0,0,0,0,0,0,102,254,237,95,229,236,248,113,0,0,0,0,0,0,0,0,0,0,0,0,0,0,0,0,0,0,0,0,0,186,253,253,236,105,184,4,0,0,0,0,0,0,0,0,0,0,0,0,0,0,0,0,0,0,0,0,0,153,253,253,236,189,105,0,0,0,0,0,0,0,0,0,0,0,0,0,0,0,0,0,0,0,0,9,127,254,168,202,253,93,0,0,0,0,0,0,0,0,0,0,0,0,0,0,0,0,0,0,0,0,13,120,254,160,9,51,235,229,15,0,0,0,0,0,0,0,0,0,0,0,0,0,0,0,0,0,0,0,97,253,185,0,0,0,184,254,107,0,0,0,0,0,0,0,0,0,0,0,0,0,0,0,0,0,0,32,224,225,13,0,0,0,109,254,115,0,0,0,0,0,0,0,0,0,0,0,0,0,0,0,0,0,0,70,253,71,0,0,0,0,93,254,115,0,0,0,0,0,0,0,0,0,0,0,0,0,0,0,0,0,0,128,207,0,0,0,0,7,204,255,115,0,0,0,0,0,0,0,0,0,0,0,0,0,0,0,0,0,0,161,215,9,17,47,130,216,253,199,19,0,0,0,0,0,0,0,0,0,0,0,0,0,0,0,0,0,0,120,253,215,224,254,253,242,162,51,0,0,0,0,0,0,0,0,0,0,0,0,0,0,0,0,0,0,0,19,169,253,253,161,77,38,0,0,0,0,0,0,0,0,0,0,0,0,0,0,0,0,0,0,0,0,0,0,0,0,0,0,0,0,0,0,0,0,0,0,0,0,0,0,0,0,0,0,0,0,0,0,0,0,0,0,0,0,0,0,0,0,0,0,0,0,0,0,0,0,0,0,0,0,0,0,0,0,0,0,0,0,0,0,0,0,0,0,0,0,0,0,0,0,0,0,0,0,0,0,0,0,0,0,0,0,0,0,0,0,0,0,0,0,0,0,0,0,0,0,0,0,0,0,0,0,0,0,0,0
2,0,0,0,0,0,0,0,0,0,0,0,0,0,0,0,0,0,0,0,0,0,0,0,0,0,0,0,0,0,0,0,0,0,0,0,0,0,0,0,0,0,0,0,0,0,0,0,0,0,0,0,0,0,0,0,0,0,0,0,0,0,0,0,0,0,0,0,0,0,0,0,0,0,0,0,0,0,0,0,0,0,0,0,0,0,0,0,0,0,0,0,0,198,253,253,255,206,222,174,174,63,0,0,0,0,0,0,0,0,0,0,0,0,0,0,0,0,0,0,123,246,252,252,253,252,252,252,252,178,57,0,0,0,0,0,0,0,0,0,0,0,0,0,0,0,0,0,225,252,252,252,253,252,252,252,252,253,186,13,0,0,0,0,0,0,0,0,0,0,0,0,0,0,0,0,225,252,252,252,253,252,252,252,252,253,252,71,0,0,0,0,0,0,0,0,0,0,0,0,0,0,0,0,225,252,236,112,112,112,112,128,252,253,252,195,0,0,0,0,0,0,0,0,0,0,0,0,0,0,0,0,0,0,0,0,0,0,0,0,141,255,253,196,0,0,0,0,0,0,0,0,0,0,0,0,0,0,0,0,0,0,0,0,0,0,0,26,240,253,223,52,0,0,0,0,0,0,0,0,0,0,0,0,0,0,0,0,0,0,0,0,0,0,0,29,252,253,167,0,0,0,0,0,0,0,0,0,0,0,0,0,0,0,0,0,0,0,0,0,0,0,0,44,252,253,167,0,0,0,0,0,0,0,0,0,0,0,0,0,0,0,0,0,0,0,0,0,0,0,0,91,252,253,214,31,0,0,0,0,0,0,0,0,0,0,0,0,0,0,0,0,0,0,0,0,0,0,0,29,253,255,253,56,0,0,0,0,0,0,0,0,0,0,0,0,0,0,0,0,29,85,28,0,0,0,0,76,252,253,223,37,0,0,0,0,0,10,85,0,0,0,0,0,0,0,0,26,200,252,215,197,135,57,57,187,252,253,167,13,51,0,26,57,88,203,252,0,0,0,0,0,0,0,0,113,252,252,252,252,253,252,252,252,252,253,224,187,242,169,207,252,252,252,252,0,0,0,0,0,0,0,0,113,252,252,252,252,253,252,252,252,252,253,252,252,252,252,253,252,252,252,252,0,0,0,0,0,0,0,0,255,253,253,253,253,255,253,253,253,253,255,253,253,253,253,255,253,253,178,63,0,0,0,0,0,0,0,0,253,252,252,252,252,253,252,252,252,252,253,252,252,252,252,253,223,136,9,0,0,0,0,0,0,0,0,0,143,252,252,252,252,253,252,239,102,55,56,103,86,55,55,56,37,0,0,0,0,0,0,0,0,0,0,0,38,130,246,252,252,253,252,102,0,0,0,0,0,0,0,0,0,0,0,0,0,0,0,0,0,0,0,0,0,0,88,205,252,190,112,25,0,0,0,0,0,0,0,0,0,0,0,0,0,0,0,0,0,0,0,0,0,0,0,0,0,0,0,0,0,0,0,0,0,0,0,0,0,0,0,0,0,0,0,0,0,0,0,0,0,0,0,0,0,0,0,0,0,0,0,0,0,0,0,0,0,0,0,0,0,0,0,0,0,0,0,0,0,0,0,0,0,0,0,0,0,0,0,0,0,0,0,0,0,0,0,0,0,0,0,0,0,0,0,0,0,0,0,0,0,0,0,0,0,0,0,0,0,0,0,0,0,0,0,0,0,0,0,0,0,0,0,0,0,0,0,0,0,0,0,0,0,0,0,0,0,0,0,0,0,0,0,0,0,0
4,0,0,0,0,0,0,0,0,0,0,0,0,0,0,0,0,0,0,0,0,0,0,0,0,0,0,0,0,0,0,0,0,0,0,0,0,0,0,0,0,0,0,0,0,0,0,0,0,0,0,0,0,0,0,0,0,0,0,0,0,0,0,0,0,0,0,0,0,0,0,0,0,0,0,0,0,0,0,0,0,0,0,0,0,0,0,0,0,0,0,0,0,0,0,0,0,0,0,0,0,0,0,0,0,0,0,0,0,0,0,0,0,0,0,0,0,0,0,0,0,0,0,0,0,0,0,0,0,0,0,0,0,0,0,0,0,0,0,0,0,0,0,0,0,0,0,0,0,0,0,0,0,0,0,0,0,0,0,0,0,0,0,0,0,0,0,0,0,0,0,0,0,0,0,0,0,0,0,0,0,0,0,0,0,0,0,0,0,0,0,0,0,0,0,0,0,0,0,0,0,0,0,0,0,0,0,0,0,0,0,0,0,0,0,0,0,0,4,29,0,0,0,0,0,0,0,0,0,0,0,0,0,0,0,0,0,0,0,0,0,0,0,0,0,13,154,229,0,0,0,0,0,0,0,0,92,4,0,0,0,0,0,0,0,0,26,0,0,0,0,0,4,167,208,7,0,0,0,0,0,0,0,0,254,117,0,0,0,0,0,0,0,64,201,0,0,0,0,0,105,254,38,0,0,0,0,0,0,0,0,0,148,141,0,0,0,0,0,0,23,230,76,0,0,0,0,19,230,135,0,0,0,0,0,0,0,0,0,0,160,141,0,0,0,0,0,0,198,153,0,0,0,0,0,145,223,16,0,0,0,0,0,0,0,0,0,0,0,0,0,0,0,0,0,151,233,25,0,0,0,0,48,255,89,0,0,0,0,0,0,0,0,0,0,0,0,0,0,0,0,0,19,245,95,0,0,0,0,0,173,191,0,0,0,0,0,0,0,0,0,0,0,0,0,0,0,0,0,0,86,254,26,0,0,0,0,51,252,63,0,0,0,0,0,0,0,0,0,0,0,0,0,0,0,0,0,0,73,254,182,170,127,114,114,214,239,114,120,132,38,0,0,0,0,0,0,0,0,0,0,0,0,0,0,0,0,89,170,182,214,176,236,248,170,144,114,63,0,0,0,0,0,0,0,0,0,0,0,0,0,0,0,0,0,0,0,0,0,13,236,97,0,0,0,0,0,0,0,0,0,0,0,0,0,0,0,0,0,0,0,0,0,0,0,0,0,145,208,0,0,0,0,0,0,0,0,0,0,0,0,0,0,0,0,0,0,0,0,0,0,0,0,0,0,220,107,0,0,0,0,0,0,0,0,0,0,0,0,0,0,0,0,0,0,0,0,0,0,0,0,0,0,176,83,0,0,0,0,0,0,0,0,0,0,0,0,0,0,0,0,0,0,0,0,0,0,0,0,0,0,13,7,0,0,0,0,0,0,0,0,0,0,0,0,0,0,0,0,0,0,0,0,0,0,0,0,0,0,0,0,0,0,0,0,0,0,0,0,0,0,0,0,0,0,0,0,0,0,0,0,0,0,0,0,0,0,0,0,0,0,0,0,0,0,0,0,0,0,0,0,0,0,0,0,0,0,0,0,0,0,0,0,0,0,0,0,0,0,0,0,0,0,0,0,0,0,0,0,0,0,0,0,0,0,0,0,0,0,0,0,0,0,0,0,0,0,0,0,0,0,0,0,0,0,0,0,0,0,0,0,0,0,0,0,0,0,0,0,0,0,0,0,0,0,0,0,0,0,0,0,0,0,0,0
2,0,0,0,0,0,0,0,0,0,0,0,0,0,0,0,0,0,0,0,0,0,0,0,0,0,0,0,0,0,0,0,0,0,0,0,0,0,0,0,0,0,0,0,0,0,0,0,0,0,0,0,0,0,0,0,0,0,0,0,0,0,0,0,0,0,0,0,0,0,0,0,0,0,0,0,0,0,0,0,0,0,0,0,0,0,0,0,0,0,0,0,0,0,0,0,0,0,0,0,0,0,0,0,0,0,0,0,0,0,0,0,0,0,0,0,0,0,0,0,0,0,0,0,0,0,0,0,0,0,0,0,0,0,0,0,0,0,0,0,0,0,0,0,0,0,0,0,0,0,0,0,0,0,0,0,0,0,0,0,0,0,0,0,0,0,0,0,0,0,0,0,0,0,0,0,0,0,0,0,0,0,0,0,0,0,0,0,0,0,0,0,0,0,0,0,0,0,0,0,0,0,0,0,0,0,0,0,0,0,88,118,118,118,118,198,248,241,54,0,0,0,0,0,0,0,0,0,0,0,0,0,0,41,112,151,241,241,250,253,253,253,253,253,253,253,241,0,0,0,0,0,0,0,0,0,0,0,0,150,235,241,253,253,253,253,253,253,253,253,253,253,253,253,249,51,0,0,0,0,0,0,0,0,0,97,222,251,253,253,253,253,253,253,253,253,253,253,253,253,253,253,253,173,0,0,0,0,0,0,0,0,109,253,253,253,253,253,253,253,253,253,253,187,162,223,253,253,253,253,253,253,0,0,0,0,0,0,0,0,168,253,253,253,253,253,253,253,253,198,38,11,16,198,253,253,253,253,251,102,0,0,0,0,0,0,0,0,254,253,253,221,108,175,65,45,45,34,0,17,111,253,253,253,253,249,104,0,0,0,0,0,0,0,0,0,254,253,253,113,0,0,0,0,0,0,54,176,253,253,253,253,253,136,0,0,0,0,0,0,0,0,0,0,221,253,167,5,0,0,0,0,0,51,239,253,253,253,253,253,253,110,0,0,0,0,0,0,0,0,0,0,125,253,45,0,0,0,0,0,85,206,253,253,253,253,253,247,194,85,0,0,0,0,0,0,0,0,0,0,35,71,4,0,0,0,0,0,202,253,253,253,253,253,253,200,0,0,0,0,0,0,0,0,0,0,0,0,0,0,0,0,0,0,0,0,202,253,253,253,253,253,139,30,0,0,0,0,0,0,0,0,0,0,0,0,0,0,0,0,0,0,0,0,182,253,253,253,253,253,199,156,40,17,0,0,0,0,0,0,0,0,0,0,0,0,0,0,0,0,0,0,26,199,253,253,253,253,253,253,253,202,160,16,0,0,0,0,0,0,0,0,0,0,0,0,0,0,0,0,0,25,194,246,253,253,253,253,253,253,253,123,0,0,0,0,0,0,0,0,0,0,0,0,0,0,0,0,0,0,0,102,247,253,253,253,253,253,249,51,0,0,0,0,0,0,0,0,0,0,0,0,0,0,0,0,0,0,0,0,77,110,195,253,253,253,247,0,0,0,0,0,0,0,0,0,0,0,0,0,0,0,0,0,0,0,0,0,0,0,15,129,247,247,240,0,0,0,0,0,0,0,0,0,0,0,0,0,0,0,0,0,0,0,0,0,0,0,0,0,0,0,0,0,0,0,0,0,0,0,0,0,0,0,0,0,0,0,0,0,0,0,0,0,0,0,0,0,0,0,0,0,0,0,0,0,0,0,0,0,0,0,0,0,0,0,0,0,0,0,0,0,0,0,0,0,0,0,0,0,0,0,0,0,0
3,0,0,0,0,0,0,0,0,0,0,0,0,0,0,0,0,0,0,0,0,0,0,0,0,0,0,0,0,0,0,0,0,0,0,0,0,0,0,0,0,0,0,0,0,0,0,0,0,0,0,0,0,0,0,0,0,0,0,0,0,0,0,0,0,0,0,0,0,0,0,0,0,0,0,0,0,0,0,0,0,0,0,0,0,0,0,0,0,0,0,0,0,0,0,0,0,0,0,0,0,0,0,0,0,0,0,0,0,0,0,0,0,0,0,0,0,0,0,0,0,0,7,118,252,254,255,153,105,0,0,0,0,0,0,0,0,0,0,0,0,0,0,0,0,0,0,0,0,0,9,206,253,253,253,253,251,153,0,0,0,0,0,0,0,0,0,0,0,0,0,0,0,0,0,0,0,0,0,92,177,177,177,233,253,246,0,0,0,0,0,0,0,0,0,0,0,0,0,0,0,0,0,0,0,0,0,0,0,0,0,82,253,246,0,0,0,0,0,0,0,0,0,0,0,0,0,0,0,0,0,0,0,0,0,0,0,0,0,49,253,247,18,0,0,0,0,0,0,0,0,0,0,0,0,0,0,0,0,0,0,0,0,0,0,0,0,56,253,249,53,0,0,0,0,0,0,0,0,0,0,0,0,0,0,0,0,0,0,0,0,0,0,0,0,186,253,246,0,0,0,0,0,0,0,0,0,0,0,0,0,0,0,0,0,0,0,0,0,0,0,0,30,215,253,186,0,0,0,0,0,0,0,0,0,0,0,0,0,0,0,0,0,0,0,0,0,0,0,32,209,253,243,71,0,0,0,0,0,0,0,0,0,0,0,0,0,0,0,0,0,0,0,0,0,0,0,90,253,253,188,0,0,0,0,0,0,0,0,0,0,0,0,0,0,0,0,0,0,0,0,0,0,0,0,73,244,253,194,21,0,0,0,0,0,0,0,0,0,0,0,0,0,0,0,0,0,0,0,0,0,0,0,0,72,194,253,199,15,0,0,0,0,0,0,0,0,0,0,0,0,0,0,0,0,0,0,0,0,0,0,0,0,21,125,253,129,0,0,0,0,0,0,0,0,0,0,0,0,0,0,0,0,0,0,0,0,0,0,0,0,0,28,253,190,7,0,0,0,0,0,0,0,0,0,0,0,0,0,0,0,0,0,0,6,104,3,0,0,0,28,253,253,13,0,0,0,0,0,0,0,0,0,0,0,0,0,0,0,0,0,0,133,253,6,0,0,16,176,253,213,9,0,0,0,0,0,0,0,0,0,0,0,0,0,0,0,0,0,0,151,253,6,0,17,173,253,253,129,0,0,0,0,0,0,0,0,0,0,0,0,0,0,0,0,0,0,0,129,253,180,179,199,253,253,226,39,0,0,0,0,0,0,0,0,0,0,0,0,0,0,0,0,0,0,0,6,176,253,253,253,253,236,41,0,0,0,0,0,0,0,0,0,0,0,0,0,0,0,0,0,0,0,0,0,60,250,253,253,152,104,0,0,0,0,0,0,0,0,0,0,0,0,0,0,0,0,0,0,0,0,0,0,0,0,0,0,0,0,0,0,0,0,0,0,0,0,0,0,0,0,0,0,0,0,0,0,0,0,0,0,0,0,0,0,0,0,0,0,0,0,0,0,0,0,0,0,0,0,0,0,0,0,0,0,0,0,0,0,0,0,0,0,0,0,0,0,0,0,0,0,0,0,0,0,0,0,0,0,0,0,0,0,0,0,0,0,0,0,0,0,0,0,0,0,0,0,0,0,0,0,0,0,0,0
5,0,0,0,0,0,0,0,0,0,0,0,0,0,0,0,0,0,0,0,0,0,0,0,0,0,0,0,0,0,0,0,0,0,0,0,0,0,0,0,0,0,0,0,0,0,0,0,0,0,0,0,0,0,0,0,0,0,0,0,0,0,0,0,0,0,0,0,0,0,0,0,0,0,0,0,0,0,0,0,0,0,0,0,0,0,0,0,0,0,0,0,0,0,0,0,0,0,0,0,0,0,0,0,0,0,0,0,0,0,0,0,0,0,0,0,0,0,0,0,0,0,0,0,0,0,0,0,0,0,0,0,0,0,0,0,0,0,0,0,0,0,0,0,0,0,0,0,0,0,0,0,0,0,0,0,0,0,15,108,180,253,181,9,0,0,0,0,0,0,0,0,0,0,0,0,0,0,0,0,0,0,34,47,99,162,219,252,252,252,218,33,0,0,0,0,0,0,0,0,0,0,0,0,0,0,0,0,0,66,234,252,252,253,208,151,69,69,32,0,0,0,0,0,0,0,0,0,0,0,0,0,0,0,0,0,9,194,252,252,168,98,17,0,0,0,0,0,0,0,0,0,0,0,0,0,0,0,0,0,0,0,0,0,24,252,252,116,2,0,0,0,0,0,0,0,0,0,0,0,0,0,0,0,0,0,0,0,0,0,0,0,139,253,247,42,0,0,0,0,0,0,0,0,0,0,0,0,0,0,0,0,0,0,0,0,0,0,0,0,212,252,162,0,0,0,0,0,0,0,0,0,0,0,0,0,0,0,0,0,0,0,0,0,0,0,0,85,253,252,119,13,0,0,0,0,0,0,0,0,0,0,0,0,0,0,0,0,0,0,0,0,0,0,0,116,253,252,252,215,103,0,0,0,0,0,0,0,0,0,0,0,0,0,0,0,0,0,0,0,0,0,0,63,253,252,252,252,252,106,0,0,0,0,0,0,0,0,0,0,0,0,0,0,0,0,0,0,0,0,0,0,0,22,116,218,253,255,159,7,0,0,0,0,0,0,0,0,0,0,0,0,0,0,0,0,0,0,0,0,0,0,0,34,143,253,252,69,0,0,0,0,0,0,0,0,0,0,0,0,0,0,0,0,0,0,0,0,0,0,0,0,0,253,252,100,0,0,0,0,0,0,0,0,0,0,0,0,0,0,0,0,0,0,0,0,0,0,0,0,0,253,252,89,0,0,0,0,0,0,0,0,0,0,0,0,0,0,0,0,0,0,0,0,0,0,0,0,53,253,252,69,0,0,0,0,0,0,0,0,0,0,0,0,0,0,0,0,0,0,0,0,0,0,0,51,191,255,218,32,0,0,0,0,0,0,0,0,0,0,0,0,0,0,0,0,0,0,0,0,0,9,130,194,252,249,75,0,0,0,0,0,0,0,0,0,0,0,0,0,0,0,0,0,0,0,0,32,81,197,252,252,252,115,0,0,0,0,0,0,0,0,0,0,0,0,0,0,0,0,0,0,0,0,170,228,253,252,252,176,56,0,0,0,0,0,0,0,0,0,0,0,0,0,0,0,0,0,0,0,0,0,207,252,190,117,22,4,0,0,0,0,0,0,0,0,0,0,0,0,0,0,0,0,0,0,0,0,0,0,0,0,0,0,0,0,0,0,0,0,0,0,0,0,0,0,0,0,0,0,0,0,0,0,0,0,0,0,0,0,0,0,0,0,0,0,0,0,0,0,0,0,0,0,0,0,0,0,0,0,0,0,0,0,0,0,0,0,0,0,0,0,0,0,0,0,0,0,0,0,0,0,0,0,0
7,0,0,0,0,0,0,0,0,0,0,0,0,0,0,0,0,0,0,0,0,0,0,0,0,0,0,0,0,0,0,0,0,0,0,0,0,0,0,0,0,0,0,0,0,0,0,0,0,0,0,0,0,0,0,0,0,0,0,0,0,0,0,0,0,0,0,0,0,0,0,0,0,0,0,0,0,0,0,0,0,0,0,0,0,0,0,0,0,0,0,0,0,0,0,0,0,0,0,0,0,0,0,0,0,0,0,0,0,0,0,0,0,0,0,0,0,0,0,0,0,0,0,0,0,0,0,0,0,0,0,0,0,0,0,0,0,0,0,0,0,0,0,0,0,0,0,0,0,0,0,0,0,0,0,0,0,0,0,0,0,0,0,0,0,0,0,0,0,0,0,0,0,0,0,0,0,0,0,0,228,255,153,192,192,118,118,118,118,118,44,0,0,0,0,0,0,0,0,0,0,0,0,0,0,0,0,229,251,253,253,253,253,253,253,253,253,253,230,45,0,0,0,0,0,0,0,0,0,0,0,0,0,0,72,251,253,253,253,253,253,253,253,253,253,253,253,156,0,0,0,0,0,0,0,0,0,0,0,0,0,0,0,120,198,198,198,198,198,198,198,246,253,253,253,148,0,0,0,0,0,0,0,0,0,0,0,0,0,0,0,0,0,0,0,0,0,0,15,225,253,253,232,101,0,0,0,0,0,0,0,0,0,0,0,0,0,0,0,0,0,0,0,0,0,7,112,253,253,251,90,0,0,0,0,0,0,0,0,0,0,0,0,0,0,0,0,0,0,0,0,0,0,125,253,253,253,212,0,0,0,0,0,0,0,0,0,0,0,0,0,0,0,0,0,0,0,0,0,0,141,250,253,253,192,5,0,0,0,0,0,0,0,0,0,0,0,0,0,0,0,0,0,0,0,0,0,148,242,253,253,253,68,0,0,0,0,0,0,0,0,0,0,0,0,0,0,0,0,0,0,0,0,38,188,237,253,253,253,74,10,0,0,0,0,0,0,0,0,0,0,0,0,0,0,0,0,0,0,0,18,86,235,253,253,230,75,9,0,0,0,0,0,0,0,0,0,0,0,0,0,0,0,0,0,0,0,87,196,253,253,253,159,46,0,0,0,0,0,0,0,0,0,0,0,0,0,0,0,0,0,0,0,1,79,251,253,253,253,159,47,0,0,0,0,0,0,0,0,0,0,0,0,0,0,0,0,0,0,0,17,131,253,253,253,253,162,46,0,0,0,0,0,0,0,0,0,0,0,0,0,0,0,0,0,0,0,79,198,253,253,253,217,150,41,0,0,0,0,0,0,0,0,0,0,0,0,0,0,0,0,0,0,32,83,212,253,253,210,170,36,0,0,0,0,0,0,0,0,0,0,0,0,0,0,0,0,0,0,0,0,130,253,253,253,253,193,3,0,0,0,0,0,0,0,0,0,0,0,0,0,0,0,0,0,0,0,0,64,244,253,253,229,75,37,0,0,0,0,0,0,0,0,0,0,0,0,0,0,0,0,0,0,0,0,0,148,246,253,219,83,0,0,0,0,0,0,0,0,0,0,0,0,0,0,0,0,0,0,0,0,0,0,0,54,116,116,91,0,0,0,0,0,0,0,0,0,0,0,0,0,0,0,0,0,0,0,0,0,0,0,0,0,0,0,0,0,0,0,0,0,0,0,0,0,0,0,0,0,0,0,0,0,0,0,0,0,0,0,0,0,0,0,0,0,0,0,0,0,0,0,0,0,0,0,0,0,0,0,0,0,0,0,0,0
9,0,0,0,0,0,0,0,0,0,0,0,0,0,0,0,0,0,0,0,0,0,0,0,0,0,0,0,0,0,0,0,0,0,0,0,0,0,0,0,0,0,0,0,0,0,0,0,0,0,0,0,0,0,0,0,0,0,0,0,0,0,0,0,0,0,0,0,0,0,0,0,0,0,0,0,0,0,0,0,0,0,0,0,0,0,0,0,0,0,0,0,0,0,0,0,0,0,0,0,0,0,0,0,0,0,0,0,0,0,0,0,0,0,0,0,0,0,0,0,0,0,0,0,0,0,0,0,0,0,0,0,0,0,0,0,0,0,0,0,0,0,0,0,0,0,0,0,0,0,0,0,0,0,0,0,0,0,0,0,0,0,0,0,0,0,0,0,0,0,0,0,0,0,0,0,0,0,66,219,254,255,194,28,0,0,0,0,0,0,0,0,0,0,0,0,0,0,0,0,0,0,0,0,0,16,195,254,254,254,254,195,51,0,0,0,0,0,0,0,0,0,0,0,0,0,0,0,0,0,0,0,0,144,251,254,201,44,156,254,194,10,0,0,0,0,0,0,0,0,0,0,0,0,0,0,0,0,0,0,19,201,254,190,28,0,9,157,254,157,6,0,0,0,0,0,0,0,0,0,0,0,0,0,0,0,0,0,61,249,248,86,0,0,0,69,219,254,72,0,0,0,0,0,0,0,0,0,0,0,0,0,0,0,0,0,171,254,200,18,0,0,0,24,216,254,156,0,0,0,0,0,0,0,0,0,0,0,0,0,0,0,0,0,180,254,179,0,0,1,88,237,254,254,161,0,0,0,0,0,0,0,0,0,0,0,0,0,0,0,0,0,151,251,200,18,18,87,254,254,254,254,149,0,0,0,0,0,0,0,0,0,0,0,0,0,0,0,0,0,19,201,254,254,254,254,254,249,189,254,167,0,0,0,0,0,0,0,0,0,0,0,0,0,0,0,0,0,0,68,224,254,254,254,193,58,98,254,192,12,0,0,0,0,0,0,0,0,0,0,0,0,0,0,0,0,0,0,0,40,88,55,0,0,25,216,255,150,0,0,0,0,0,0,0,0,0,0,0,0,0,0,0,0,0,0,0,0,0,0,0,0,0,149,254,252,73,0,0,0,0,0,0,0,0,0,0,0,0,0,0,0,0,0,0,0,0,0,0,0,0,83,247,254,146,0,0,0,0,0,0,0,0,0,0,0,0,0,0,0,0,0,0,0,0,0,0,0,0,22,207,254,200,18,0,0,0,0,0,0,0,0,0,0,0,0,0,0,0,0,0,0,0,0,0,0,0,0,167,254,249,61,0,0,0,0,0,0,0,0,0,0,0,0,0,0,0,0,0,0,0,0,0,0,0,0,137,254,254,110,0,0,0,0,0,0,0,0,0,0,0,0,0,0,0,0,0,0,0,0,0,0,0,22,237,254,254,179,0,0,0,0,0,0,0,0,0,0,0,0,0,0,0,0,0,0,0,0,0,0,0,0,198,254,254,191,0,0,0,0,0,0,0,0,0,0,0,0,0,0,0,0,0,0,0,0,0,0,0,0,131,254,254,173,0,0,0,0,0,0,0,0,0,0,0,0,0,0,0,0,0,0,0,0,0,0,0,0,17,154,208,166,0,0,0,0,0,0,0,0,0,0,0,0,0,0,0,0,0,0,0,0,0,0,0,0,0,0,0,0,0,0,0,0,0,0,0,0,0,0,0,0,0,0,0,0,0,0,0,0,0,0,0,0,0,0,0,0,0,0,0,0,0,0,0
7,0,0,0,0,0,0,0,0,0,0,0,0,0,0,0,0,0,0,0,0,0,0,0,0,0,0,0,0,0,0,0,0,0,0,0,0,0,0,0,0,0,0,0,0,0,0,0,0,0,0,0,0,0,0,0,0,0,0,0,0,0,0,0,0,0,0,0,0,0,0,0,0,0,0,0,0,0,0,0,0,0,0,0,0,0,0,0,0,0,0,0,0,0,0,0,0,0,0,0,0,0,0,0,0,0,0,0,0,0,0,0,0,0,0,0,0,0,0,0,0,0,0,0,0,0,0,0,0,0,0,0,0,0,0,0,0,0,0,0,0,0,0,0,0,0,0,0,0,0,0,0,0,0,0,0,0,0,0,0,0,0,0,0,0,0,0,0,0,0,0,0,0,0,0,0,0,0,0,0,0,0,0,0,0,0,0,0,0,0,0,0,0,0,0,0,0,0,0,0,0,0,0,0,0,0,61,3,0,0,0,13,121,254,254,255,118,0,0,0,0,0,0,0,0,0,0,0,0,0,0,0,66,104,244,234,234,234,234,236,253,253,253,253,248,122,0,0,0,0,0,0,0,0,0,0,0,0,0,88,240,253,253,253,253,253,253,253,253,253,253,253,253,212,0,0,0,0,0,0,0,0,0,0,0,0,88,239,253,253,253,253,253,253,253,253,253,253,253,253,253,212,0,0,0,0,0,0,0,0,0,0,0,0,213,253,253,253,253,253,253,244,219,219,219,151,245,253,253,212,0,0,0,0,0,0,0,0,0,0,0,0,213,253,253,253,246,105,103,75,0,0,0,0,241,253,253,204,0,0,0,0,0,0,0,0,0,0,0,0,142,253,253,246,60,0,0,0,0,0,0,65,247,253,253,75,0,0,0,0,0,0,0,0,0,0,0,0,2,134,238,61,0,0,0,0,0,0,0,125,253,253,226,43,0,0,0,0,0,0,0,0,0,0,0,0,0,6,23,0,0,0,0,0,0,0,55,240,253,253,191,0,0,0,0,0,0,0,0,0,0,0,0,0,0,0,0,0,0,0,0,0,0,8,174,253,253,253,191,0,0,0,0,0,0,0,0,0,0,0,0,0,0,0,0,0,0,0,0,0,0,28,253,253,253,253,91,0,0,0,0,0,0,0,0,0,0,0,0,0,0,0,0,0,0,0,0,0,0,118,253,253,253,184,19,0,0,0,0,0,0,0,0,0,0,0,0,0,0,0,0,0,0,0,0,0,2,167,253,253,253,34,0,0,0,0,0,0,0,0,0,0,0,0,0,0,0,0,0,0,0,0,0,0,116,253,253,253,253,34,0,0,0,0,0,0,0,0,0,0,0,0,0,0,0,0,0,0,0,0,0,29,213,253,253,253,155,2,0,0,0,0,0,0,0,0,0,0,0,0,0,0,0,0,0,0,0,0,30,204,253,253,253,213,27,0,0,0,0,0,0,0,0,0,0,0,0,0,0,0,0,0,0,0,0,0,90,253,253,253,251,98,0,0,0,0,0,0,0,0,0,0,0,0,0,0,0,0,0,0,0,0,0,0,90,253,253,249,131,0,0,0,0,0,0,0,0,0,0,0,0,0,0,0,0,0,0,0,0,0,0,0,90,253,253,226,0,0,0,0,0,0,0,0,0,0,0,0,0,0,0,0,0,0,0,0,0,0,0,0,41,228,253,151,0,0,0,0,0,0,0,0,0,0,0,0,0,0,0,0,0,0,0,0,0,0,0,0,0,0,0,0,0,0,0,0,0,0,0,0,0,0,0,0,0
2,0,0,0,0,0,0,0,0,0,0,0,0,0,0,0,0,0,0,0,0,0,0,0,0,0,0,0,0,0,0,0,0,0,0,0,0,0,0,0,0,0,0,0,0,0,0,0,0,0,0,0,0,0,0,0,0,0,0,0,0,0,0,0,0,0,0,0,0,0,0,0,0,0,0,0,0,0,0,0,0,0,0,0,0,0,0,0,0,0,0,0,0,0,0,0,0,0,0,0,0,0,0,0,0,0,0,0,0,0,0,0,0,0,0,0,0,0,0,0,0,0,0,0,0,0,0,0,0,0,0,0,0,0,0,0,0,0,0,0,0,0,0,0,0,0,0,0,0,0,0,0,0,0,0,0,11,110,159,209,209,209,12,0,0,0,0,0,0,0,0,0,0,0,0,0,0,0,0,0,0,0,27,128,205,253,253,253,253,253,173,0,0,0,0,0,0,0,0,0,0,0,0,0,0,0,0,0,8,99,234,253,253,213,85,34,143,253,208,0,0,0,0,0,0,0,0,0,0,0,0,0,0,0,0,12,181,253,253,253,184,27,0,0,104,253,179,0,0,0,0,0,0,0,0,0,0,0,0,0,0,0,0,80,242,223,182,124,20,0,0,41,235,253,58,0,0,0,0,0,0,0,0,0,0,0,0,0,0,0,0,11,44,0,0,0,0,0,42,138,253,223,6,0,0,0,0,0,0,0,0,0,0,0,0,0,0,0,0,0,0,0,0,0,0,82,246,253,181,10,0,0,0,0,0,0,0,0,0,0,0,0,0,0,0,0,0,0,0,0,0,0,0,169,253,253,144,0,0,0,0,0,0,0,0,0,0,0,0,0,0,0,0,0,0,0,0,0,0,0,94,252,249,102,1,0,0,0,0,0,0,0,0,0,0,0,0,0,0,0,0,0,0,0,0,0,7,128,246,250,107,0,0,0,0,0,0,0,0,0,0,0,0,0,0,0,0,0,0,8,60,154,159,159,235,253,253,84,0,0,0,0,0,0,0,0,0,0,0,0,0,0,0,0,4,23,144,219,253,253,253,253,253,253,253,227,127,45,2,0,0,0,0,0,0,0,0,0,0,0,0,74,191,253,253,253,253,253,253,253,253,253,253,253,253,253,124,46,0,0,0,0,0,0,0,0,0,0,16,202,253,253,253,253,253,240,152,31,29,53,174,235,254,253,253,243,111,6,0,0,0,0,0,0,0,0,186,253,253,253,253,253,162,34,0,0,0,0,0,21,74,144,216,253,253,86,0,0,0,0,0,0,0,0,254,253,253,253,243,117,6,0,0,0,0,0,0,0,0,0,38,231,254,246,0,0,0,0,0,0,0,0,180,253,230,117,46,0,0,0,0,0,0,0,0,0,0,0,0,23,211,253,0,0,0,0,0,0,0,0,6,9,7,0,0,0,0,0,0,0,0,0,0,0,0,0,0,0,23,109,0,0,0,0,0,0,0,0,0,0,0,0,0,0,0,0,0,0,0,0,0,0,0,0,0,0,0,0,0,0,0,0,0,0,0,0,0,0,0,0,0,0,0,0,0,0,0,0,0,0,0,0,0,0,0,0,0,0,0,0,0,0,0,0,0,0,0,0,0,0,0,0,0,0,0,0,0,0,0,0,0,0,0,0,0,0,0,0,0,0,0,0,0,0,0,0,0,0,0,0,0,0,0,0,0,0,0,0,0,0,0,0,0,0,0,0,0,0,0,0,0,0,0,0,0,0,0,0,0,0,0,0,0,0,0,0,0,0,0,0,0,0,0,0,0
8,0,0,0,0,0,0,0,0,0,0,0,0,0,0,0,0,0,0,0,0,0,0,0,0,0,0,0,0,0,0,0,0,0,0,0,0,0,0,0,0,0,0,0,0,0,0,0,0,0,0,0,0,0,0,0,0,0,0,0,0,0,0,0,0,0,0,0,0,0,0,0,0,0,0,0,0,0,0,0,0,0,0,0,0,0,0,0,0,0,0,0,0,0,0,0,0,0,0,0,0,0,0,0,0,0,0,0,0,0,0,0,0,0,0,0,0,0,0,0,0,0,0,0,0,0,0,0,0,0,0,0,0,0,0,0,0,0,0,0,0,0,0,0,0,0,0,0,0,0,0,0,0,0,0,0,19,111,143,143,191,143,12,0,0,0,0,0,0,0,0,0,0,0,0,0,0,0,0,0,0,0,50,162,220,252,252,252,252,252,21,0,0,0,0,0,0,0,0,0,0,0,0,0,0,0,0,0,48,166,241,252,253,252,252,252,252,252,21,0,0,0,0,0,0,0,0,0,0,0,0,0,0,0,0,8,229,252,252,252,226,121,128,248,252,245,20,0,0,0,0,0,0,0,0,0,0,0,0,0,0,0,0,160,252,252,252,156,39,0,171,252,252,140,0,0,0,0,0,0,0,0,0,0,0,0,0,0,0,0,44,241,252,252,187,21,0,91,243,252,233,36,0,0,0,0,0,0,0,0,0,0,0,0,0,0,0,0,56,252,247,73,6,0,36,246,252,251,140,0,0,0,0,0,0,0,0,0,0,0,0,0,0,0,0,0,22,200,252,235,60,0,162,252,252,163,0,0,0,0,0,0,0,0,0,0,0,0,0,0,0,0,0,0,0,62,212,252,232,187,253,252,222,36,0,0,0,0,0,0,0,0,0,0,0,0,0,0,0,0,0,0,0,0,21,209,252,252,253,252,58,0,0,0,0,0,0,0,0,0,0,0,0,0,0,0,0,0,0,0,0,0,0,59,253,253,255,253,58,0,0,0,0,0,0,0,0,0,0,0,0,0,0,0,0,0,0,0,0,0,8,223,252,252,224,252,222,7,0,0,0,0,0,0,0,0,0,0,0,0,0,0,0,0,0,0,0,0,55,252,252,161,52,252,252,102,0,0,0,0,0,0,0,0,0,0,0,0,0,0,0,0,0,0,0,47,238,252,246,34,16,212,252,121,0,0,0,0,0,0,0,0,0,0,0,0,0,0,0,0,0,0,0,113,252,252,104,0,8,193,252,121,0,0,0,0,0,0,0,0,0,0,0,0,0,0,0,0,0,0,44,241,252,237,43,0,34,252,252,121,0,0,0,0,0,0,0,0,0,0,0,0,0,0,0,0,0,1,160,252,252,229,122,122,235,252,252,116,0,0,0,0,0,0,0,0,0,0,0,0,0,0,0,0,0,19,237,252,252,252,252,252,253,252,235,9,0,0,0,0,0,0,0,0,0,0,0,0,0,0,0,0,0,0,165,252,252,252,252,252,253,252,72,0,0,0,0,0,0,0,0,0,0,0,0,0,0,0,0,0,0,0,94,180,156,185,142,190,81,33,6,0,0,0,0,0,0,0,0,0,0,0,0,0,0,0,0,0,0,0,0,0,0,0,0,0,0,0,0,0,0,0,0,0,0,0,0,0,0,0,0,0,0,0,0,0,0,0,0,0,0,0,0,0,0,0,0,0,0,0,0,0,0,0,0,0,0,0,0,0,0,0,0,0,0,0,0,0,0,0,0,0,0,0,0,0,0,0,0,0,0,0,0,0,0
7,0,0,0,0,0,0,0,0,0,0,0,0,0,0,0,0,0,0,0,0,0,0,0,0,0,0,0,0,0,0,0,0,0,0,0,0,0,0,0,0,0,0,0,0,0,0,0,0,0,0,0,0,0,0,0,0,0,0,0,0,0,0,0,0,0,0,0,0,0,0,0,0,0,0,0,0,0,0,0,0,0,0,0,0,0,0,0,0,0,0,0,0,0,0,0,0,0,0,0,0,0,0,0,0,0,0,0,0,0,0,0,0,0,0,0,0,0,0,0,0,0,0,0,0,0,0,0,0,0,0,0,0,0,0,0,0,0,0,0,0,0,0,0,0,0,0,0,0,0,0,0,0,0,0,0,0,0,0,0,0,0,0,0,0,0,0,0,0,0,0,0,0,0,0,0,0,0,0,0,0,0,0,0,0,0,0,0,0,0,0,0,0,0,0,0,0,0,0,0,0,0,0,0,0,0,0,0,0,0,0,0,0,0,0,0,0,0,0,0,0,0,0,0,0,0,0,0,0,66,213,170,139,192,192,139,55,119,139,139,139,139,181,149,139,118,24,15,0,0,0,0,0,0,0,0,0,98,253,253,253,253,254,253,253,253,253,254,253,253,253,253,254,253,253,178,5,0,0,0,0,0,0,0,0,108,241,184,184,216,185,228,253,253,253,255,209,184,184,184,185,196,253,253,23,0,0,0,0,0,0,0,0,5,37,0,0,21,0,29,46,46,46,46,17,0,0,0,0,47,253,253,23,0,0,0,0,0,0,0,0,0,0,0,0,0,0,0,0,0,0,0,0,0,0,0,11,194,253,169,2,0,0,0,0,0,0,0,0,0,0,0,0,0,0,0,0,0,0,0,0,0,0,0,34,254,248,95,0,0,0,0,0,0,0,0,0,0,0,0,0,0,0,0,0,0,0,0,0,0,0,22,213,253,111,0,0,0,0,0,0,0,0,0,0,0,0,0,0,0,0,0,0,0,0,0,0,0,0,200,254,241,50,0,0,0,0,0,0,0,0,0,0,0,0,0,0,0,0,0,0,0,0,0,0,0,171,249,246,79,0,0,0,0,0,0,0,0,0,0,0,0,0,0,0,0,0,0,0,0,0,0,0,64,249,253,178,0,0,0,0,0,0,0,0,0,0,0,0,0,0,0,0,0,0,0,0,0,0,0,36,223,254,191,0,0,0,0,0,0,0,0,0,0,0,0,0,0,0,0,0,0,0,0,0,0,0,89,220,253,236,60,0,0,0,0,0,0,0,0,0,0,0,0,0,0,0,0,0,0,0,0,0,0,32,223,253,203,65,0,0,0,0,0,0,0,0,0,0,0,0,0,0,0,0,0,0,0,0,0,0,0,211,254,215,13,0,0,0,0,0,0,0,0,0,0,0,0,0,0,0,0,0,0,0,0,0,0,32,211,251,244,60,0,0,0,0,0,0,0,0,0,0,0,0,0,0,0,0,0,0,0,0,0,0,5,139,254,254,106,0,0,0,0,0,0,0,0,0,0,0,0,0,0,0,0,0,0,0,0,0,0,0,68,253,253,106,0,0,0,0,0,0,0,0,0,0,0,0,0,0,0,0,0,0,0,0,0,0,0,7,187,253,253,23,0,0,0,0,0,0,0,0,0,0,0,0,0,0,0,0,0,0,0,0,0,0,0,24,253,253,253,23,0,0,0,0,0,0,0,0,0,0,0,0,0,0,0,0,0,0,0,0,0,0,0,13,212,222,96,2,0,0,0,0,0,0,0,0,0,0,0,0,0,0
6,0,0,0,0,0,0,0,0,0,0,0,0,0,0,0,0,0,0,0,0,0,0,0,0,0,0,0,0,0,0,0,0,0,0,0,0,0,0,0,0,0,0,0,0,0,0,0,0,0,0,0,0,0,0,0,0,0,0,0,0,0,0,0,0,0,0,0,0,0,0,14,161,147,0,0,0,0,0,0,0,0,0,0,0,0,0,0,0,0,0,0,0,0,0,0,0,0,0,152,254,94,0,0,0,0,0,0,0,0,0,0,0,0,0,0,0,0,0,0,0,0,0,0,0,0,102,251,177,6,0,0,0,0,0,0,0,0,0,0,0,0,0,0,0,0,0,0,0,0,0,0,0,11,194,220,37,0,0,0,0,0,0,0,0,0,0,0,0,0,0,0,0,0,0,0,0,0,0,0,0,150,254,113,0,0,0,0,0,0,0,0,0,0,0,0,0,0,0,0,0,0,0,0,0,0,0,0,34,252,177,8,0,0,0,0,0,0,0,0,0,0,0,0,0,0,0,0,0,0,0,0,0,0,0,4,173,230,40,0,0,0,0,0,0,0,0,0,0,0,0,0,0,0,0,0,0,0,0,0,0,0,0,123,254,95,0,0,0,0,0,0,0,0,0,0,0,0,0,0,0,0,0,0,0,0,0,0,0,0,34,227,184,8,0,0,0,0,0,0,0,0,0,0,0,0,0,0,0,0,0,0,0,0,0,0,0,0,191,253,66,0,0,0,0,0,1,74,111,4,0,0,0,0,0,0,0,0,0,0,0,0,0,0,0,30,245,98,0,0,0,0,0,0,90,254,254,195,103,0,0,0,0,0,0,0,0,0,0,0,0,0,4,177,254,99,0,0,0,0,0,59,239,254,254,254,245,38,0,0,0,0,0,0,0,0,0,0,0,0,32,208,246,42,0,0,0,0,12,217,255,254,253,254,225,14,0,0,0,0,0,0,0,0,0,0,0,0,16,228,232,0,0,0,0,0,50,235,253,115,100,254,214,0,0,0,0,0,0,0,0,0,0,0,0,0,50,254,145,0,0,0,0,52,235,254,139,0,123,254,104,0,0,0,0,0,0,0,0,0,0,0,0,0,50,254,61,0,0,0,52,234,254,137,26,114,243,186,3,0,0,0,0,0,0,0,0,0,0,0,0,0,25,234,114,0,0,0,193,254,182,78,207,254,136,16,0,0,0,0,0,0,0,0,0,0,0,0,0,0,0,215,242,31,0,18,239,254,231,244,243,110,2,0,0,0,0,0,0,0,0,0,0,0,0,0,0,0,0,110,252,209,193,232,254,254,254,200,40,0,0,0,0,0,0,0,0,0,0,0,0,0,0,0,0,0,0,0,108,254,254,254,171,118,76,17,0,0,0,0,0,0,0,0,0,0,0,0,0,0,0,0,0,0,0,0,0,0,0,0,0,0,0,0,0,0,0,0,0,0,0,0,0,0,0,0,0,0,0,0,0,0,0,0,0,0,0,0,0,0,0,0,0,0,0,0,0,0,0,0,0,0,0,0,0,0,0,0,0,0,0,0,0,0,0,0,0,0,0,0,0,0,0,0,0,0,0,0,0,0,0,0,0,0,0,0,0,0,0,0,0,0,0,0,0,0,0,0,0,0,0,0,0,0,0,0,0,0,0,0,0,0,0,0,0,0,0,0,0,0,0,0,0,0,0,0,0,0,0,0,0,0,0,0,0,0,0,0,0,0,0,0,0,0,0,0,0,0,0,0,0,0,0,0,0,0,0,0,0,0,0,0,0,0,0
7,0,0,0,0,0,0,0,0,0,0,0,0,0,0,0,0,0,0,0,0,0,0,0,0,0,0,0,0,0,0,0,0,0,0,0,0,0,0,0,0,0,0,0,0,0,0,0,0,0,0,0,0,0,0,0,0,0,0,0,0,0,0,0,0,0,0,0,0,0,0,0,0,0,0,0,0,0,0,0,0,0,0,0,0,0,0,0,0,0,0,0,0,0,0,0,0,0,0,0,0,0,0,0,0,0,0,0,0,0,0,0,0,0,0,0,0,0,0,0,0,0,0,0,0,0,0,0,0,0,0,0,0,0,0,0,0,0,0,0,0,0,0,0,0,0,0,0,0,0,0,0,0,0,0,0,0,0,0,0,0,0,0,0,0,0,0,0,0,0,0,0,0,0,0,0,0,0,0,0,0,0,0,0,0,0,0,0,0,0,0,0,0,0,0,0,0,0,0,0,0,0,0,0,0,0,0,0,0,0,0,0,0,0,0,0,0,0,0,0,0,0,0,0,0,0,0,0,0,0,0,0,0,0,33,54,150,238,255,214,133,31,0,0,0,0,0,0,0,0,0,0,0,0,0,0,0,0,0,0,0,10,205,253,253,253,253,253,253,234,142,94,94,69,0,0,0,0,0,0,0,0,0,0,0,0,0,0,0,84,253,253,253,223,217,217,238,253,253,253,253,186,0,0,0,0,0,0,0,0,0,0,0,0,0,0,0,130,253,253,253,41,0,0,39,103,249,253,253,186,0,0,0,0,0,0,0,0,0,0,0,0,0,0,0,183,253,253,211,20,0,0,0,0,19,187,253,91,0,0,0,0,0,0,0,0,0,0,0,0,0,0,0,234,253,249,63,0,0,0,0,0,0,182,253,83,0,0,0,0,0,0,0,0,0,0,0,0,0,0,40,243,253,238,0,0,0,0,0,0,0,182,253,131,0,0,0,0,0,0,0,0,0,0,0,0,0,0,84,253,253,238,0,0,0,0,0,0,0,182,223,98,0,0,0,0,0,0,0,0,0,0,0,0,0,0,170,253,253,193,0,0,0,0,0,0,14,213,85,0,0,0,0,0,0,0,0,0,0,0,0,0,0,0,166,253,187,52,0,0,0,0,0,0,32,253,25,0,0,0,0,0,0,0,0,0,0,0,0,0,0,0,17,51,16,0,0,0,0,0,0,0,113,223,16,0,0,0,0,0,0,0,0,0,0,0,0,0,0,0,0,0,0,0,0,0,0,0,0,15,241,74,0,0,0,0,0,0,0,0,0,0,0,0,0,0,0,0,0,0,0,0,0,0,0,0,0,89,206,47,0,0,0,0,0,0,0,0,0,0,0,0,0,0,0,0,0,0,0,0,0,0,0,0,6,151,21,0,0,0,0,0,0,0,0,0,0,0,0,0,0,0,0,0,0,0,0,0,0,0,0,0,42,253,15,0,0,0,0,0,0,0,0,0,0,0,0,0,0,0,0,0,0,0,0,0,0,0,0,0,39,233,14,0,0,0,0,0,0,0,0,0,0,0,0,0,0,0,0,0,0,0,0,0,0,0,0,0,71,0,0,0,0,0,0,0,0,0,0,0,0,0,0,0,0,0,0,0,0,0,0,0,0,0,0,45,197,3,0,0,0,0,0,0,0,0,0,0,0,0,0,0,0,0,0,0,0,0,0,0,0,0,0,164,253,105,4,0,0,0,0,0,0,0,0,0,0,0,0,0,0,0,0,0,0,0,0,0,0,0,22,223,253,181,3,0,0,0,0,0,0,0,0,0,0
0,0,0,0,0,0,0,0,0,0,0,0,0,0,0,0,0,0,0,0,0,0,0,0,0,0,0,0,0,0,0,0,0,0,0,0,0,0,0,0,0,0,0,0,0,0,0,0,0,0,0,0,0,0,0,0,0,0,0,0,0,0,0,0,0,0,0,0,0,0,0,0,0,0,0,0,0,0,0,0,0,0,0,0,0,0,0,0,0,0,0,0,0,0,0,0,0,2,183,225,32,0,0,0,0,0,0,0,0,0,0,0,0,0,0,0,0,0,0,0,0,0,0,0,24,160,254,254,68,0,0,0,0,0,0,0,0,0,0,0,0,0,0,0,0,0,0,0,0,0,0,0,53,254,254,254,186,0,0,0,0,0,0,0,0,0,0,0,0,0,0,0,0,0,0,0,0,0,0,35,219,254,254,254,226,33,0,0,0,0,0,0,0,0,0,0,0,0,0,0,0,0,0,0,0,0,0,162,254,254,254,254,254,177,46,0,0,0,0,0,0,0,0,0,0,0,0,0,0,0,0,0,0,0,20,221,254,254,254,254,254,254,225,59,6,0,0,0,0,0,0,0,0,0,0,0,0,0,0,0,0,5,130,254,254,254,254,254,254,254,254,254,135,6,0,0,0,0,0,0,0,0,0,0,0,0,0,0,0,25,254,254,254,245,240,254,254,254,254,254,254,116,0,0,0,0,0,0,0,0,0,0,0,0,0,0,0,25,254,254,254,117,80,212,254,254,254,254,254,177,6,0,0,0,0,0,0,0,0,0,0,0,0,0,0,56,254,254,222,22,0,63,113,165,243,254,254,254,116,0,0,0,0,0,0,0,0,0,0,0,0,0,6,178,254,254,117,0,0,16,15,0,90,209,254,254,177,5,0,0,0,0,0,0,0,0,0,0,0,0,19,254,254,254,87,0,0,0,0,0,0,19,226,254,254,18,0,0,0,0,0,0,0,0,0,0,0,0,120,254,254,224,17,0,0,0,0,0,0,0,118,254,254,18,0,0,0,0,0,0,0,0,0,0,0,0,143,254,254,174,0,0,0,0,0,0,0,0,16,229,254,122,0,0,0,0,0,0,0,0,0,0,0,0,143,254,254,93,0,0,0,0,0,0,0,0,0,224,254,142,0,0,0,0,0,0,0,0,0,0,0,0,143,254,254,93,0,0,0,0,0,0,0,0,131,251,254,142,0,0,0,0,0,0,0,0,0,0,0,0,143,254,226,9,0,0,0,0,0,0,34,149,251,254,255,91,0,0,0,0,0,0,0,0,0,0,0,0,143,254,237,41,0,0,0,28,113,210,243,254,254,254,254,18,0,0,0,0,0,0,0,0,0,0,0,0,143,254,254,247,243,243,243,246,254,254,254,254,254,254,153,1,0,0,0,0,0,0,0,0,0,0,0,0,143,254,254,254,254,254,254,254,254,254,254,254,254,205,15,0,0,0,0,0,0,0,0,0,0,0,0,0,0,0,0,0,0,0,0,0,0,0,0,0,0,0,0,0,0,0,0,0,0,0,0,0,0,0,0,0,0,0,0,0,0,0,0,0,0,0,0,0,0,0,0,0,0,0,0,0,0,0,0,0,0,0,0,0,0,0,0,0,0,0,0,0,0,0,0,0,0,0,0,0,0,0,0,0,0,0,0,0,0,0,0,0,0,0,0,0,0,0,0,0,0,0,0,0,0,0,0,0,0,0,0,0,0,0,0,0,0,0,0,0,0,0,0,0,0,0,0,0,0,0,0,0,0,0,0,0,0,0,0,0,0
4,0,0,0,0,0,0,0,0,0,0,0,0,0,0,0,0,0,0,0,0,0,0,0,0,0,0,0,0,0,0,0,0,0,0,0,0,0,0,0,0,0,0,0,0,0,0,0,0,0,0,0,0,0,0,0,0,0,0,0,0,0,0,0,0,0,0,0,0,0,0,0,0,0,0,0,0,0,0,0,0,0,0,0,0,0,0,0,0,0,0,0,0,0,0,0,0,0,0,0,0,0,0,0,0,0,0,0,0,0,0,0,0,0,0,0,0,0,0,0,0,0,0,0,0,0,0,0,0,0,0,0,0,0,0,0,0,0,0,0,0,0,0,0,0,0,0,0,0,0,0,0,0,0,0,0,0,0,0,0,0,0,0,0,0,0,0,0,0,0,0,0,0,0,0,0,0,0,9,255,125,0,0,0,0,0,0,102,73,0,0,0,0,0,0,0,0,0,0,0,0,0,0,0,0,0,95,203,6,0,0,0,0,0,20,243,26,0,0,0,0,0,0,0,0,0,0,0,0,0,0,0,0,5,191,121,0,0,0,0,0,0,129,254,22,0,0,0,0,0,0,0,0,0,0,0,0,0,0,0,0,23,249,41,0,0,0,0,0,0,170,254,22,0,0,0,0,0,0,0,0,0,0,0,0,0,0,0,0,62,245,0,0,0,0,0,0,0,170,224,13,0,0,0,0,0,0,0,0,0,0,0,0,0,0,0,0,146,242,0,0,0,0,0,0,1,172,183,0,0,0,0,0,0,0,0,0,0,0,0,0,0,0,0,25,237,126,0,0,0,0,0,0,5,254,98,0,0,0,0,0,0,0,0,0,0,0,0,0,0,0,0,36,239,25,0,0,0,0,0,0,5,254,98,82,0,0,0,0,0,0,0,0,0,0,0,0,0,0,0,36,231,0,0,0,0,0,0,0,88,254,180,116,0,0,0,0,0,0,0,0,0,0,0,0,0,0,0,36,243,67,0,0,0,0,38,115,210,254,171,21,0,0,0,0,0,0,0,0,0,0,0,0,0,0,0,19,175,252,148,121,121,199,246,243,254,176,17,0,0,0,0,0,0,0,0,0,0,0,0,0,0,0,0,0,6,127,236,236,152,146,73,51,254,85,0,0,0,0,0,0,0,0,0,0,0,0,0,0,0,0,0,0,0,0,0,0,0,0,0,20,252,54,0,0,0,0,0,0,0,0,0,0,0,0,0,0,0,0,0,0,0,0,0,0,0,0,0,108,249,0,0,0,0,0,0,0,0,0,0,0,0,0,0,0,0,0,0,0,0,0,0,0,0,0,0,162,162,0,0,0,0,0,0,0,0,0,0,0,0,0,0,0,0,0,0,0,0,0,0,0,0,0,0,196,79,0,0,0,0,0,0,0,0,0,0,0,0,0,0,0,0,0,0,0,0,0,0,0,0,0,16,226,71,0,0,0,0,0,0,0,0,0,0,0,0,0,0,0,0,0,0,0,0,0,0,0,0,0,32,239,14,0,0,0,0,0,0,0,0,0,0,0,0,0,0,0,0,0,0,0,0,0,0,0,0,0,68,168,0,0,0,0,0,0,0,0,0,0,0,0,0,0,0,0,0,0,0,0,0,0,0,0,0,0,58,178,0,0,0,0,0,0,0,0,0,0,0,0,0,0,0,0,0,0,0,0,0,0,0,0,0,0,0,0,0,0,0,0,0,0,0,0,0,0,0,0,0,0,0,0,0,0,0,0,0,0,0,0,0,0,0,0,0,0,0,0,0,0,0,0,0,0,0,0
6,0,0,0,0,0,0,0,0,0,0,0,0,0,0,0,0,0,0,0,0,0,0,0,0,0,0,0,0,0,0,0,0,0,0,0,0,0,0,0,0,0,0,0,0,0,0,0,0,0,0,0,0,0,0,0,0,0,0,0,0,0,0,0,0,0,0,0,0,0,0,0,0,0,0,0,0,0,0,0,0,0,0,0,0,0,0,0,0,0,0,0,0,0,0,0,0,0,64,255,128,0,0,0,0,0,0,0,0,0,0,0,0,0,0,0,0,0,0,0,0,0,0,0,0,64,255,255,255,191,0,0,0,0,0,0,0,0,0,0,0,0,0,0,0,0,0,0,0,0,0,0,0,128,255,255,255,255,0,0,0,0,0,0,0,0,0,0,0,0,0,0,0,0,0,0,0,0,0,0,0,255,255,255,191,191,255,0,0,0,0,0,0,0,0,0,0,0,0,0,0,0,0,0,0,0,0,0,128,255,255,64,0,0,128,64,0,0,0,0,0,0,0,0,0,0,0,0,0,0,0,0,0,0,0,0,255,255,191,0,0,0,0,0,0,0,0,0,0,0,0,0,0,0,0,0,0,0,0,0,0,0,0,0,255,255,64,0,0,0,0,0,0,0,0,0,0,0,0,0,0,0,0,0,0,0,0,0,0,0,0,64,255,191,0,0,0,0,0,0,0,0,0,0,0,0,0,0,0,0,0,0,0,0,0,0,0,0,0,128,255,128,0,0,0,0,0,0,0,0,0,0,0,0,0,0,0,0,0,0,0,0,0,0,0,0,0,128,255,128,0,0,0,0,0,0,0,0,0,0,0,0,0,0,0,0,0,0,0,0,0,0,0,0,0,128,255,128,0,0,0,0,0,0,0,0,0,0,0,0,0,0,0,0,0,0,0,0,0,0,0,0,0,191,255,128,0,0,0,64,0,0,0,0,0,0,0,0,0,0,0,0,0,0,0,0,0,0,0,0,0,191,255,128,0,0,191,255,255,64,0,0,0,0,0,0,0,0,0,0,0,0,0,0,0,0,0,0,0,128,255,128,0,128,255,255,255,191,0,0,0,0,0,0,0,0,0,0,0,0,0,0,0,0,0,0,0,64,255,191,0,128,255,255,191,255,191,0,0,0,0,0,0,0,0,0,0,0,0,0,0,0,0,0,0,0,255,255,64,64,255,191,0,255,255,0,0,0,0,0,0,0,0,0,0,0,0,0,0,0,0,0,0,0,191,255,191,0,255,128,64,255,255,0,0,0,0,0,0,0,0,0,0,0,0,0,0,0,0,0,0,0,0,255,255,255,255,255,191,255,255,0,0,0,0,0,0,0,0,0,0,0,0,0,0,0,0,0,0,0,0,64,255,255,255,255,255,255,64,0,0,0,0,0,0,0,0,0,0,0,0,0,0,0,0,0,0,0,0,0,0,128,255,255,255,64,0,0,0,0,0,0,0,0,0,0,0,0,0,0,0,0,0,0,0,0,0,0,0,0,0,0,0,0,0,0,0,0,0,0,0,0,0,0,0,0,0,0,0,0,0,0,0,0,0,0,0,0,0,0,0,0,0,0,0,0,0,0,0,0,0,0,0,0,0,0,0,0,0,0,0,0,0,0,0,0,0,0,0,0,0,0,0,0,0,0,0,0,0,0,0,0,0,0,0,0,0,0,0,0,0,0,0,0,0,0,0,0,0,0,0,0,0,0,0,0,0,0,0,0,0,0,0,0,0,0,0,0,0,0,0,0,0,0,0,0,0,0,0,0,0,0,0,0,0
8,0,0,0,0,0,0,0,0,0,0,0,0,0,0,0,0,0,0,0,0,0,0,0,0,0,0,0,0,0,0,0,0,0,0,0,0,0,0,0,0,0,0,0,0,0,0,0,0,0,0,0,0,0,0,0,0,0,0,0,0,0,0,0,0,0,0,0,0,0,0,0,0,0,0,0,0,0,0,0,0,0,0,0,0,0,0,0,0,0,0,0,0,0,0,0,0,0,0,0,0,0,0,0,0,0,0,0,0,0,0,0,0,0,0,0,0,0,0,0,0,0,0,0,0,0,0,0,0,0,0,0,0,0,0,0,0,0,0,0,0,0,0,0,0,0,0,0,0,0,0,0,4,147,255,171,136,136,189,249,205,155,5,0,0,0,0,0,0,0,0,0,0,0,0,0,0,0,0,15,151,253,253,253,253,253,253,237,253,253,142,0,0,0,0,0,0,0,0,0,0,0,0,0,0,0,0,131,253,253,253,253,253,253,177,52,253,253,188,0,0,0,0,0,0,0,0,0,0,0,0,0,0,0,0,225,253,253,242,100,101,242,141,12,253,253,188,0,0,0,0,0,0,0,0,0,0,0,0,0,0,0,73,248,253,192,39,0,0,213,180,14,253,253,188,0,0,0,0,0,0,0,0,0,0,0,0,0,0,0,194,253,248,13,0,0,0,213,253,171,253,253,138,0,0,0,0,0,0,0,0,0,0,0,0,0,0,0,207,253,250,55,0,0,0,210,253,253,253,150,3,0,0,0,0,0,0,0,0,0,0,0,0,0,0,0,92,226,253,180,9,0,0,161,253,253,226,39,0,0,0,0,0,0,0,0,0,0,0,0,0,0,0,0,0,90,252,253,120,13,13,220,253,246,39,0,0,0,0,0,0,0,0,0,0,0,0,0,0,0,0,0,0,0,215,253,253,172,173,253,253,131,0,0,0,0,0,0,0,0,0,0,0,0,0,0,0,0,0,0,0,0,34,253,253,253,253,253,166,2,0,0,0,0,0,0,0,0,0,0,0,0,0,0,0,0,0,0,0,0,1,105,253,253,253,253,42,0,0,0,0,0,0,0,0,0,0,0,0,0,0,0,0,0,0,0,0,0,6,243,253,253,253,253,76,0,0,0,0,0,0,0,0,0,0,0,0,0,0,0,0,0,0,0,0,111,249,253,246,186,251,253,199,3,0,0,0,0,0,0,0,0,0,0,0,0,0,0,0,0,0,0,122,241,253,239,39,0,127,253,253,75,0,0,0,0,0,0,0,0,0,0,0,0,0,0,0,0,0,69,237,253,249,80,0,12,165,253,253,46,0,0,0,0,0,0,0,0,0,0,0,0,0,0,0,0,39,236,253,226,74,0,42,110,253,253,172,2,0,0,0,0,0,0,0,0,0,0,0,0,0,0,0,0,54,253,253,181,84,95,234,253,253,222,40,0,0,0,0,0,0,0,0,0,0,0,0,0,0,0,0,0,54,253,253,253,253,253,253,253,176,41,0,0,0,0,0,0,0,0,0,0,0,0,0,0,0,0,0,0,4,106,232,253,253,242,135,108,4,0,0,0,0,0,0,0,0,0,0,0,0,0,0,0,0,0,0,0,0,0,0,0,0,0,0,0,0,0,0,0,0,0,0,0,0,0,0,0,0,0,0,0,0,0,0,0,0,0,0,0,0,0,0,0,0,0,0,0,0,0,0,0,0,0,0,0,0,0,0,0,0,0,0,0,0,0,0,0,0,0,0,0,0,0,0,0,0,0,0,0,0,0,0,0,0
7,0,0,0,0,0,0,0,0,0,0,0,0,0,0,0,0,0,0,0,0,0,0,0,0,0,0,0,0,0,0,0,0,0,0,0,0,0,0,0,0,0,0,0,0,0,0,0,0,0,0,0,0,0,0,0,0,0,0,0,0,0,0,0,0,0,0,0,0,0,0,0,0,0,0,0,0,0,0,0,0,0,0,0,0,0,0,0,0,0,0,0,0,0,0,0,0,0,0,0,0,0,0,0,0,0,0,0,0,0,0,0,0,0,0,0,0,0,0,0,0,0,0,0,0,0,0,0,0,0,0,0,0,0,0,0,0,0,0,0,0,0,0,0,0,0,0,0,0,0,0,0,0,0,0,0,0,0,0,0,0,0,0,0,0,0,0,0,0,0,0,0,0,0,0,0,0,0,0,0,0,0,0,0,0,0,0,0,0,0,0,0,0,0,0,0,0,0,0,0,0,0,0,0,0,243,191,184,184,125,63,43,43,43,122,141,5,0,0,0,0,0,0,0,0,0,0,0,0,0,0,0,4,207,254,254,254,254,255,254,254,254,254,254,28,0,0,0,0,0,0,0,0,0,0,0,0,0,0,0,87,254,98,56,104,166,198,173,146,160,254,245,22,0,0,0,0,0,0,0,0,0,0,0,0,0,0,0,169,238,17,0,0,0,0,0,0,56,254,184,0,0,0,0,0,0,0,0,0,0,0,0,0,0,0,0,212,224,8,0,0,0,0,0,0,119,254,141,0,0,0,0,0,0,0,0,0,0,0,0,0,0,0,0,193,220,5,0,0,0,0,0,0,142,254,193,0,0,0,0,0,0,0,0,0,0,0,0,0,0,0,69,249,252,27,0,0,0,0,0,48,248,254,238,17,0,0,0,0,0,0,0,0,0,0,0,0,0,0,50,233,103,0,0,0,0,0,0,0,130,254,150,7,0,0,0,0,0,0,0,0,0,0,0,0,0,0,0,12,4,0,0,0,0,0,0,38,246,226,4,0,0,0,0,0,0,0,0,0,0,0,0,0,0,0,0,0,0,0,0,0,0,0,0,97,254,163,0,0,0,0,0,0,0,0,0,0,0,0,0,0,0,0,0,0,0,0,0,0,0,0,0,89,254,113,0,0,0,0,0,0,0,0,0,0,0,0,0,0,0,0,0,0,0,0,0,0,0,0,1,174,254,89,0,0,0,0,0,0,0,0,0,0,0,0,0,0,0,0,0,0,0,0,0,0,0,0,50,254,224,21,0,0,0,0,0,0,0,0,0,0,0,0,0,0,0,0,0,0,0,0,0,0,0,0,121,254,128,0,0,0,0,0,0,0,0,0,0,0,0,0,0,0,0,0,0,0,0,0,0,0,0,0,187,254,105,0,0,0,0,0,0,0,0,0,0,0,0,0,0,0,0,0,0,0,0,0,0,0,0,8,231,213,4,0,0,0,0,0,0,0,0,0,0,0,0,0,0,0,0,0,0,0,0,0,0,0,0,75,254,170,0,0,0,0,0,0,0,0,0,0,0,0,0,0,0,0,0,0,0,0,0,0,0,0,0,254,231,28,0,0,0,0,0,0,0,0,0,0,0,0,0,0,0,0,0,0,0,0,0,0,0,0,48,254,189,0,0,0,0,0,0,0,0,0,0,0,0,0,0,0,0,0,0,0,0,0,0,0,0,0,130,254,169,0,0,0,0,0,0,0,0,0,0,0,0,0,0,0,0,0,0,0,0,0,0,0,0,0,0,0,0,0,0,0,0,0,0,0,0,0,0,0,0,0
5,0,0,0,0,0,0,0,0,0,0,0,0,0,0,0,0,0,0,0,0,0,0,0,0,0,0,0,0,0,0,0,0,0,0,0,0,0,0,0,0,0,0,0,0,0,0,0,0,0,0,0,0,0,0,0,0,0,0,0,0,0,0,0,0,0,0,0,0,0,0,0,0,0,0,0,0,0,0,0,0,0,0,0,0,0,0,0,0,0,0,0,0,0,0,0,0,0,0,0,0,0,0,0,0,0,0,0,0,0,0,0,0,0,0,0,0,0,0,0,0,0,0,0,0,0,0,0,0,0,0,0,0,0,0,0,0,0,0,0,0,0,0,0,0,0,0,0,0,0,0,0,0,0,0,0,0,0,0,0,0,0,0,0,0,0,0,0,0,0,0,0,0,0,0,0,0,0,0,0,0,39,98,254,248,140,254,254,254,255,254,98,0,0,0,0,0,0,0,0,0,0,0,0,0,0,0,0,137,204,253,253,253,253,253,253,253,253,253,218,0,0,0,0,0,0,0,0,0,0,0,0,0,0,0,35,227,253,253,253,208,191,191,191,191,191,191,165,0,0,0,0,0,0,0,0,0,0,0,0,0,0,0,140,253,253,238,113,31,0,0,0,0,0,0,0,0,0,0,0,0,0,0,0,0,0,0,0,0,0,0,140,253,253,226,0,0,0,0,0,0,0,0,0,0,0,0,0,0,0,0,0,0,0,0,0,0,0,0,140,253,253,226,0,0,0,0,0,0,0,0,0,0,0,0,0,0,0,0,0,0,0,0,0,0,0,0,140,253,253,87,0,0,0,0,0,0,0,0,0,0,0,0,0,0,0,0,0,0,0,0,0,0,0,0,140,253,253,125,0,0,0,0,0,0,0,0,0,0,0,0,0,0,0,0,0,0,0,0,0,0,0,0,140,253,253,227,6,0,0,0,0,0,0,0,0,0,0,0,0,0,0,0,0,0,0,0,0,0,0,0,140,253,253,253,147,0,0,0,0,0,0,0,0,0,0,0,0,0,0,0,0,0,0,0,0,0,0,0,140,253,253,253,147,0,0,0,0,0,0,0,0,0,0,0,0,0,0,0,0,0,0,0,0,0,0,0,4,171,253,253,177,20,0,0,0,0,0,0,0,0,0,0,0,0,0,0,0,0,0,0,0,0,0,0,0,44,253,253,253,172,0,0,0,0,0,0,0,0,0,0,0,0,0,0,0,0,0,0,0,0,0,0,0,5,135,253,253,252,149,0,0,0,0,0,0,0,0,0,0,0,0,0,0,0,0,0,0,0,0,0,0,0,59,226,253,253,165,0,0,0,0,0,0,0,0,0,0,0,0,0,0,0,0,0,0,0,0,0,0,0,0,56,253,253,165,0,0,0,0,0,0,0,0,0,0,0,0,0,0,0,0,0,0,0,0,0,0,0,56,128,253,253,165,0,0,0,0,0,0,0,0,0,0,0,0,0,0,0,0,0,0,0,0,0,10,49,222,253,253,253,165,0,0,0,0,0,0,0,0,0,0,0,0,0,0,0,0,0,0,0,0,0,87,173,253,253,253,253,165,0,0,0,0,0,0,0,0,0,0,0,0,0,0,0,0,0,0,0,0,0,0,14,162,253,253,126,51,0,0,0,0,0,0,0,0,0,0,0,0,0,0,0,0,0,0,0,0,0,0,0,0,0,0,0,0,0,0,0,0,0,0,0,0,0,0,0,0,0,0,0,0,0,0,0,0,0,0,0,0,0,0,0,0,0,0,0,0,0,0,0,0,0,0,0
7,0,0,0,0,0,0,0,0,0,0,0,0,0,0,0,0,0,0,0,0,0,0,0,0,0,0,0,0,0,0,0,0,0,0,0,0,0,0,0,0,0,0,0,0,0,0,0,0,0,0,0,0,0,0,0,0,0,0,0,0,0,0,0,0,0,0,0,0,0,0,0,0,0,0,0,0,0,0,0,0,0,0,0,0,0,0,0,0,0,0,0,0,0,0,0,0,0,0,0,0,0,0,0,0,0,0,0,0,0,0,0,0,0,0,0,0,0,0,0,0,0,0,0,42,73,112,163,85,0,0,0,0,0,0,0,0,0,0,0,0,0,0,0,0,0,0,0,8,94,210,178,239,253,253,253,249,69,0,0,0,0,0,0,0,0,0,0,0,0,0,0,0,0,37,56,210,253,253,254,245,171,127,171,254,186,0,0,0,0,0,0,0,0,0,0,0,0,0,0,0,0,247,253,253,253,253,248,151,0,0,20,254,241,67,0,0,0,0,0,0,0,0,0,0,0,0,0,0,0,105,247,253,181,98,52,0,0,0,0,254,253,127,0,0,0,0,0,0,0,0,0,0,0,0,0,0,0,0,53,91,20,0,0,0,0,0,0,255,254,127,0,0,0,0,0,0,0,0,0,0,0,0,0,0,0,0,0,0,0,0,0,0,0,0,0,254,253,75,0,0,0,0,0,0,0,0,0,0,0,0,0,0,0,0,0,0,0,0,0,0,0,0,0,254,253,36,0,0,0,0,0,0,0,0,0,0,0,0,0,0,0,0,0,0,0,0,0,0,0,0,0,254,253,36,0,0,0,0,0,0,0,0,0,0,0,0,0,0,0,0,0,0,0,0,0,0,0,0,0,254,253,68,0,0,0,0,0,0,0,0,0,0,0,0,0,0,0,0,0,0,0,0,0,0,0,0,0,255,254,36,0,0,0,0,0,0,0,0,0,0,0,0,0,0,0,0,0,0,0,0,0,0,0,0,0,254,253,36,0,0,0,0,0,0,0,0,0,0,0,0,0,0,0,0,0,0,0,0,0,0,0,0,0,254,253,36,0,0,0,0,0,0,0,0,0,0,0,0,0,0,0,0,0,0,0,0,0,0,0,0,0,254,253,36,0,0,0,0,10,97,103,0,0,0,0,0,0,0,0,0,0,0,0,0,0,0,0,0,33,254,253,191,181,181,182,181,217,253,253,0,0,0,0,0,0,0,0,0,0,11,144,228,255,254,254,254,254,255,254,254,254,254,255,254,254,196,174,0,0,0,0,0,0,0,0,0,0,121,253,253,254,253,253,253,253,254,253,253,253,214,166,146,63,4,7,0,0,0,0,0,0,0,0,0,0,31,165,229,230,197,127,127,127,241,253,189,88,11,0,0,0,0,0,0,0,0,0,0,0,0,0,0,0,0,0,20,20,0,0,0,0,120,251,127,0,0,0,0,0,0,0,0,0,0,0,0,0,0,0,0,0,0,0,0,0,0,0,0,0,0,87,81,0,0,0,0,0,0,0,0,0,0,0,0,0,0,0,0,0,0,0,0,0,0,0,0,0,0,0,0,0,0,0,0,0,0,0,0,0,0,0,0,0,0,0,0,0,0,0,0,0,0,0,0,0,0,0,0,0,0,0,0,0,0,0,0,0,0,0,0,0,0,0,0,0,0,0,0,0,0,0,0,0,0,0,0,0,0,0,0,0,0,0,0,0,0,0,0,0,0,0,0,0,0,0,0,0,0,0,0,0,0,0,0,0,0,0,0,0,0,0,0,0,0
1,0,0,0,0,0,0,0,0,0,0,0,0,0,0,0,0,0,0,0,0,0,0,0,0,0,0,0,0,0,0,0,0,0,0,0,0,0,0,0,0,0,0,0,0,0,0,0,0,0,0,0,0,0,0,0,0,0,0,0,0,0,0,0,0,0,0,0,0,0,0,0,0,0,0,0,0,0,0,0,0,0,0,0,0,0,0,0,0,0,0,0,0,0,0,0,0,0,0,0,0,0,0,0,0,0,0,0,0,0,0,0,0,0,0,0,0,0,0,0,0,0,0,0,0,0,0,0,0,0,0,0,0,0,0,0,0,0,0,0,0,0,0,0,0,0,0,0,0,0,0,0,0,0,0,0,0,162,254,138,0,0,0,0,0,0,0,0,0,0,0,0,0,0,0,0,0,0,0,0,0,0,0,0,0,245,253,121,0,0,0,0,0,0,0,0,0,0,0,0,0,0,0,0,0,0,0,0,0,0,0,0,85,254,223,25,0,0,0,0,0,0,0,0,0,0,0,0,0,0,0,0,0,0,0,0,0,0,0,9,209,254,115,0,0,0,0,0,0,0,0,0,0,0,0,0,0,0,0,0,0,0,0,0,0,0,0,49,254,236,17,0,0,0,0,0,0,0,0,0,0,0,0,0,0,0,0,0,0,0,0,0,0,0,0,166,253,101,0,0,0,0,0,0,0,0,0,0,0,0,0,0,0,0,0,0,0,0,0,0,0,0,5,212,253,17,0,0,0,0,0,0,0,0,0,0,0,0,0,0,0,0,0,0,0,0,0,0,0,0,114,253,151,0,0,0,0,0,0,0,0,0,0,0,0,0,0,0,0,0,0,0,0,0,0,0,0,0,231,247,50,0,0,0,0,0,0,0,0,0,0,0,0,0,0,0,0,0,0,0,0,0,0,0,0,38,243,196,0,0,0,0,0,0,0,0,0,0,0,0,0,0,0,0,0,0,0,0,0,0,0,0,0,153,253,46,0,0,0,0,0,0,0,0,0,0,0,0,0,0,0,0,0,0,0,0,0,0,0,0,34,254,236,29,0,0,0,0,0,0,0,0,0,0,0,0,0,0,0,0,0,0,0,0,0,0,0,7,170,255,90,0,0,0,0,0,0,0,0,0,0,0,0,0,0,0,0,0,0,0,0,0,0,0,0,24,253,254,23,0,0,0,0,0,0,0,0,0,0,0,0,0,0,0,0,0,0,0,0,0,0,0,0,32,253,155,4,0,0,0,0,0,0,0,0,0,0,0,0,0,0,0,0,0,0,0,0,0,0,0,0,116,253,59,0,0,0,0,0,0,0,0,0,0,0,0,0,0,0,0,0,0,0,0,0,0,0,0,0,116,195,0,0,0,0,0,0,0,0,0,0,0,0,0,0,0,0,0,0,0,0,0,0,0,0,0,26,224,111,0,0,0,0,0,0,0,0,0,0,0,0,0,0,0,0,0,0,0,0,0,0,0,0,0,47,251,63,0,0,0,0,0,0,0,0,0,0,0,0,0,0,0,0,0,0,0,0,0,0,0,0,0,114,196,0,0,0,0,0,0,0,0,0,0,0,0,0,0,0,0,0,0,0,0,0,0,0,0,0,0,0,0,0,0,0,0,0,0,0,0,0,0,0,0,0,0,0,0,0,0,0,0,0,0,0,0,0,0,0,0,0,0,0,0,0,0,0,0,0,0,0,0,0,0,0,0,0,0,0,0,0,0,0,0,0,0,0,0,0,0,0,0,0,0,0,0,0,0,0,0,0,0,0,0,0
3,0,0,0,0,0,0,0,0,0,0,0,0,0,0,0,0,0,0,0,0,0,0,0,0,0,0,0,0,0,0,0,0,0,0,0,0,0,0,0,0,0,0,0,0,0,0,0,0,0,0,0,0,0,0,0,0,0,0,0,0,0,0,0,0,0,0,0,0,0,0,0,0,0,0,0,0,0,0,0,0,0,0,0,0,0,0,0,0,0,0,0,0,0,0,0,0,0,0,0,0,0,0,0,0,0,0,0,0,0,0,0,0,0,0,0,0,0,0,0,0,0,0,0,0,0,0,0,0,0,0,0,0,0,0,0,0,0,0,0,0,0,0,0,0,0,0,38,233,253,139,138,138,138,138,139,138,170,253,253,255,253,201,211,86,0,0,0,0,0,0,0,0,0,0,25,202,252,253,252,252,252,252,253,252,252,252,252,253,252,252,252,252,0,0,0,0,0,0,0,0,0,0,0,25,121,131,183,183,89,173,69,69,69,69,69,117,252,252,252,221,0,0,0,0,0,0,0,0,0,0,0,0,0,0,0,0,0,0,0,0,0,34,144,233,252,252,134,25,0,0,0,0,0,0,0,0,0,0,0,0,0,0,0,0,0,0,0,0,85,218,252,253,231,54,4,0,0,0,0,0,0,0,0,0,0,0,0,0,0,0,0,0,0,11,87,159,253,253,243,106,0,0,0,0,0,0,0,0,0,0,0,0,0,0,0,0,0,0,0,66,161,203,253,252,252,120,50,0,0,0,0,0,0,0,0,0,0,0,0,0,0,0,0,0,0,70,142,234,252,252,253,252,149,13,0,0,0,0,0,0,0,0,0,0,0,0,0,0,0,0,0,76,207,253,252,252,252,252,253,252,240,207,61,0,0,0,0,0,0,0,0,0,0,0,0,0,0,0,0,93,252,253,252,252,252,252,253,252,252,252,242,158,0,0,0,0,0,0,0,0,0,0,0,0,0,0,0,43,116,116,116,32,0,0,0,22,116,157,241,255,180,38,0,0,0,0,0,0,0,0,0,0,0,0,0,0,0,0,0,0,0,0,0,0,0,0,95,253,252,69,0,0,0,0,0,0,0,0,0,0,0,0,0,0,0,0,0,0,0,0,0,0,0,0,85,253,252,121,0,0,0,0,0,0,0,0,0,0,0,0,0,0,0,0,0,0,0,0,0,0,0,34,165,253,252,69,0,0,0,0,0,0,0,0,0,0,64,168,32,0,0,0,0,0,0,0,0,0,32,218,252,253,157,6,0,0,0,0,0,0,0,0,0,0,255,253,69,0,0,0,0,0,0,22,87,159,253,253,243,158,0,0,0,0,0,0,0,0,0,0,0,0,253,252,102,30,0,0,0,13,89,244,253,252,252,214,60,0,0,0,0,0,0,0,0,0,0,0,0,0,137,252,252,227,184,185,184,203,252,252,253,240,100,13,0,0,0,0,0,0,0,0,0,0,0,0,0,0,15,177,252,252,252,253,252,252,252,168,150,37,0,0,0,0,0,0,0,0,0,0,0,0,0,0,0,0,0,5,54,137,189,253,178,137,43,2,0,0,0,0,0,0,0,0,0,0,0,0,0,0,0,0,0,0,0,0,0,0,0,0,0,0,0,0,0,0,0,0,0,0,0,0,0,0,0,0,0,0,0,0,0,0,0,0,0,0,0,0,0,0,0,0,0,0,0,0,0,0,0,0,0,0,0,0,0,0,0,0,0,0,0,0,0,0,0,0,0,0,0,0,0,0,0,0,0,0,0,0,0,0,0,0,0,0
0,0,0,0,0,0,0,0,0,0,0,0,0,0,0,0,0,0,0,0,0,0,0,0,0,0,0,0,0,0,0,0,0,0,0,0,0,0,0,0,0,0,0,0,0,0,0,0,0,0,0,0,0,0,0,0,0,0,0,0,0,0,0,0,0,0,0,0,0,0,0,0,0,0,0,0,0,0,0,0,0,0,0,0,0,0,0,0,0,0,0,0,0,0,0,0,0,0,0,0,0,0,0,0,0,0,0,0,0,0,0,0,0,0,0,0,0,0,0,0,0,0,0,0,0,0,0,0,0,0,0,0,0,0,0,0,0,0,0,0,0,0,0,0,0,0,0,0,0,0,0,0,0,0,0,0,0,52,77,0,0,0,0,0,0,0,0,0,0,0,0,0,0,0,0,0,0,0,0,0,74,192,241,170,108,169,249,241,107,0,0,0,0,0,0,0,0,0,0,0,0,0,0,0,0,0,75,193,245,253,253,253,254,253,253,253,246,179,0,0,0,0,0,0,0,0,0,0,0,0,0,35,81,194,245,253,253,253,253,253,254,253,181,173,237,217,26,0,0,0,0,0,0,0,0,0,0,0,32,146,253,253,253,253,243,186,116,186,124,53,6,0,78,236,217,74,0,0,0,0,0,0,0,0,0,0,220,253,253,253,253,253,114,0,0,0,0,0,0,0,0,159,253,197,23,0,0,0,0,0,0,0,0,0,254,253,253,253,253,216,25,0,0,0,0,0,0,0,0,46,241,253,128,0,0,0,0,0,0,0,0,0,254,196,240,253,246,108,0,0,0,0,0,0,0,0,0,0,90,253,240,0,0,0,0,0,0,0,0,0,254,253,253,253,186,0,0,0,0,0,0,0,0,0,0,0,39,248,240,7,0,0,0,0,0,0,0,0,183,253,253,253,186,0,0,0,0,0,0,0,0,0,0,0,0,161,253,120,0,0,0,0,0,0,0,0,0,108,254,254,187,0,0,0,0,0,0,0,0,0,0,0,0,161,255,183,0,0,0,0,0,0,0,0,0,6,229,253,186,0,0,0,0,0,0,0,0,0,0,0,0,161,253,253,0,0,0,0,0,0,0,0,0,0,108,253,246,109,0,0,0,0,0,0,0,0,0,0,0,161,253,253,0,0,0,0,0,0,0,0,0,0,15,220,253,245,68,0,0,0,0,0,0,0,0,0,0,161,253,253,0,0,0,0,0,0,0,0,0,0,0,87,239,253,217,110,0,0,0,0,0,0,0,0,47,185,253,218,0,0,0,0,0,0,0,0,0,0,0,0,88,239,253,246,187,117,54,26,54,54,54,83,233,253,250,95,0,0,0,0,0,0,0,0,0,0,0,0,0,59,177,253,253,253,255,211,253,253,253,253,253,253,218,0,0,0,0,0,0,0,0,0,0,0,0,0,0,0,15,93,170,241,255,242,236,253,253,253,249,141,39,0,0,0,0,0,0,0,0,0,0,0,0,0,0,0,0,0,0,57,241,68,40,107,107,107,90,0,0,0,0,0,0,0,0,0,0,0,0,0,0,0,0,0,0,0,0,0,0,0,0,0,0,0,0,0,0,0,0,0,0,0,0,0,0,0,0,0,0,0,0,0,0,0,0,0,0,0,0,0,0,0,0,0,0,0,0,0,0,0,0,0,0,0,0,0,0,0,0,0,0,0,0,0,0,0,0,0,0,0,0,0,0,0,0,0,0,0,0,0,0,0,0,0,0,0,0,0,0,0,0,0,0,0,0,0,0,0,0,0,0,0,0,0,0
7,0,0,0,0,0,0,0,0,0,0,0,0,0,0,0,0,0,0,0,0,0,0,0,0,0,0,0,0,0,0,0,0,0,0,0,0,0,0,0,0,0,0,0,0,0,0,0,0,0,0,0,0,0,0,0,0,0,0,0,0,0,0,0,0,0,0,0,0,0,0,0,0,0,0,0,0,0,0,0,0,0,0,0,0,0,0,0,0,0,0,0,0,0,0,0,0,0,0,0,0,0,0,0,0,0,0,0,0,0,0,0,0,0,0,0,0,0,0,0,0,0,0,0,0,0,0,0,0,0,0,0,0,0,0,0,0,0,0,0,0,0,0,0,0,0,0,0,0,0,0,0,0,0,0,0,0,0,0,0,0,0,0,0,0,0,0,0,0,0,0,0,0,0,0,0,0,0,0,0,0,0,0,0,0,0,0,0,0,0,0,0,0,0,0,0,0,0,0,0,0,0,0,0,0,130,255,156,47,46,20,0,0,0,0,0,0,0,0,0,0,0,0,0,0,0,0,0,0,0,0,0,0,130,253,253,253,252,220,197,96,94,83,0,0,0,0,0,0,0,0,0,0,0,0,0,0,0,0,0,0,130,253,253,253,253,253,253,253,253,252,70,0,0,0,0,0,0,0,0,0,0,0,0,0,0,0,0,0,130,253,253,253,253,253,253,253,253,253,72,0,0,0,0,0,0,0,0,0,0,0,0,0,0,0,0,0,130,253,239,20,110,206,174,239,247,253,126,0,0,0,0,0,0,0,0,0,0,0,0,0,0,0,0,0,40,200,238,0,0,0,30,45,167,253,175,0,0,0,0,0,0,0,0,0,0,0,0,0,0,0,0,0,0,128,238,0,0,0,0,5,150,253,201,11,0,0,0,0,0,0,0,0,0,0,0,0,0,0,0,0,0,26,150,0,0,0,0,0,156,253,72,0,0,0,0,0,0,0,0,0,0,0,0,0,0,0,0,0,0,0,17,0,0,0,0,18,217,253,72,0,0,0,0,0,0,0,0,0,0,0,0,0,0,0,0,0,0,0,0,0,0,0,0,26,230,253,72,0,0,0,0,0,0,0,0,0,0,0,0,0,0,0,0,0,0,0,0,0,0,0,0,42,253,253,72,0,0,0,0,0,0,0,0,0,0,0,0,0,0,0,0,0,0,0,0,0,0,0,0,42,253,253,72,0,0,0,0,0,0,0,0,0,0,0,0,0,0,0,0,0,0,0,0,0,0,0,0,42,253,253,72,0,0,0,0,0,0,0,0,0,0,0,0,0,0,0,0,0,0,0,0,0,0,0,0,139,253,253,72,0,0,0,0,0,0,0,0,0,0,0,0,0,0,0,0,0,0,0,0,0,0,0,0,145,253,253,72,0,0,0,0,0,0,0,0,0,0,0,0,0,0,0,0,0,0,0,0,0,0,0,0,145,253,253,72,0,0,0,0,0,0,0,0,0,0,0,0,0,0,0,0,0,0,0,0,0,0,0,0,216,253,253,72,0,0,0,0,0,0,0,0,0,0,0,0,0,0,0,0,0,0,0,0,0,0,0,0,249,253,253,72,0,0,0,0,0,0,0,0,0,0,0,0,0,0,0,0,0,0,0,0,0,0,0,0,249,253,210,27,0,0,0,0,0,0,0,0,0,0,0,0,0,0,0,0,0,0,0,0,0,0,0,0,122,253,76,0,0,0,0,0,0,0,0,0,0,0,0,0,0,0,0,0,0,0,0,0,0,0,0,0,0,0,0,0,0,0,0,0,0,0,0,0,0
0,0,0,0,0,0,0,0,0,0,0,0,0,0,0,0,0,0,0,0,0,0,0,0,0,0,0,0,0,0,0,0,0,0,0,0,0,0,0,0,0,0,0,0,0,0,0,0,0,0,0,0,0,0,0,0,0,0,0,0,0,0,0,0,0,0,0,0,0,0,0,0,0,0,0,0,0,0,0,0,0,0,0,0,0,0,0,0,0,0,0,0,0,0,0,0,0,0,0,0,0,0,0,0,0,0,0,0,0,0,0,0,0,0,0,0,0,0,0,0,0,0,0,0,0,0,56,143,255,254,255,254,107,0,0,0,0,0,0,0,0,0,0,0,0,0,0,0,0,0,0,0,10,17,162,253,253,253,253,253,241,180,37,7,0,0,0,0,0,0,0,0,0,0,0,0,0,0,0,21,187,253,253,253,253,253,253,253,253,253,253,167,7,0,0,0,0,0,0,0,0,0,0,0,0,0,17,182,253,253,253,253,253,253,253,253,253,253,253,253,15,0,0,0,0,0,0,0,0,0,0,0,0,0,124,253,253,253,253,253,253,253,241,129,129,194,253,253,15,0,0,0,0,0,0,0,0,0,0,0,0,28,233,253,253,253,222,150,40,40,36,0,0,106,247,253,15,0,0,0,0,0,0,0,0,0,0,0,0,124,253,253,253,217,44,0,0,0,0,0,0,0,222,253,106,0,0,0,0,0,0,0,0,0,0,0,98,248,253,253,127,18,0,0,0,0,0,0,0,0,222,253,179,0,0,0,0,0,0,0,0,0,0,0,107,253,253,222,44,0,0,0,0,0,0,0,0,0,222,253,179,0,0,0,0,0,0,0,0,0,0,17,249,253,213,31,0,0,0,0,0,0,0,0,0,0,222,253,20,0,0,0,0,0,0,0,0,0,3,130,253,253,129,0,0,0,0,0,0,0,0,0,0,5,223,253,15,0,0,0,0,0,0,0,0,0,91,253,253,240,80,0,0,0,0,0,0,0,0,0,0,131,253,253,15,0,0,0,0,0,0,0,0,0,91,253,253,220,0,0,0,0,0,0,0,0,0,0,47,222,253,253,15,0,0,0,0,0,0,0,0,0,91,253,253,220,0,0,0,0,0,0,0,0,0,0,205,253,253,186,9,0,0,0,0,0,0,0,0,0,91,253,253,220,0,0,0,0,0,0,0,0,47,205,244,253,244,89,0,0,0,0,0,0,0,0,0,0,91,253,253,237,68,0,0,0,0,0,0,52,222,253,253,253,111,0,0,0,0,0,0,0,0,0,0,0,12,152,253,253,238,73,0,0,36,58,169,234,253,253,253,223,25,0,0,0,0,0,0,0,0,0,0,0,0,17,253,253,253,232,148,148,213,253,253,253,253,253,133,51,0,0,0,0,0,0,0,0,0,0,0,0,0,1,85,188,253,253,253,253,253,253,253,253,246,179,34,0,0,0,0,0,0,0,0,0,0,0,0,0,0,0,0,12,168,253,253,253,253,253,253,253,122,0,0,0,0,0,0,0,0,0,0,0,0,0,0,0,0,0,0,0,0,0,0,0,0,0,0,0,0,0,0,0,0,0,0,0,0,0,0,0,0,0,0,0,0,0,0,0,0,0,0,0,0,0,0,0,0,0,0,0,0,0,0,0,0,0,0,0,0,0,0,0,0,0,0,0,0,0,0,0,0,0,0,0,0,0,0,0,0,0,0,0,0,0,0,0,0,0,0,0,0,0,0,0,0,0,0,0,0,0,0,0,0,0,0,0,0,0,0,0,0,0,0
1,0,0,0,0,0,0,0,0,0,0,0,0,0,0,0,0,0,0,0,0,0,0,0,0,0,0,0,0,0,0,0,0,0,0,0,0,0,0,0,0,0,0,0,0,0,0,0,0,0,0,0,0,0,0,0,0,0,0,0,0,0,0,0,0,0,0,0,0,0,0,0,0,0,0,0,0,0,0,0,0,0,0,0,0,0,0,0,0,0,0,0,0,0,0,0,0,0,0,0,0,0,0,0,0,0,0,0,0,0,0,0,0,0,0,0,0,0,0,0,0,0,0,0,0,0,4,129,56,0,0,0,0,0,0,0,0,0,0,0,0,0,0,0,0,0,0,0,0,0,0,0,0,0,29,253,131,0,0,0,0,0,0,0,0,0,0,0,0,0,0,0,0,0,0,0,0,0,0,0,0,0,117,253,168,0,0,0,0,0,0,0,0,0,0,0,0,0,0,0,0,0,0,0,0,0,0,0,0,0,141,253,119,0,0,0,0,0,0,0,0,0,0,0,0,0,0,0,0,0,0,0,0,0,0,0,0,0,142,255,169,0,0,0,0,0,0,0,0,0,0,0,0,0,0,0,0,0,0,0,0,0,0,0,0,0,141,253,168,0,0,0,0,0,0,0,0,0,0,0,0,0,0,0,0,0,0,0,0,0,0,0,0,0,141,253,168,0,0,0,0,0,0,0,0,0,0,0,0,0,0,0,0,0,0,0,0,0,0,0,0,0,141,253,168,0,0,0,0,0,0,0,0,0,0,0,0,0,0,0,0,0,0,0,0,0,0,0,0,0,142,254,169,0,0,0,0,0,0,0,0,0,0,0,0,0,0,0,0,0,0,0,0,0,0,0,0,0,141,253,168,0,0,0,0,0,0,0,0,0,0,0,0,0,0,0,0,0,0,0,0,0,0,0,0,0,141,253,235,22,0,0,0,0,0,0,0,0,0,0,0,0,0,0,0,0,0,0,0,0,0,0,0,0,141,253,253,28,0,0,0,0,0,0,0,0,0,0,0,0,0,0,0,0,0,0,0,0,0,0,0,0,29,254,254,28,0,0,0,0,0,0,0,0,0,0,0,0,0,0,0,0,0,0,0,0,0,0,0,0,29,253,253,28,0,0,0,0,0,0,0,0,0,0,0,0,0,0,0,0,0,0,0,0,0,0,0,0,29,253,253,116,0,0,0,0,0,0,0,0,0,0,0,0,0,0,0,0,0,0,0,0,0,0,0,0,29,253,253,140,0,0,0,0,0,0,0,0,0,0,0,0,0,0,0,0,0,0,0,0,0,0,0,0,29,254,254,141,0,0,0,0,0,0,0,0,0,0,0,0,0,0,0,0,0,0,0,0,0,0,0,0,29,253,253,140,0,0,0,0,0,0,0,0,0,0,0,0,0,0,0,0,0,0,0,0,0,0,0,0,29,253,253,140,0,0,0,0,0,0,0,0,0,0,0,0,0,0,0,0,0,0,0,0,0,0,0,0,16,216,253,140,0,0,0,0,0,0,0,0,0,0,0,0,0,0,0,0,0,0,0,0,0,0,0,0,0,0,0,0,0,0,0,0,0,0,0,0,0,0,0,0,0,0,0,0,0,0,0,0,0,0,0,0,0,0,0,0,0,0,0,0,0,0,0,0,0,0,0,0,0,0,0,0,0,0,0,0,0,0,0,0,0,0,0,0,0,0,0,0,0,0,0,0,0,0,0,0,0,0,0,0,0,0,0,0,0,0,0,0,0,0,0,0,0,0,0,0,0,0,0,0,0,0,0
6,0,0,0,0,0,0,0,0,0,0,0,0,0,0,0,0,0,0,0,0,0,0,0,0,0,0,0,0,0,0,0,0,0,0,0,0,0,0,0,0,0,0,0,0,0,0,0,0,0,0,0,0,0,0,0,0,0,0,0,0,0,0,0,0,0,0,0,0,0,0,0,0,90,255,231,14,0,0,0,0,0,0,0,0,0,0,0,0,0,0,0,0,0,0,0,0,0,0,0,5,200,254,254,107,0,0,0,0,0,0,0,0,0,0,0,0,0,0,0,0,0,0,0,0,0,0,0,147,254,254,241,27,0,0,0,0,0,0,0,0,0,0,0,0,0,0,0,0,0,0,0,0,0,0,71,245,253,99,29,0,0,0,0,0,0,0,0,0,0,0,0,0,0,0,0,26,38,0,0,0,0,0,191,254,170,0,0,0,0,0,0,0,0,0,0,0,0,0,0,0,0,0,0,0,0,0,0,0,0,37,242,254,71,0,0,0,0,0,0,0,0,0,0,0,0,0,0,0,0,0,0,0,0,0,0,0,0,195,254,241,23,0,0,0,0,0,0,0,0,0,0,0,0,0,0,0,0,0,0,0,0,0,0,0,17,232,254,92,0,0,0,0,0,0,0,0,0,0,0,0,0,0,0,0,0,0,0,0,0,0,0,0,130,254,246,45,0,0,0,0,0,0,0,0,0,0,0,0,0,0,0,0,0,0,0,0,0,0,0,0,237,254,159,0,0,0,0,0,0,0,0,0,0,0,0,0,0,0,0,0,0,0,0,0,0,0,0,71,251,248,39,0,0,0,0,0,0,0,0,0,0,0,0,0,0,0,0,0,0,0,0,0,0,0,0,230,254,165,0,0,0,0,0,0,0,0,0,0,0,0,0,0,0,0,0,0,0,0,0,0,0,0,32,251,254,31,0,0,4,65,37,0,0,0,0,0,0,0,0,0,0,0,0,0,0,0,0,0,0,0,144,254,235,21,0,6,205,254,178,7,0,0,0,0,0,0,0,0,0,0,0,0,0,0,0,0,0,9,251,254,172,0,9,206,254,254,254,131,0,0,0,0,0,0,0,0,0,0,0,0,0,0,0,0,0,9,254,254,25,64,219,235,213,156,254,181,0,0,0,0,0,0,0,0,0,0,0,0,0,0,0,0,0,9,254,254,47,239,254,73,10,157,191,55,0,0,0,0,0,0,0,0,0,0,0,0,0,0,0,0,0,19,254,254,107,254,254,147,149,169,109,0,0,0,0,0,0,0,0,0,0,0,0,0,0,0,0,0,0,31,254,254,210,254,254,254,253,102,22,0,0,0,0,0,0,0,0,0,0,0,0,0,0,0,0,0,0,3,136,252,191,254,254,184,99,0,0,0,0,0,0,0,0,0,0,0,0,0,0,0,0,0,0,0,0,0,0,0,0,0,0,0,0,0,0,0,0,0,0,0,0,0,0,0,0,0,0,0,0,0,0,0,0,0,0,0,0,0,0,0,0,0,0,0,0,0,0,0,0,0,0,0,0,0,0,0,0,0,0,0,0,0,0,0,0,0,0,0,0,0,0,0,0,0,0,0,0,0,0,0,0,0,0,0,0,0,0,0,0,0,0,0,0,0,0,0,0,0,0,0,0,0,0,0,0,0,0,0,0,0,0,0,0,0,0,0,0,0,0,0,0,0,0,0,0,0,0,0,0,0,0,0,0,0,0,0,0,0,0,0,0,0,0,0,0,0,0,0,0,0,0,0,0,0,0,0,0,0,0,0,0,0,0,0
7,0,0,0,0,0,0,0,0,0,0,0,0,0,0,0,0,0,0,0,0,0,0,0,0,0,0,0,0,0,0,0,0,0,0,0,0,0,0,0,0,0,0,0,0,0,0,0,0,0,0,0,0,0,0,0,0,0,0,0,0,0,0,0,0,0,0,0,0,0,0,0,0,0,0,0,0,0,0,0,0,0,0,0,0,0,0,0,0,0,0,0,0,0,0,0,0,0,0,0,0,0,0,0,0,0,0,0,0,0,0,0,0,0,0,0,0,0,0,0,0,0,0,0,0,0,0,0,0,0,0,0,0,0,0,0,0,0,0,0,0,0,0,0,0,0,0,47,148,0,0,0,0,0,0,0,0,0,0,0,0,0,0,0,0,0,0,0,0,0,0,0,0,0,37,228,223,8,0,0,0,0,0,0,0,0,0,0,0,0,0,0,0,0,0,0,0,0,0,0,0,0,55,247,253,183,12,0,0,0,0,0,0,0,0,49,12,0,0,0,0,0,0,0,0,0,0,0,0,0,0,108,221,254,229,69,9,9,0,0,0,0,16,246,143,0,0,0,0,0,0,0,0,0,0,0,0,0,0,0,45,178,253,253,170,96,135,60,128,53,135,254,233,0,0,0,0,0,0,0,0,0,0,0,0,0,0,0,0,0,91,213,254,254,232,231,254,139,99,255,234,0,0,0,0,0,0,0,0,0,0,0,0,0,0,0,0,0,0,12,128,135,144,61,68,148,191,254,106,0,0,0,0,0,0,0,0,0,0,0,0,0,0,0,0,0,0,0,0,0,0,0,0,136,253,223,39,0,0,0,0,0,0,0,0,0,0,0,0,0,0,0,0,0,0,0,0,0,0,0,0,227,253,50,18,0,0,0,0,0,0,0,0,0,0,0,0,0,0,0,0,0,0,0,0,0,0,0,135,248,177,23,0,0,0,0,0,0,0,0,0,0,0,0,0,0,0,0,0,0,0,0,0,0,0,13,224,254,155,0,0,0,0,0,0,0,0,0,0,0,0,0,0,0,0,0,0,0,0,0,0,0,0,111,253,253,155,0,0,0,0,0,0,0,0,0,0,0,0,0,0,0,0,0,0,0,0,0,0,0,0,214,253,253,126,0,0,0,0,0,0,0,0,0,0,0,0,0,0,0,0,0,0,0,0,0,0,0,55,250,253,201,5,0,0,0,0,0,0,0,0,0,0,0,0,0,0,0,0,0,0,0,0,0,0,0,134,253,253,117,0,0,0,0,0,0,0,0,0,0,0,0,0,0,0,0,0,0,0,0,0,0,0,0,179,254,205,8,0,0,0,0,0,0,0,0,0,0,0,0,0,0,0,0,0,0,0,0,0,0,0,46,254,253,129,0,0,0,0,0,0,0,0,0,0,0,0,0,0,0,0,0,0,0,0,0,0,0,0,165,254,247,54,0,0,0,0,0,0,0,0,0,0,0,0,0,0,0,0,0,0,0,0,0,0,0,37,248,254,142,0,0,0,0,0,0,0,0,0,0,0,0,0,0,0,0,0,0,0,0,0,0,0,0,40,253,155,46,0,0,0,0,0,0,0,0,0,0,0,0,0,0,0,0,0,0,0,0,0,0,0,0,0,0,0,0,0,0,0,0,0,0,0,0,0,0,0,0,0,0,0,0,0,0,0,0,0,0,0,0,0,0,0,0,0,0,0,0,0,0,0,0,0,0,0,0,0,0,0,0,0,0,0,0,0,0,0,0,0,0,0,0,0,0,0,0,0,0,0,0,0,0,0,0,0
6,0,0,0,0,0,0,0,0,0,0,0,0,0,0,0,0,0,0,0,0,0,0,0,0,0,0,0,0,0,0,0,0,0,0,0,0,0,0,0,0,0,0,0,0,0,0,0,0,0,0,0,0,0,0,0,0,0,0,0,0,0,0,0,0,0,0,0,0,0,51,243,179,0,0,0,0,0,0,0,0,0,0,0,0,0,0,0,0,0,0,0,0,0,0,0,0,34,174,252,209,0,0,0,0,0,0,0,0,0,0,0,0,0,0,0,0,0,0,0,0,0,0,0,13,203,252,252,84,0,0,0,0,0,0,0,0,0,0,0,0,0,0,0,0,0,0,0,0,0,0,0,89,252,252,210,0,0,0,0,0,0,0,0,0,0,0,0,0,0,0,0,0,0,0,0,0,0,0,22,244,252,210,22,0,0,0,0,0,0,0,0,0,0,0,0,0,0,0,0,0,0,0,0,0,0,11,202,253,247,94,0,0,0,0,0,0,0,0,0,0,0,0,0,0,0,0,0,0,0,0,0,0,0,116,253,252,110,0,0,0,0,0,0,0,0,0,0,0,0,0,0,0,0,0,0,0,0,0,0,0,26,205,253,187,19,0,0,0,0,0,0,0,0,0,0,0,0,0,0,0,0,0,0,0,0,0,0,0,187,252,234,17,0,0,0,0,0,0,0,0,0,17,93,59,0,0,0,0,0,0,0,0,0,0,0,32,228,252,178,0,0,0,0,0,0,0,0,0,64,193,252,244,21,0,0,0,0,0,0,0,0,0,26,222,253,190,0,0,0,0,0,0,0,0,9,181,255,253,253,253,137,0,0,0,0,0,0,0,0,0,68,252,252,117,0,0,0,0,0,0,0,66,194,252,253,252,252,252,137,0,0,0,0,0,0,0,0,7,186,252,153,6,0,0,0,0,0,0,66,234,252,252,247,162,69,219,137,0,0,0,0,0,0,0,0,24,252,252,45,0,0,0,0,0,0,62,236,252,252,210,94,0,0,207,137,0,0,0,0,0,0,0,0,128,252,136,4,0,0,0,0,0,0,243,252,252,157,22,0,0,0,207,137,0,0,0,0,0,0,0,0,139,253,69,0,0,0,0,0,0,127,255,249,115,0,0,3,97,222,245,21,0,0,0,0,0,0,0,0,138,252,154,9,0,0,0,0,60,244,253,162,47,47,47,118,252,252,139,0,0,0,0,0,0,0,0,0,107,252,252,196,131,70,70,70,188,252,253,252,252,252,252,253,240,151,13,0,0,0,0,0,0,0,0,0,5,177,252,252,252,253,252,252,252,252,253,252,227,202,160,98,37,0,0,0,0,0,0,0,0,0,0,0,0,36,137,232,252,253,252,252,252,252,253,178,48,11,0,0,0,0,0,0,0,0,0,0,0,0,0,0,0,0,0,0,0,0,0,0,0,0,0,0,0,0,0,0,0,0,0,0,0,0,0,0,0,0,0,0,0,0,0,0,0,0,0,0,0,0,0,0,0,0,0,0,0,0,0,0,0,0,0,0,0,0,0,0,0,0,0,0,0,0,0,0,0,0,0,0,0,0,0,0,0,0,0,0,0,0,0,0,0,0,0,0,0,0,0,0,0,0,0,0,0,0,0,0,0,0,0,0,0,0,0,0,0,0,0,0,0,0,0,0,0,0,0,0,0,0,0,0,0,0,0,0,0,0,0,0,0,0,0,0,0,0,0,0,0,0,0,0,0,0,0,0,0,0,0,0,0,0,0,0,0,0,0,0,0,0,0,0,0,0,0
8,0,0,0,0,0,0,0,0,0,0,0,0,0,0,0,0,0,0,0,0,0,0,0,0,0,0,0,0,0,0,0,0,0,0,0,0,0,0,0,0,0,0,0,0,0,0,0,0,0,0,0,0,0,0,0,0,0,0,0,0,0,0,0,0,0,0,0,0,0,0,0,0,0,0,0,0,0,0,0,0,0,0,0,0,0,0,0,0,0,0,0,0,0,0,0,0,0,0,0,0,0,0,0,0,0,0,0,0,0,0,0,0,0,0,0,0,0,0,0,0,0,0,0,0,0,0,0,0,0,0,0,0,0,0,0,0,0,0,0,0,0,0,0,0,0,0,0,0,0,0,0,82,215,210,71,0,0,0,0,0,0,0,0,0,0,0,0,0,0,0,0,0,0,0,0,0,0,0,0,191,238,250,234,35,0,26,32,32,20,0,0,0,0,0,0,0,0,0,0,0,0,0,0,0,0,0,0,191,127,107,251,137,142,245,254,254,237,156,0,0,0,0,0,0,0,0,0,0,0,0,0,0,0,0,0,191,196,0,169,254,254,222,190,190,235,250,87,0,0,0,0,0,0,0,0,0,0,0,0,0,0,0,0,191,221,10,110,254,149,8,0,0,26,254,201,0,0,0,0,0,0,0,0,0,0,0,0,0,0,0,0,112,254,87,0,0,0,0,0,0,16,255,202,0,0,0,0,0,0,0,0,0,0,0,0,0,0,0,0,102,254,178,2,0,0,0,0,0,51,254,92,0,0,0,0,0,0,0,0,0,0,0,0,0,0,0,0,16,190,254,56,0,0,0,0,0,135,254,72,0,0,0,0,0,0,0,0,0,0,0,0,0,0,0,0,0,58,254,164,0,0,0,0,40,220,196,21,0,0,0,0,0,0,0,0,0,0,0,0,0,0,0,0,0,48,254,224,0,0,0,115,243,220,24,0,0,0,0,0,0,0,0,0,0,0,0,0,0,0,0,0,0,15,228,254,41,86,240,254,190,25,0,0,0,0,0,0,0,0,0,0,0,0,0,0,0,0,0,0,0,0,143,254,254,250,182,98,4,0,0,0,0,0,0,0,0,0,0,0,0,0,0,0,0,0,0,0,6,88,223,254,207,61,0,0,0,0,0,0,0,0,0,0,0,0,0,0,0,0,0,0,0,0,0,69,182,254,254,254,115,0,0,0,0,0,0,0,0,0,0,0,0,0,0,0,0,0,0,0,0,0,100,254,244,120,199,254,80,0,0,0,0,0,0,0,0,0,0,0,0,0,0,0,0,0,0,0,3,150,254,149,0,53,254,225,0,0,0,0,0,0,0,0,0,0,0,0,0,0,0,0,0,0,0,0,83,254,199,0,14,208,254,139,0,0,0,0,0,0,0,0,0,0,0,0,0,0,0,0,0,0,0,0,167,254,16,23,168,254,222,23,0,0,0,0,0,0,0,0,0,0,0,0,0,0,0,0,0,0,0,0,137,254,199,235,254,227,59,0,0,0,0,0,0,0,0,0,0,0,0,0,0,0,0,0,0,0,0,0,23,209,254,250,164,28,0,0,0,0,0,0,0,0,0,0,0,0,0,0,0,0,0,0,0,0,0,0,0,0,0,0,0,0,0,0,0,0,0,0,0,0,0,0,0,0,0,0,0,0,0,0,0,0,0,0,0,0,0,0,0,0,0,0,0,0,0,0,0,0,0,0,0,0,0,0,0,0,0,0,0,0,0,0,0,0,0,0,0,0,0,0,0,0,0,0,0,0,0,0,0,0,0,0,0
2,0,0,0,0,0,0,0,0,0,0,0,0,0,0,0,0,0,0,0,0,0,0,0,0,0,0,0,0,0,0,0,0,0,0,0,0,0,0,0,0,0,0,0,0,0,0,0,0,0,0,0,0,0,0,0,0,0,0,0,0,0,0,0,0,0,0,0,0,0,0,0,0,0,0,0,0,0,0,0,0,0,0,0,0,0,0,0,0,0,0,0,0,0,0,0,0,0,0,0,0,0,0,0,0,0,0,0,0,0,0,0,0,0,0,0,0,0,0,0,0,0,0,0,0,0,128,255,255,191,64,0,0,0,0,0,0,0,0,0,0,0,0,0,0,0,0,0,0,0,0,0,0,128,255,255,255,255,255,0,0,0,0,0,0,0,0,0,0,0,0,0,0,0,0,0,0,0,0,0,128,255,255,191,64,255,255,255,64,0,0,0,0,0,0,0,0,0,0,0,0,0,0,0,0,0,0,0,0,255,191,0,0,128,255,255,128,0,0,0,0,0,0,0,0,0,0,0,0,0,0,0,0,0,0,0,0,0,0,0,0,128,255,255,128,0,0,0,0,0,0,0,0,0,0,0,0,0,0,0,0,0,0,0,0,0,0,0,0,255,255,255,128,0,0,0,0,0,0,0,0,0,0,0,0,0,0,0,0,0,0,0,0,0,0,0,64,255,255,255,0,0,0,0,0,0,0,0,0,0,0,0,0,0,0,0,0,0,0,0,0,0,0,0,191,255,255,191,0,0,0,0,0,0,0,0,0,0,0,0,0,0,0,0,0,0,0,0,0,0,0,0,255,255,255,64,0,0,0,0,0,0,0,0,0,0,0,0,0,0,0,0,0,0,0,0,0,0,0,191,255,255,255,0,0,0,0,0,0,0,0,0,0,0,0,0,0,0,0,0,0,0,0,0,0,0,128,255,255,255,64,0,0,0,0,0,0,0,0,0,0,0,0,0,0,0,0,0,0,0,0,0,0,0,255,255,255,64,0,0,0,0,0,0,0,0,0,0,0,0,0,0,0,0,0,0,0,0,0,0,64,255,255,255,64,0,0,0,0,0,0,0,0,0,0,0,0,0,0,0,0,0,0,0,0,0,0,128,255,255,191,64,0,0,0,0,0,0,0,0,0,0,0,0,0,0,0,0,0,0,0,0,0,0,191,255,255,191,0,0,0,0,0,0,0,0,0,0,0,0,0,0,0,0,0,0,0,0,0,0,128,255,255,255,128,0,0,0,0,0,0,0,0,0,0,0,0,0,0,0,0,0,0,0,0,0,0,0,255,255,255,191,64,0,0,0,0,0,0,0,0,0,0,0,0,0,0,0,0,0,0,0,0,0,0,0,191,255,255,255,255,255,255,128,128,64,0,0,0,0,0,0,0,0,0,0,0,0,0,0,0,0,0,0,0,0,128,128,255,255,255,255,255,255,255,128,64,0,0,0,0,0,0,0,0,0,0,0,0,0,0,0,0,0,0,0,0,0,64,128,255,255,255,255,255,128,0,0,0,0,0,0,0,0,0,0,0,0,0,0,0,0,0,0,0,0,0,0,0,0,0,0,0,0,0,0,0,0,0,0,0,0,0,0,0,0,0,0,0,0,0,0,0,0,0,0,0,0,0,0,0,0,0,0,0,0,0,0,0,0,0,0,0,0,0,0,0,0,0,0,0,0,0,0,0,0,0,0,0,0,0,0,0,0,0,0,0,0,0,0,0,0,0,0,0,0,0,0,0,0,0,0,0,0,0,0,0,0,0,0,0,0,0,0,0
3,0,0,0,0,0,0,0,0,0,0,0,0,0,0,0,0,0,0,0,0,0,0,0,0,0,0,0,0,0,0,0,0,0,0,0,0,0,0,0,0,0,0,0,0,0,0,0,0,0,0,0,0,0,0,0,0,0,0,0,0,0,0,0,0,0,0,0,0,0,0,0,0,0,0,0,0,0,0,0,0,0,0,0,0,0,0,0,0,0,0,0,0,0,0,0,0,0,0,0,0,0,0,0,0,0,0,0,0,0,0,0,0,0,0,0,0,0,0,0,0,0,0,0,0,0,0,0,0,0,0,0,0,0,0,0,0,0,0,0,0,0,0,0,0,0,32,139,148,148,255,253,200,148,148,148,148,96,43,25,0,0,0,0,0,0,0,0,0,0,0,0,0,0,190,252,252,252,253,252,252,252,252,253,252,252,252,226,116,0,0,0,0,0,0,0,0,0,0,0,0,0,181,251,160,126,127,126,126,126,126,127,126,223,231,249,250,58,0,0,0,0,0,0,0,0,0,0,0,0,28,77,0,0,0,0,0,0,0,0,0,0,43,239,253,63,0,0,0,0,0,0,0,0,0,0,0,0,0,0,0,0,0,0,0,0,0,0,0,54,187,252,174,11,0,0,0,0,0,0,0,0,0,0,0,0,0,0,0,0,0,0,0,0,0,43,123,245,243,167,0,0,0,0,0,0,0,0,0,0,0,0,0,0,0,0,0,0,0,0,8,112,190,253,252,245,82,0,0,0,0,0,0,0,0,0,0,0,0,0,0,0,0,0,0,0,4,101,181,252,252,253,201,72,0,0,0,0,0,0,0,0,0,0,0,0,0,0,0,0,0,0,0,0,139,252,252,252,252,191,63,0,0,0,0,0,0,0,0,0,0,0,0,0,0,0,0,0,0,0,0,0,253,252,252,252,252,253,239,211,185,106,0,0,0,0,0,0,0,0,0,0,0,0,0,0,0,0,0,0,124,211,211,185,194,212,243,253,253,253,193,37,0,0,0,0,0,0,0,0,0,0,0,0,0,0,0,0,0,0,0,0,0,0,48,63,133,203,253,205,16,0,0,0,0,0,0,0,0,0,0,0,0,0,0,0,0,0,0,0,0,0,0,0,0,9,144,247,214,0,0,0,0,0,0,0,0,0,0,0,0,0,0,0,0,0,0,0,0,0,0,0,0,0,0,163,245,83,0,0,0,0,0,0,0,0,0,0,0,0,0,0,0,0,0,0,0,0,0,0,0,0,0,85,252,189,0,0,0,0,0,0,0,0,0,0,0,0,0,0,0,0,0,0,0,0,0,0,0,0,25,201,250,70,0,0,0,0,0,0,0,0,0,0,0,0,0,0,0,0,0,0,0,0,0,0,22,14,183,252,231,0,0,0,0,0,0,0,0,0,0,0,0,0,0,62,128,127,127,127,127,128,162,232,237,236,253,245,168,0,0,0,0,0,0,0,0,0,0,0,0,0,0,211,253,252,252,252,252,253,252,252,252,252,216,126,0,0,0,0,0,0,0,0,0,0,0,0,0,0,0,35,147,147,147,173,164,147,147,138,42,42,18,0,0,0,0,0,0,0,0,0,0,0,0,0,0,0,0,0,0,0,0,0,0,0,0,0,0,0,0,0,0,0,0,0,0,0,0,0,0,0,0,0,0,0,0,0,0,0,0,0,0,0,0,0,0,0,0,0,0,0,0,0,0,0,0,0,0,0,0,0,0,0,0,0,0,0,0,0,0,0,0,0,0,0,0,0,0,0,0,0,0,0,0
4,0,0,0,0,0,0,0,0,0,0,0,0,0,0,0,0,0,0,0,0,0,0,0,0,0,0,0,0,0,0,0,0,0,0,0,0,0,0,0,0,0,0,0,0,0,0,0,0,0,0,0,0,0,0,0,0,0,0,0,0,0,0,0,0,0,0,0,0,0,0,0,0,0,0,0,0,0,0,0,0,0,0,0,0,0,0,0,0,0,0,0,0,0,0,0,0,0,0,0,0,0,0,0,0,0,0,0,0,0,0,0,0,0,0,0,0,0,0,0,0,0,0,0,0,0,0,0,0,0,0,0,0,0,0,0,0,0,0,0,0,0,0,0,0,0,0,0,0,0,0,0,0,0,0,0,0,0,0,0,0,0,0,0,0,0,0,0,0,0,0,0,0,0,0,0,0,0,0,0,0,14,131,30,0,0,9,168,244,47,0,0,0,0,0,0,0,0,0,0,0,0,0,0,0,0,0,0,0,62,248,216,49,0,60,254,254,114,0,0,0,0,0,0,0,0,0,0,0,0,0,0,0,0,0,0,2,127,252,228,90,1,111,254,254,140,0,0,0,0,0,0,0,0,0,0,0,0,0,0,0,0,0,0,68,254,254,92,0,22,254,254,220,33,0,0,0,0,0,0,0,0,0,0,0,0,0,0,0,0,0,39,189,254,207,24,0,104,254,254,119,0,0,0,0,0,0,0,0,0,0,0,0,0,0,0,0,0,0,120,254,251,31,0,44,189,254,250,21,0,0,0,0,0,0,0,0,0,0,0,0,0,0,0,0,0,0,140,254,146,0,0,93,254,254,135,0,0,0,0,0,0,0,0,0,0,0,0,0,0,0,0,0,0,63,248,217,14,0,0,176,254,234,32,0,0,0,0,0,0,0,0,0,0,0,0,0,0,0,0,0,0,181,254,198,0,0,58,250,254,198,146,220,35,0,0,0,0,0,0,0,0,0,0,0,0,0,0,0,0,190,250,56,0,4,183,254,254,254,254,204,0,0,0,0,0,0,0,0,0,0,0,0,0,0,0,0,0,190,254,221,201,205,254,254,254,254,254,119,0,0,0,0,0,0,0,0,0,0,0,0,0,0,0,0,0,12,174,254,254,254,254,254,254,249,103,8,0,0,0,0,0,0,0,0,0,0,0,0,0,0,0,0,0,0,92,195,241,254,254,233,185,66,0,0,0,0,0,0,0,0,0,0,0,0,0,0,0,0,0,0,0,0,0,0,108,254,254,121,0,0,0,0,0,0,0,0,0,0,0,0,0,0,0,0,0,0,0,0,0,0,0,0,145,254,225,25,0,0,0,0,0,0,0,0,0,0,0,0,0,0,0,0,0,0,0,0,0,0,0,13,211,255,127,0,0,0,0,0,0,0,0,0,0,0,0,0,0,0,0,0,0,0,0,0,0,0,0,50,254,254,92,0,0,0,0,0,0,0,0,0,0,0,0,0,0,0,0,0,0,0,0,0,0,0,0,50,254,245,41,0,0,0,0,0,0,0,0,0,0,0,0,0,0,0,0,0,0,0,0,0,0,0,0,50,254,161,0,0,0,0,0,0,0,0,0,0,0,0,0,0,0,0,0,0,0,0,0,0,0,0,0,50,254,37,0,0,0,0,0,0,0,0,0,0,0,0,0,0,0,0,0,0,0,0,0,0,0,0,0,0,0,0,0,0,0,0,0,0,0,0,0,0,0,0,0,0,0,0,0,0,0,0,0,0,0,0,0,0,0,0,0,0,0,0,0,0,0,0,0,0,0,0,0,0
8,0,0,0,0,0,0,0,0,0,0,0,0,0,0,0,0,0,0,0,0,0,0,0,0,0,0,0,0,0,0,0,0,0,0,0,0,0,0,0,0,0,0,0,0,0,0,0,0,0,0,0,0,0,0,0,0,0,0,0,0,0,0,0,0,0,0,0,0,0,0,0,0,0,0,0,0,0,0,0,0,0,0,0,0,0,0,0,0,0,0,0,0,0,0,0,0,0,0,0,0,0,0,0,0,0,0,0,0,0,0,0,0,0,0,0,0,0,0,0,0,0,0,0,0,0,0,0,0,0,0,0,0,0,0,0,0,0,0,0,0,0,0,0,0,0,0,0,0,0,0,0,0,92,237,190,128,88,20,0,0,0,0,0,0,0,0,0,0,0,0,0,0,0,0,0,0,0,0,0,0,221,254,254,254,254,230,25,0,0,0,0,0,0,0,0,0,0,0,0,0,0,0,0,0,0,0,0,6,235,250,229,229,251,254,151,26,26,17,0,0,0,0,0,0,0,0,0,0,0,0,0,0,0,0,0,74,254,210,0,0,99,254,254,254,254,234,48,0,0,0,0,0,0,0,0,0,0,0,0,0,0,0,0,74,254,210,0,0,45,248,239,236,251,254,154,0,0,0,0,0,0,0,0,0,0,0,0,0,0,0,0,42,250,219,6,0,0,39,10,0,61,246,147,0,0,0,0,0,0,0,0,0,0,0,0,0,0,0,0,0,233,254,29,0,0,0,0,39,182,253,115,0,0,0,0,0,0,0,0,0,0,0,0,0,0,0,0,0,199,254,29,0,13,75,158,252,254,230,15,0,0,0,0,0,0,0,0,0,0,0,0,0,0,0,0,0,158,254,77,89,201,255,254,246,161,24,0,0,0,0,0,0,0,0,0,0,0,0,0,0,0,0,0,0,32,254,254,254,254,239,159,24,0,0,0,0,0,0,0,0,0,0,0,0,0,0,0,0,0,0,0,0,137,254,254,244,142,44,0,0,0,0,0,0,0,0,0,0,0,0,0,0,0,0,0,0,0,0,17,198,254,254,252,23,0,0,0,0,0,0,0,0,0,0,0,0,0,0,0,0,0,0,0,0,0,0,172,254,254,254,251,0,0,0,0,0,0,0,0,0,0,0,0,0,0,0,0,0,0,0,0,0,0,64,254,250,126,254,223,0,0,0,0,0,0,0,0,0,0,0,0,0,0,0,0,0,0,0,0,0,0,149,250,95,12,254,177,0,0,0,0,0,0,0,0,0,0,0,0,0,0,0,0,0,0,0,0,0,10,224,167,0,81,254,172,0,0,0,0,0,0,0,0,0,0,0,0,0,0,0,0,0,0,0,0,0,26,254,179,11,121,254,68,0,0,0,0,0,0,0,0,0,0,0,0,0,0,0,0,0,0,0,0,0,26,253,254,235,245,253,29,0,0,0,0,0,0,0,0,0,0,0,0,0,0,0,0,0,0,0,0,0,0,140,254,254,254,165,0,0,0,0,0,0,0,0,0,0,0,0,0,0,0,0,0,0,0,0,0,0,0,25,160,254,205,27,0,0,0,0,0,0,0,0,0,0,0,0,0,0,0,0,0,0,0,0,0,0,0,0,0,0,0,0,0,0,0,0,0,0,0,0,0,0,0,0,0,0,0,0,0,0,0,0,0,0,0,0,0,0,0,0,0,0,0,0,0,0,0,0,0,0,0,0,0,0,0,0,0,0,0,0,0,0,0,0,0,0,0,0,0,0,0,0,0,0,0,0,0,0,0,0,0,0
0,0,0,0,0,0,0,0,0,0,0,0,0,0,0,0,0,0,0,0,0,0,0,0,0,0,0,0,0,0,0,0,0,0,0,0,0,0,0,0,0,0,0,0,0,0,0,0,0,0,0,0,0,0,0,0,0,0,0,0,0,0,0,0,0,0,0,0,0,0,0,0,0,0,0,0,0,0,0,0,0,0,0,0,0,0,0,0,0,0,0,0,0,0,0,0,0,0,0,0,0,0,0,0,0,0,0,0,0,0,0,0,0,0,0,0,0,0,0,0,0,0,0,0,0,157,254,255,190,82,0,0,0,0,0,0,0,0,0,0,0,0,0,0,0,0,0,0,0,0,0,0,15,162,253,253,253,246,107,4,0,0,0,0,0,0,0,0,0,0,0,0,0,0,0,0,0,0,0,60,240,253,253,253,253,253,253,118,0,0,0,0,0,0,0,0,0,0,0,0,0,0,0,0,0,0,60,228,253,253,253,253,253,253,253,217,16,0,0,0,0,0,0,0,0,0,0,0,0,0,0,0,0,0,213,253,253,253,253,253,253,253,253,253,122,0,0,0,0,0,0,0,0,0,0,0,0,0,0,0,0,105,247,253,253,253,237,198,104,240,253,253,232,27,0,0,0,0,0,0,0,0,0,0,0,0,0,0,19,195,253,253,253,253,81,0,0,99,253,253,253,123,0,0,0,0,0,0,0,0,0,0,0,0,0,0,182,253,253,253,253,212,5,0,0,25,253,253,253,195,0,0,0,0,0,0,0,0,0,0,0,0,0,0,197,253,253,253,212,38,0,0,0,25,253,253,253,195,0,0,0,0,0,0,0,0,0,0,0,0,0,35,215,253,253,253,28,0,0,0,0,25,253,253,253,214,35,0,0,0,0,0,0,0,0,0,0,0,0,107,253,253,253,248,23,0,0,0,0,25,253,253,253,253,106,0,0,0,0,0,0,0,0,0,0,0,0,107,253,253,253,114,0,0,0,0,0,25,253,253,253,253,106,0,0,0,0,0,0,0,0,0,0,0,11,202,253,253,216,29,0,0,0,0,0,41,253,253,253,253,106,0,0,0,0,0,0,0,0,0,0,0,0,107,253,253,203,0,0,0,0,0,45,218,253,253,253,253,106,0,0,0,0,0,0,0,0,0,0,0,0,107,253,253,212,19,0,0,14,47,224,253,253,253,253,206,20,0,0,0,0,0,0,0,0,0,0,0,0,52,224,253,253,186,12,82,171,253,253,253,253,253,253,195,0,0,0,0,0,0,0,0,0,0,0,0,0,0,197,253,253,253,224,241,253,253,253,253,253,244,111,25,0,0,0,0,0,0,0,0,0,0,0,0,0,0,102,253,253,253,253,253,253,253,253,253,253,117,0,0,0,0,0,0,0,0,0,0,0,0,0,0,0,0,2,95,193,253,253,253,253,253,224,179,105,3,0,0,0,0,0,0,0,0,0,0,0,0,0,0,0,0,0,0,18,89,89,89,249,248,55,0,0,0,0,0,0,0,0,0,0,0,0,0,0,0,0,0,0,0,0,0,0,0,0,0,0,0,0,0,0,0,0,0,0,0,0,0,0,0,0,0,0,0,0,0,0,0,0,0,0,0,0,0,0,0,0,0,0,0,0,0,0,0,0,0,0,0,0,0,0,0,0,0,0,0,0,0,0,0,0,0,0,0,0,0,0,0,0,0,0,0,0,0,0,0,0,0,0,0,0,0,0,0,0,0,0,0,0,0,0,0,0,0,0,0,0,0,0,0,0,0,0,0,0
0,0,0,0,0,0,0,0,0,0,0,0,0,0,0,0,0,0,0,0,0,0,0,0,0,0,0,0,0,0,0,0,0,0,0,0,0,0,0,0,0,0,0,0,0,0,0,0,0,0,0,0,0,0,0,0,0,0,0,0,0,0,0,0,0,0,0,0,0,0,0,0,0,0,0,0,0,0,0,0,0,0,0,0,0,0,0,0,0,0,0,0,0,0,0,0,0,0,0,0,0,0,0,0,0,0,0,0,0,0,0,0,0,0,0,0,0,0,0,0,0,0,0,0,0,0,0,0,0,0,0,0,0,0,0,0,0,0,0,0,0,0,0,0,0,0,0,0,0,0,0,0,0,0,0,0,0,0,0,0,0,0,0,0,0,0,0,0,0,0,0,0,0,0,0,0,0,0,0,0,0,0,0,0,0,0,0,0,0,0,0,0,0,0,0,0,0,0,0,0,0,0,0,0,0,0,0,26,57,44,7,57,57,57,57,57,57,57,57,44,0,0,0,0,0,0,0,0,0,0,0,0,0,4,29,207,252,233,100,252,253,252,252,252,252,253,252,233,72,0,0,0,0,0,0,0,0,0,0,0,0,29,252,253,252,252,252,252,253,252,252,252,252,253,252,252,223,0,0,0,0,0,0,0,0,0,0,0,89,207,253,255,253,253,253,253,255,253,253,253,253,255,253,253,237,50,0,0,0,0,0,0,0,0,0,0,197,252,252,253,252,252,252,252,253,252,252,252,252,215,243,252,252,237,0,0,0,0,0,0,0,0,0,98,240,252,252,228,148,209,252,252,253,201,195,102,55,31,50,177,252,252,0,0,0,0,0,0,0,0,76,243,252,252,236,126,0,181,252,252,162,9,0,0,0,0,0,57,252,252,0,0,0,0,0,0,0,0,113,252,252,252,112,0,0,25,128,173,0,0,0,0,0,0,48,88,252,252,0,0,0,0,0,0,0,0,114,253,253,225,0,0,0,0,0,0,0,0,0,0,0,51,238,253,253,190,0,0,0,0,0,0,0,0,238,252,201,24,0,0,0,0,0,0,0,0,0,57,85,238,252,252,226,12,0,0,0,0,0,0,0,0,253,252,208,51,0,0,0,0,0,0,26,6,76,234,252,253,233,86,49,0,0,0,0,0,0,0,0,0,253,252,252,242,169,108,107,138,169,169,207,177,234,249,223,162,56,0,0,0,0,0,0,0,0,0,0,0,174,252,252,252,252,253,252,252,252,252,253,252,220,99,0,0,0,0,0,0,0,0,0,0,0,0,0,0,114,253,253,253,253,255,253,253,253,253,255,253,56,0,0,0,0,0,0,0,0,0,0,0,0,0,0,0,12,152,89,167,167,215,243,252,148,27,27,27,6,0,0,0,0,0,0,0,0,0,0,0,0,0,0,0,0,0,0,0,0,31,50,55,49,0,0,0,0,0,0,0,0,0,0,0,0,0,0,0,0,0,0,0,0,0,0,0,0,0,0,0,0,0,0,0,0,0,0,0,0,0,0,0,0,0,0,0,0,0,0,0,0,0,0,0,0,0,0,0,0,0,0,0,0,0,0,0,0,0,0,0,0,0,0,0,0,0,0,0,0,0,0,0,0,0,0,0,0,0,0,0,0,0,0,0,0,0,0,0,0,0,0,0,0,0,0,0,0,0,0,0,0,0,0,0,0,0,0,0,0,0,0,0,0,0,0,0,0,0,0,0,0,0,0,0,0,0,0,0,0,0,0,0,0,0,0,0,0,0,0,0,0,0,0,0,0,0,0
3,0,0,0,0,0,0,0,0,0,0,0,0,0,0,0,0,0,0,0,0,0,0,0,0,0,0,0,0,0,0,0,0,0,0,0,0,0,0,0,0,0,0,0,0,0,0,0,0,0,0,0,0,0,0,0,0,0,0,0,0,0,0,0,0,0,0,0,0,0,0,0,0,0,0,0,0,0,0,0,0,0,0,0,0,0,0,0,0,0,0,0,0,0,0,0,0,0,0,0,0,0,0,0,0,0,0,0,0,0,0,0,0,0,0,0,0,0,0,0,0,0,0,0,0,0,0,0,0,0,0,0,0,0,0,0,0,0,0,0,0,0,0,0,0,0,0,119,125,242,254,255,214,90,0,0,0,0,0,0,0,0,0,0,0,0,0,0,0,0,0,0,0,0,175,253,253,253,253,253,253,252,147,30,0,0,0,0,0,0,0,0,0,0,0,0,0,0,0,0,0,0,248,253,207,142,96,123,234,253,253,188,0,0,0,0,0,0,0,0,0,0,0,0,0,0,0,0,0,0,194,207,21,0,0,0,56,178,253,249,66,0,0,0,0,0,0,0,0,0,0,0,0,0,0,0,0,0,12,14,0,0,0,0,0,72,253,253,122,0,0,0,0,0,0,0,0,0,0,0,0,0,0,0,0,0,0,0,0,0,0,0,0,72,253,253,87,0,0,0,0,0,0,0,0,0,0,0,0,0,0,0,0,0,0,0,0,0,0,0,0,72,253,253,71,0,0,0,0,0,0,0,0,0,0,0,0,0,0,0,0,0,0,0,0,0,0,0,25,195,253,205,13,0,0,0,0,0,0,0,0,0,0,0,0,0,0,0,0,0,0,0,0,0,0,25,195,253,253,211,72,72,61,0,0,0,0,0,0,0,0,0,0,0,0,0,0,0,0,0,0,0,0,186,253,253,253,253,253,253,244,179,59,0,0,0,0,0,0,0,0,0,0,0,0,0,0,0,0,0,0,215,253,253,253,253,253,253,253,253,247,179,26,0,0,0,0,0,0,0,0,0,0,0,0,0,0,0,0,188,237,201,101,71,71,71,91,201,233,253,206,24,0,0,0,0,0,0,0,0,0,0,0,0,0,0,0,26,54,0,0,0,0,0,0,0,133,253,253,117,0,0,0,0,0,0,0,0,0,0,0,0,0,0,0,0,0,0,0,0,0,0,0,0,13,200,253,117,0,0,0,0,0,0,0,0,0,0,0,0,0,0,0,0,0,0,0,0,0,0,0,0,111,253,253,117,0,0,0,0,0,0,0,0,0,0,0,0,0,0,0,0,0,58,56,7,0,0,0,34,216,253,252,105,0,0,0,0,0,0,0,0,0,0,0,0,0,0,0,0,0,192,253,146,20,20,108,216,253,252,154,0,0,0,0,0,0,0,0,0,0,0,0,0,0,0,0,0,0,69,250,253,253,253,253,253,252,222,0,0,0,0,0,0,0,0,0,0,0,0,0,0,0,0,0,0,0,0,90,215,253,253,253,249,154,0,0,0,0,0,0,0,0,0,0,0,0,0,0,0,0,0,0,0,0,0,0,29,149,253,166,44,0,0,0,0,0,0,0,0,0,0,0,0,0,0,0,0,0,0,0,0,0,0,0,0,0,0,0,0,0,0,0,0,0,0,0,0,0,0,0,0,0,0,0,0,0,0,0,0,0,0,0,0,0,0,0,0,0,0,0,0,0,0,0,0,0,0,0,0,0,0,0,0,0,0,0,0,0,0,0,0,0,0,0,0,0,0,0,0,0,0,0,0,0
6,0,0,0,0,0,0,0,0,0,0,0,0,0,0,0,0,0,0,0,0,0,0,0,0,0,0,0,0,0,0,0,0,0,0,0,0,0,0,0,0,0,0,0,0,0,0,0,0,0,0,0,0,0,0,0,0,0,0,0,0,0,0,0,0,0,0,0,0,0,0,0,0,0,0,0,0,0,0,0,0,0,0,0,0,0,0,0,0,0,0,0,0,0,0,0,0,0,0,0,6,118,244,255,171,7,0,0,0,0,0,0,0,0,0,0,0,0,0,0,0,0,0,0,0,0,0,109,184,253,238,219,253,159,0,0,0,0,0,0,0,0,0,0,0,0,0,0,0,0,0,0,0,5,73,229,253,233,57,4,96,162,0,0,0,0,0,0,0,0,0,0,0,0,0,0,0,0,0,0,0,57,253,253,232,59,0,0,0,0,0,0,0,0,0,0,0,0,0,0,0,0,0,0,0,0,0,0,47,233,253,191,60,0,0,0,0,0,0,0,0,0,0,0,0,0,0,0,0,0,0,0,0,0,0,0,174,253,167,9,0,0,0,0,0,0,0,0,0,0,0,0,0,0,0,0,0,0,0,0,0,0,0,160,253,228,4,0,0,0,0,0,0,0,0,0,0,0,0,0,0,0,0,0,0,0,0,0,0,0,50,241,239,49,0,0,0,0,0,0,0,0,0,0,0,0,0,0,0,0,0,0,0,0,0,0,0,0,163,253,129,0,0,0,0,0,0,0,0,0,0,0,0,0,0,0,0,0,0,0,0,0,0,0,0,50,239,253,102,0,0,0,0,0,0,0,0,0,0,0,0,0,0,0,0,0,0,0,0,0,0,0,0,72,253,253,11,0,0,0,0,0,0,0,0,0,0,0,0,0,0,0,0,0,0,0,0,0,0,0,0,72,253,164,2,0,0,0,0,0,0,0,0,0,0,0,0,0,0,0,0,0,0,0,0,0,0,0,0,124,253,147,0,11,113,34,0,0,0,0,0,0,0,0,0,0,0,0,0,0,0,0,0,0,0,0,0,74,253,201,128,249,253,250,213,130,23,6,0,0,0,0,0,0,0,0,0,0,0,0,0,0,0,0,0,72,253,253,134,224,224,224,247,253,253,199,130,0,0,0,0,0,0,0,0,0,0,0,0,0,0,0,0,72,253,253,129,0,0,0,68,132,227,253,243,143,14,0,0,0,0,0,0,0,0,0,0,0,0,0,0,20,189,253,161,29,0,0,0,0,32,164,253,253,70,0,0,0,0,0,0,0,0,0,0,0,0,0,0,0,60,244,253,224,127,84,45,84,45,170,253,238,48,0,0,0,0,0,0,0,0,0,0,0,0,0,0,0,0,81,202,253,253,253,237,253,237,253,242,69,0,0,0,0,0,0,0,0,0,0,0,0,0,0,0,0,0,0,9,84,154,253,162,135,135,129,15,0,0,0,0,0,0,0,0,0,0,0,0,0,0,0,0,0,0,0,0,0,0,0,0,0,0,0,0,0,0,0,0,0,0,0,0,0,0,0,0,0,0,0,0,0,0,0,0,0,0,0,0,0,0,0,0,0,0,0,0,0,0,0,0,0,0,0,0,0,0,0,0,0,0,0,0,0,0,0,0,0,0,0,0,0,0,0,0,0,0,0,0,0,0,0,0,0,0,0,0,0,0,0,0,0,0,0,0,0,0,0,0,0,0,0,0,0,0,0,0,0,0,0,0,0,0,0,0,0,0,0,0,0,0,0,0,0,0,0,0,0,0,0,0,0,0,0,0
8,0,0,0,0,0,0,0,0,0,0,0,0,0,0,0,0,0,0,0,0,0,0,0,0,0,0,0,0,0,0,0,0,0,0,0,0,0,0,0,0,0,0,0,0,0,0,0,0,0,0,0,0,0,0,0,0,0,0,0,0,0,0,0,0,0,0,0,0,0,0,0,0,0,0,0,0,0,0,0,0,0,0,0,0,0,0,0,0,0,0,0,0,0,0,0,0,0,0,0,0,0,0,0,0,0,0,0,0,0,0,0,0,0,0,0,0,0,0,0,0,0,0,0,0,30,191,255,255,190,38,127,134,13,0,0,0,0,0,0,0,0,0,0,0,0,0,0,0,0,0,0,68,237,253,253,253,253,253,253,253,159,0,0,0,0,0,0,0,0,0,0,0,0,0,0,0,0,0,107,241,253,253,250,250,146,215,253,253,188,0,0,0,0,0,0,0,0,0,0,0,0,0,0,0,0,49,243,253,253,207,37,90,13,219,253,253,170,0,0,0,0,0,0,0,0,0,0,0,0,0,0,0,0,162,253,253,226,15,0,0,22,253,253,253,81,0,0,0,0,0,0,0,0,0,0,0,0,0,0,0,0,189,253,253,167,0,0,4,170,253,253,178,9,0,0,0,0,0,0,0,0,0,0,0,0,0,0,0,0,189,253,253,167,0,0,93,253,253,253,52,0,0,0,0,0,0,0,0,0,0,0,0,0,0,0,0,0,189,253,253,233,16,19,193,253,253,141,3,0,0,0,0,0,0,0,0,0,0,0,0,0,0,0,0,0,51,241,253,253,181,198,253,253,250,45,0,0,0,0,0,0,0,0,0,0,0,0,0,0,0,0,0,0,0,158,253,253,253,253,253,253,171,0,0,0,0,0,0,0,0,0,0,0,0,0,0,0,0,0,0,0,0,30,179,253,253,253,253,253,193,18,0,0,0,0,0,0,0,0,0,0,0,0,0,0,0,0,0,0,0,1,113,253,253,253,253,253,253,241,77,7,0,0,0,0,0,0,0,0,0,0,0,0,0,0,0,0,0,83,253,253,253,253,253,253,253,253,253,106,0,0,0,0,0,0,0,0,0,0,0,0,0,0,0,0,0,161,253,253,253,168,48,158,253,253,253,188,0,0,0,0,0,0,0,0,0,0,0,0,0,0,0,0,136,252,253,253,168,4,0,34,253,253,253,177,0,0,0,0,0,0,0,0,0,0,0,0,0,0,0,0,189,253,253,166,7,0,24,208,253,253,246,60,0,0,0,0,0,0,0,0,0,0,0,0,0,0,0,0,189,253,253,103,7,104,204,253,253,253,136,0,0,0,0,0,0,0,0,0,0,0,0,0,0,0,0,0,129,253,253,252,249,253,253,253,246,133,7,0,0,0,0,0,0,0,0,0,0,0,0,0,0,0,0,0,24,235,253,253,253,253,253,217,94,0,0,0,0,0,0,0,0,0,0,0,0,0,0,0,0,0,0,0,0,85,212,253,253,253,128,18,0,0,0,0,0,0,0,0,0,0,0,0,0,0,0,0,0,0,0,0,0,0,0,0,0,0,0,0,0,0,0,0,0,0,0,0,0,0,0,0,0,0,0,0,0,0,0,0,0,0,0,0,0,0,0,0,0,0,0,0,0,0,0,0,0,0,0,0,0,0,0,0,0,0,0,0,0,0,0,0,0,0,0,0,0,0,0,0,0,0,0,0,0,0,0,0,0,0,0,0,0,0,0,0,0,0,0,0,0,0,0,0,0,0,0,0,0,0,0,0,0,0,0
9,0,0,0,0,0,0,0,0,0,0,0,0,0,0,0,0,0,0,0,0,0,0,0,0,0,0,0,0,0,0,0,0,0,0,0,0,0,0,0,0,0,0,0,0,0,0,0,0,0,0,0,0,0,0,0,0,0,0,0,0,0,0,0,0,0,0,0,0,0,0,0,0,0,0,0,0,0,0,0,0,0,0,0,0,0,0,0,0,0,0,0,0,0,0,0,0,0,0,0,0,0,0,0,0,0,0,0,0,0,0,0,0,0,0,0,0,0,0,0,0,0,0,0,0,0,0,0,0,0,0,0,0,0,0,0,0,0,0,0,0,0,0,0,0,0,0,0,0,0,0,0,0,0,0,0,0,0,0,0,0,0,0,0,0,0,0,0,0,0,0,0,0,0,0,0,0,0,0,0,0,11,51,113,152,254,253,234,51,0,0,0,0,0,0,0,0,0,0,0,0,0,0,0,0,0,0,0,123,213,252,253,252,253,252,253,232,0,0,0,0,0,0,0,0,0,0,0,0,0,0,0,0,0,21,173,253,254,253,203,162,102,142,254,253,102,0,0,0,0,0,0,0,0,0,0,0,0,0,0,0,0,183,253,252,233,111,0,0,0,0,172,252,183,0,0,0,0,0,0,0,0,0,0,0,0,0,0,0,173,253,254,192,41,0,0,0,0,0,152,253,203,0,0,0,0,0,0,0,0,0,0,0,0,0,0,41,253,252,172,30,0,0,0,0,0,41,233,252,162,0,0,0,0,0,0,0,0,0,0,0,0,0,0,163,254,253,82,0,0,0,0,0,0,123,254,253,82,0,0,0,0,0,0,0,0,0,0,0,0,0,0,203,253,252,0,0,0,0,0,0,123,243,253,212,0,0,0,0,0,0,0,0,0,0,0,0,0,0,0,82,254,253,82,0,0,0,51,132,254,253,254,91,0,0,0,0,0,0,0,0,0,0,0,0,0,0,0,0,253,252,243,203,203,203,253,252,253,252,213,10,0,0,0,0,0,0,0,0,0,0,0,0,0,0,0,0,82,243,254,253,254,253,254,253,254,253,82,0,0,0,0,0,0,0,0,0,0,0,0,0,0,0,0,0,0,40,151,151,192,151,71,232,253,171,0,0,0,0,0,0,0,0,0,0,0,0,0,0,0,0,0,0,0,0,0,0,0,0,132,253,254,131,0,0,0,0,0,0,0,0,0,0,0,0,0,0,0,0,0,0,0,0,0,0,0,0,253,252,233,30,0,0,0,0,0,0,0,0,0,0,0,0,0,0,0,0,0,0,0,0,0,0,0,163,254,253,82,0,0,0,0,0,0,0,0,0,0,0,0,0,0,0,0,0,0,0,0,0,0,0,41,243,253,252,0,0,0,0,0,0,0,0,0,0,0,0,0,0,0,0,0,0,0,0,0,0,0,0,113,253,255,91,0,0,0,0,0,0,0,0,0,0,0,0,0,0,0,0,0,0,0,0,0,0,0,0,152,252,253,50,0,0,0,0,0,0,0,0,0,0,0,0,0,0,0,0,0,0,0,0,0,0,0,0,255,253,255,50,0,0,0,0,0,0,0,0,0,0,0,0,0,0,0,0,0,0,0,0,0,0,0,0,131,252,91,10,0,0,0,0,0,0,0,0,0,0,0,0,0,0,0,0,0,0,0,0,0,0,0,0,0,0,0,0,0,0,0,0,0,0,0,0,0,0,0,0,0,0,0,0,0,0,0,0,0,0,0,0,0,0,0,0,0,0,0,0,0,0,0,0,0,0,0,0
6,0,0,0,0,0,0,0,0,0,0,0,0,0,0,0,0,0,0,0,0,0,0,0,0,0,0,0,0,0,0,0,0,0,0,0,0,0,0,0,0,0,0,0,0,0,0,0,0,0,0,0,0,0,0,0,0,0,0,0,0,0,0,0,0,0,0,0,0,0,91,192,223,65,0,0,0,0,0,0,0,0,0,0,0,0,0,0,0,0,0,0,0,0,0,0,0,24,218,254,254,223,30,0,0,0,0,0,0,0,0,0,0,0,0,0,0,0,0,0,0,0,0,0,3,121,254,254,254,207,24,0,0,0,0,0,0,0,0,0,0,0,0,0,0,0,0,0,0,0,0,0,50,254,254,254,254,62,0,0,0,0,0,0,0,0,0,0,0,0,0,0,0,0,0,0,0,0,0,96,219,254,254,248,193,24,0,0,0,0,0,0,0,0,0,0,0,0,0,0,0,0,0,0,0,0,23,170,254,254,254,198,0,0,0,0,0,0,0,0,0,0,0,0,0,0,0,0,0,0,0,0,0,4,168,254,254,254,246,104,0,0,0,0,0,0,0,0,0,0,0,0,0,0,0,0,0,0,0,0,0,44,254,254,254,254,120,0,0,0,0,0,0,0,0,0,0,0,0,0,0,0,0,0,0,0,0,0,9,222,254,254,254,223,24,0,0,0,0,0,0,0,0,0,0,0,0,0,0,0,0,0,0,0,0,0,105,254,254,254,245,99,0,14,94,187,187,187,187,187,138,6,0,0,0,0,0,0,0,0,0,0,0,0,137,254,254,254,217,0,48,171,254,254,234,241,254,254,254,147,39,0,0,0,0,0,0,0,0,0,0,0,137,254,254,245,93,0,174,254,254,254,202,96,221,254,254,254,175,4,0,0,0,0,0,0,0,0,0,6,232,254,254,223,0,36,239,254,254,193,76,95,212,254,254,254,254,113,0,0,0,0,0,0,0,0,0,2,157,254,254,120,0,44,254,254,190,41,0,0,36,181,254,254,254,136,0,0,0,0,0,0,0,0,0,0,137,254,254,217,35,90,254,206,10,0,0,0,33,153,254,254,254,136,0,0,0,0,0,0,0,0,0,0,28,254,254,254,235,244,254,198,0,0,30,100,214,254,254,254,254,136,0,0,0,0,0,0,0,0,0,0,8,156,254,254,254,254,254,249,231,231,238,254,254,254,254,255,208,19,0,0,0,0,0,0,0,0,0,0,0,19,254,254,254,254,254,254,254,254,254,254,254,254,254,101,10,0,0,0,0,0,0,0,0,0,0,0,0,1,97,254,254,254,254,254,254,254,196,254,156,136,88,2,0,0,0,0,0,0,0,0,0,0,0,0,0,0,1,82,130,130,130,191,130,97,3,6,1,0,0,0,0,0,0,0,0,0,0,0,0,0,0,0,0,0,0,0,0,0,0,0,0,0,0,0,0,0,0,0,0,0,0,0,0,0,0,0,0,0,0,0,0,0,0,0,0,0,0,0,0,0,0,0,0,0,0,0,0,0,0,0,0,0,0,0,0,0,0,0,0,0,0,0,0,0,0,0,0,0,0,0,0,0,0,0,0,0,0,0,0,0,0,0,0,0,0,0,0,0,0,0,0,0,0,0,0,0,0,0,0,0,0,0,0,0,0,0,0,0,0,0,0,0,0,0,0,0,0,0,0,0,0,0,0,0,0,0,0,0,0,0,0,0,0,0,0,0,0,0,0,0,0,0,0,0,0,0,0,0,0,0,0,0,0,0,0,0,0,0,0,0,0,0,0
6,0,0,0,0,0,0,0,0,0,0,0,0,0,0,0,0,0,0,0,0,0,0,0,0,0,0,0,0,0,0,0,0,0,0,0,0,0,0,0,0,0,0,0,0,0,0,0,0,0,0,0,0,0,0,0,0,0,0,0,0,0,0,0,0,0,0,0,0,0,0,0,0,0,0,0,0,0,0,0,0,0,0,0,0,0,0,0,0,0,0,0,0,0,0,0,0,0,0,0,10,175,254,254,255,38,0,0,0,0,0,0,0,0,0,0,0,0,0,0,0,0,0,0,0,0,0,62,205,253,253,222,136,8,0,0,0,0,0,0,0,0,0,0,0,0,0,0,0,0,0,0,0,0,0,78,253,253,124,36,0,0,0,0,0,0,0,0,0,0,0,0,0,0,0,0,0,0,0,0,0,0,0,228,253,132,1,0,0,0,0,0,0,0,0,0,0,0,0,0,0,0,0,0,0,0,0,0,0,5,119,248,212,31,0,0,0,0,0,0,0,0,0,0,0,0,0,0,0,0,0,0,0,0,0,0,0,31,253,211,35,0,0,0,0,0,0,0,0,0,0,0,0,0,0,0,0,0,0,0,0,0,0,0,0,176,253,176,0,0,0,0,0,0,0,0,0,0,0,0,0,0,0,0,0,0,0,0,0,0,0,0,63,235,253,64,0,0,0,0,0,0,0,0,0,0,0,0,0,0,0,0,0,0,0,0,0,0,0,0,165,253,185,11,0,0,0,0,0,0,0,0,0,0,0,0,0,0,0,0,0,0,0,0,0,0,0,0,239,244,85,0,0,0,0,0,0,0,0,0,0,0,0,0,0,0,0,0,0,0,0,0,0,0,0,0,239,222,0,0,0,0,0,0,0,0,0,0,0,0,0,0,0,0,0,0,0,0,0,0,0,0,0,0,239,222,0,0,0,0,0,0,0,0,0,0,0,0,0,0,0,0,0,0,0,0,0,0,0,0,0,0,239,249,224,224,209,70,51,0,0,0,0,0,0,0,0,0,0,0,0,0,0,0,0,0,0,0,12,101,248,253,245,237,237,245,230,66,0,0,0,0,0,0,0,0,0,0,0,0,0,0,0,0,0,0,193,253,253,239,67,0,0,68,240,245,63,0,0,0,0,0,0,0,0,0,0,0,0,0,0,0,0,0,193,253,253,222,0,0,0,0,93,253,236,32,0,0,0,0,0,0,0,0,0,0,0,0,0,0,0,0,193,249,248,223,4,0,0,0,26,200,253,38,0,0,0,0,0,0,0,0,0,0,0,0,0,0,0,0,111,66,49,224,123,0,0,0,0,169,253,38,0,0,0,0,0,0,0,0,0,0,0,0,0,0,0,0,0,0,0,145,204,161,55,129,208,238,158,7,0,0,0,0,0,0,0,0,0,0,0,0,0,0,0,0,0,0,0,0,52,240,253,253,253,149,54,0,0,0,0,0,0,0,0,0,0,0,0,0,0,0,0,0,0,0,0,0,0,0,0,0,0,0,0,0,0,0,0,0,0,0,0,0,0,0,0,0,0,0,0,0,0,0,0,0,0,0,0,0,0,0,0,0,0,0,0,0,0,0,0,0,0,0,0,0,0,0,0,0,0,0,0,0,0,0,0,0,0,0,0,0,0,0,0,0,0,0,0,0,0,0,0,0,0,0,0,0,0,0,0,0,0,0,0,0,0,0,0,0,0,0,0,0,0,0,0,0,0,0,0,0,0,0,0,0,0,0,0,0,0,0,0,0,0,0,0,0,0,0,0,0,0,0,0
3,0,0,0,0,0,0,0,0,0,0,0,0,0,0,0,0,0,0,0,0,0,0,0,0,0,0,0,0,0,0,0,0,0,0,0,0,0,0,0,0,0,0,0,0,0,0,0,0,0,0,0,0,0,0,0,0,0,0,0,0,0,0,0,0,0,0,0,0,0,0,0,0,0,0,0,0,0,0,0,0,0,0,0,0,0,0,0,0,0,0,0,0,0,0,0,0,0,0,0,0,0,0,0,0,0,0,0,0,0,0,0,0,0,0,0,0,0,0,0,0,0,0,0,0,0,0,0,0,0,0,0,0,0,0,0,0,0,0,0,0,0,0,0,0,0,0,0,214,253,253,253,253,253,253,255,253,204,83,0,0,0,0,0,0,0,0,0,0,0,0,0,0,0,0,0,213,252,252,252,252,252,252,253,252,252,248,134,28,0,0,0,0,0,0,0,0,0,0,0,0,0,0,0,164,252,252,252,252,252,252,253,252,252,252,252,185,0,0,0,0,0,0,0,0,0,0,0,0,0,0,0,13,39,39,130,88,39,39,39,165,201,252,252,198,0,0,0,0,0,0,0,0,0,0,0,0,0,0,0,0,0,0,0,0,0,0,0,64,135,252,252,198,0,0,0,0,0,0,0,0,0,0,0,0,0,0,0,0,0,0,0,0,0,0,90,249,252,252,252,198,0,0,0,0,0,0,0,0,0,0,0,0,0,0,0,0,0,0,0,0,3,111,211,252,252,252,241,97,0,0,0,0,0,0,0,0,0,0,0,0,0,0,0,0,0,0,40,160,165,252,253,252,252,252,101,0,0,0,0,0,0,0,0,0,0,0,0,0,0,0,0,0,0,0,173,252,252,252,253,252,252,252,63,4,0,0,0,0,0,0,0,0,0,0,0,0,0,0,0,0,0,0,173,252,252,252,253,252,252,252,252,66,0,0,0,0,0,0,0,0,0,0,0,0,0,0,0,0,0,0,0,85,133,63,0,128,241,253,253,199,0,0,0,0,0,0,0,0,0,0,0,0,0,0,0,0,0,0,0,0,0,0,0,0,100,252,252,221,34,0,0,0,0,0,0,0,0,0,0,0,0,0,0,0,0,0,0,0,0,0,0,0,10,168,252,252,79,0,0,0,0,0,0,0,0,0,0,0,0,0,0,0,22,21,0,0,0,0,0,0,0,81,252,252,191,0,0,0,0,0,0,0,0,0,0,0,0,0,0,0,103,213,63,0,0,0,0,0,25,196,252,238,86,0,0,0,0,0,0,0,0,0,0,0,0,0,0,60,238,252,177,0,0,0,0,23,128,252,252,198,0,0,0,0,0,0,0,0,0,0,0,0,0,0,0,68,244,252,239,89,19,41,41,200,252,252,252,177,0,0,0,0,0,0,0,0,0,0,0,0,0,0,0,0,186,252,252,252,203,252,253,252,252,252,126,24,0,0,0,0,0,0,0,0,0,0,0,0,0,0,0,0,28,204,248,252,252,252,253,252,247,126,22,0,0,0,0,0,0,0,0,0,0,0,0,0,0,0,0,0,0,0,82,132,252,252,120,119,75,0,0,0,0,0,0,0,0,0,0,0,0,0,0,0,0,0,0,0,0,0,0,0,0,0,0,0,0,0,0,0,0,0,0,0,0,0,0,0,0,0,0,0,0,0,0,0,0,0,0,0,0,0,0,0,0,0,0,0,0,0,0,0,0,0,0,0,0,0,0,0,0,0,0,0,0,0,0,0,0,0,0,0,0,0,0,0,0,0,0,0,0,0,0,0
2,0,0,0,0,0,0,0,0,0,0,0,0,0,0,0,0,0,0,0,0,0,0,0,0,0,0,0,0,0,0,0,0,0,0,0,0,0,0,0,0,0,0,0,0,0,0,0,0,0,0,0,0,0,0,0,0,0,0,0,0,0,0,0,0,0,0,0,0,0,0,0,0,0,0,0,0,0,0,0,0,0,0,0,0,0,0,0,0,0,0,0,0,0,0,0,0,0,0,0,0,0,0,0,0,0,0,0,0,0,0,0,0,0,0,0,0,0,0,0,0,0,0,0,0,0,0,0,0,0,0,0,0,0,0,0,0,0,0,0,0,0,0,0,0,0,0,0,0,0,0,0,0,0,0,0,0,0,0,0,0,0,0,0,0,0,0,0,0,0,0,0,0,0,0,0,0,0,0,0,0,0,0,0,0,0,0,0,0,0,0,0,0,0,0,0,0,0,0,0,0,0,0,0,0,30,53,53,62,80,111,140,53,114,53,53,26,0,0,0,0,0,0,0,0,0,0,0,0,0,0,0,144,238,254,254,254,254,254,254,210,237,254,254,221,69,0,0,0,0,0,0,0,0,0,0,0,0,0,0,114,200,55,44,44,44,44,44,0,27,95,131,225,221,26,0,0,0,0,0,0,0,0,0,0,0,0,0,0,0,0,0,0,0,0,0,0,0,0,0,131,254,62,0,0,0,0,0,0,0,0,0,0,0,0,0,0,0,0,0,0,0,0,0,0,0,0,35,213,245,70,0,0,0,0,0,0,0,0,0,0,0,0,0,0,0,0,0,0,0,0,0,0,3,82,247,254,128,0,0,0,0,0,0,0,0,0,0,0,0,0,0,0,0,0,0,0,0,0,0,0,161,254,235,121,14,0,0,0,0,0,0,0,0,0,0,0,0,0,0,0,0,0,0,0,0,0,86,225,255,208,49,0,0,0,0,0,0,0,0,0,0,0,0,0,0,0,0,0,0,0,0,0,91,222,251,208,75,4,0,0,0,0,0,0,0,0,0,0,0,0,0,0,0,0,0,0,0,54,134,219,250,206,75,6,0,0,0,0,0,0,0,0,0,0,0,0,0,0,0,0,0,0,52,134,219,250,254,235,132,22,0,0,0,0,0,0,0,0,0,0,0,0,0,0,0,0,0,0,0,190,253,254,254,254,254,242,242,229,219,220,165,162,131,131,131,131,131,128,29,0,0,0,0,0,0,0,0,219,253,221,218,218,218,218,152,194,218,219,218,218,218,218,218,234,254,254,227,0,0,0,0,0,0,0,0,0,51,4,0,0,0,0,0,0,0,0,0,0,0,0,0,24,52,116,92,0,0,0,0,0,0,0,0,0,0,0,0,0,0,0,0,0,0,0,0,0,0,0,0,0,0,0,0,0,0,0,0,0,0,0,0,0,0,0,0,0,0,0,0,0,0,0,0,0,0,0,0,0,0,0,0,0,0,0,0,0,0,0,0,0,0,0,0,0,0,0,0,0,0,0,0,0,0,0,0,0,0,0,0,0,0,0,0,0,0,0,0,0,0,0,0,0,0,0,0,0,0,0,0,0,0,0,0,0,0,0,0,0,0,0,0,0,0,0,0,0,0,0,0,0,0,0,0,0,0,0,0,0,0,0,0,0,0,0,0,0,0,0,0,0,0,0,0,0,0,0,0,0,0,0,0,0,0,0,0,0,0,0,0,0,0,0,0,0,0,0,0,0,0,0,0,0,0,0,0,0,0,0,0,0,0,0,0,0,0,0,0,0,0,0,0,0,0,0
0,0,0,0,0,0,0,0,0,0,0,0,0,0,0,0,0,0,0,0,0,0,0,0,0,0,0,0,0,0,0,0,0,0,0,0,0,0,0,0,0,0,0,0,0,0,0,0,0,0,0,0,0,0,0,0,0,0,0,0,0,0,0,0,0,0,0,0,0,0,0,0,0,0,0,0,0,0,0,0,0,0,0,0,0,0,0,0,0,0,0,0,0,0,0,0,0,0,0,0,0,0,0,0,0,0,0,0,0,0,0,0,0,0,0,0,0,0,0,0,0,0,0,0,0,0,0,42,102,139,133,250,212,72,0,0,0,0,0,0,0,0,0,0,0,0,0,0,0,0,0,0,0,5,143,244,254,224,82,130,247,213,68,0,0,0,0,0,0,0,0,0,0,0,0,0,0,0,0,0,6,177,254,245,112,13,0,0,64,254,218,14,0,0,0,0,0,0,0,0,0,0,0,0,0,0,0,0,214,254,254,36,0,0,0,0,45,231,235,25,0,0,0,0,0,0,0,0,0,0,0,0,0,0,4,79,250,248,67,0,0,0,0,0,4,193,243,30,0,0,0,0,0,0,0,0,0,0,0,0,0,0,26,254,254,176,0,0,0,0,0,0,4,186,243,31,0,0,0,0,0,0,0,0,0,0,0,0,0,48,195,254,203,25,0,0,0,0,0,0,7,176,235,25,0,0,0,0,0,0,0,0,0,0,0,0,0,93,254,235,45,0,0,0,0,0,0,0,5,198,239,28,0,0,0,0,0,0,0,0,0,0,0,0,0,165,254,200,4,0,0,0,0,0,0,0,19,254,245,32,0,0,0,0,0,0,0,0,0,0,0,0,92,249,211,72,0,0,0,0,0,0,0,0,54,254,232,24,0,0,0,0,0,0,0,0,0,0,0,6,223,254,141,0,0,0,0,0,0,0,0,0,55,255,233,24,0,0,0,0,0,0,0,0,0,0,0,108,254,215,33,0,0,0,0,0,0,0,0,8,125,254,189,4,0,0,0,0,0,0,0,0,0,0,2,130,254,179,0,0,0,0,0,0,0,0,0,55,254,250,65,0,0,0,0,0,0,0,0,0,0,0,13,216,254,82,0,0,0,0,0,0,0,0,0,201,254,200,4,0,0,0,0,0,0,0,0,0,0,0,8,208,254,95,0,0,0,0,0,0,0,37,138,252,225,40,0,0,0,0,0,0,0,0,0,0,0,0,7,173,254,137,0,0,0,0,0,0,59,223,248,182,43,0,0,0,0,0,0,0,0,0,0,0,0,0,59,237,254,240,179,179,179,179,179,110,218,254,203,7,0,0,0,0,0,0,0,0,0,0,0,0,0,0,19,178,254,254,254,254,254,254,254,254,254,254,188,43,0,0,0,0,0,0,0,0,0,0,0,0,0,0,0,2,37,182,254,254,254,254,254,237,141,58,13,0,0,0,0,0,0,0,0,0,0,0,0,0,0,0,0,0,0,13,108,191,232,159,159,25,0,0,0,0,0,0,0,0,0,0,0,0,0,0,0,0,0,0,0,0,0,0,0,0,0,0,0,0,0,0,0,0,0,0,0,0,0,0,0,0,0,0,0,0,0,0,0,0,0,0,0,0,0,0,0,0,0,0,0,0,0,0,0,0,0,0,0,0,0,0,0,0,0,0,0,0,0,0,0,0,0,0,0,0,0,0,0,0,0,0,0,0,0,0,0,0,0,0,0,0,0,0,0,0,0,0,0,0,0,0,0,0,0,0,0,0,0,0,0,0,0,0,0,0,0
1,0,0,0,0,0,0,0,0,0,0,0,0,0,0,0,0,0,0,0,0,0,0,0,0,0,0,0,0,0,0,0,0,0,0,0,0,0,0,0,0,0,0,0,0,0,0,0,0,0,0,0,0,0,0,0,0,0,0,0,0,0,0,0,0,0,0,0,0,0,0,0,0,0,0,0,0,0,0,0,0,0,0,0,0,0,0,0,0,0,0,0,0,0,0,0,0,0,0,0,0,0,0,0,0,0,0,0,0,0,0,0,0,0,0,0,0,0,0,0,0,0,0,0,0,0,114,138,0,0,0,0,0,0,0,0,0,0,0,0,0,0,0,0,0,0,0,0,0,0,0,0,0,45,236,252,74,0,0,0,0,0,0,0,0,0,0,0,0,0,0,0,0,0,0,0,0,0,0,0,0,19,219,252,199,0,0,0,0,0,0,0,0,0,0,0,0,0,0,0,0,0,0,0,0,0,0,0,0,0,207,252,230,0,0,0,0,0,0,0,0,0,0,0,0,0,0,0,0,0,0,0,0,0,0,0,0,0,207,252,230,0,0,0,0,0,0,0,0,0,0,0,0,0,0,0,0,0,0,0,0,0,0,0,0,0,208,253,233,9,0,0,0,0,0,0,0,0,0,0,0,0,0,0,0,0,0,0,0,0,0,0,0,0,207,252,253,92,0,0,0,0,0,0,0,0,0,0,0,0,0,0,0,0,0,0,0,0,0,0,0,0,207,252,253,92,0,0,0,0,0,0,0,0,0,0,0,0,0,0,0,0,0,0,0,0,0,0,0,0,207,252,253,92,0,0,0,0,0,0,0,0,0,0,0,0,0,0,0,0,0,0,0,0,0,0,0,0,207,252,253,92,0,0,0,0,0,0,0,0,0,0,0,0,0,0,0,0,0,0,0,0,0,0,0,0,208,253,255,207,0,0,0,0,0,0,0,0,0,0,0,0,0,0,0,0,0,0,0,0,0,0,0,0,207,252,253,132,0,0,0,0,0,0,0,0,0,0,0,0,0,0,0,0,0,0,0,0,0,0,0,0,207,252,253,123,0,0,0,0,0,0,0,0,0,0,0,0,0,0,0,0,0,0,0,0,0,0,0,0,207,252,253,206,0,0,0,0,0,0,0,0,0,0,0,0,0,0,0,0,0,0,0,0,0,0,0,0,207,252,253,206,0,0,0,0,0,0,0,0,0,0,0,0,0,0,0,0,0,0,0,0,0,0,0,0,198,253,255,211,7,0,0,0,0,0,0,0,0,0,0,0,0,0,0,0,0,0,0,0,0,0,0,0,76,248,253,252,69,0,0,0,0,0,0,0,0,0,0,0,0,0,0,0,0,0,0,0,0,0,0,0,0,230,253,252,69,0,0,0,0,0,0,0,0,0,0,0,0,0,0,0,0,0,0,0,0,0,0,0,0,230,253,252,69,0,0,0,0,0,0,0,0,0,0,0,0,0,0,0,0,0,0,0,0,0,0,0,0,126,253,231,37,0,0,0,0,0,0,0,0,0,0,0,0,0,0,0,0,0,0,0,0,0,0,0,0,0,0,0,0,0,0,0,0,0,0,0,0,0,0,0,0,0,0,0,0,0,0,0,0,0,0,0,0,0,0,0,0,0,0,0,0,0,0,0,0,0,0,0,0,0,0,0,0,0,0,0,0,0,0,0,0,0,0,0,0,0,0,0,0,0,0,0,0,0,0,0,0,0,0,0,0,0,0,0,0,0,0,0,0,0,0,0,0,0,0,0,0,0,0,0,0,0,0
7,0,0,0,0,0,0,0,0,0,0,0,0,0,0,0,0,0,0,0,0,0,0,0,0,0,0,0,0,0,0,0,0,0,0,0,0,0,0,0,0,0,0,0,0,0,0,0,0,0,0,0,0,0,0,0,0,0,0,0,0,0,0,0,0,0,0,0,0,0,0,0,0,0,0,0,0,0,0,0,0,0,0,0,0,0,0,0,0,0,0,0,0,0,0,0,0,0,0,0,0,0,0,0,0,0,0,0,0,0,0,0,0,0,0,0,0,0,0,0,0,0,0,0,0,0,0,0,0,0,0,0,0,0,0,0,0,0,0,0,0,0,0,0,0,0,0,0,0,0,0,0,0,0,0,0,0,0,0,0,0,0,0,0,0,0,0,0,0,0,0,0,0,0,0,0,0,0,0,0,0,0,0,0,0,0,0,0,0,0,0,0,0,0,0,0,0,0,0,0,0,0,0,0,0,23,214,218,29,0,0,36,39,39,39,39,23,0,0,0,0,0,0,0,0,0,0,0,0,0,0,0,25,206,254,254,128,185,185,250,254,254,254,254,226,171,23,0,0,0,0,0,0,0,0,0,0,0,0,20,206,254,254,254,254,254,254,254,254,254,254,254,254,254,125,0,0,0,0,0,0,0,0,0,0,0,1,127,254,254,254,254,254,227,211,109,128,123,207,241,254,254,165,0,0,0,0,0,0,0,0,0,0,0,122,254,254,254,204,90,65,24,0,0,0,0,0,174,254,254,76,0,0,0,0,0,0,0,0,0,0,116,251,254,254,147,52,0,0,0,0,0,0,0,30,246,254,225,8,0,0,0,0,0,0,0,0,0,0,62,248,246,125,10,0,0,0,0,0,0,0,0,203,254,254,201,0,0,0,0,0,0,0,0,0,0,0,0,52,49,0,0,0,0,0,0,0,0,0,34,248,254,254,77,0,0,0,0,0,0,0,0,0,0,0,0,0,0,0,0,0,0,0,0,0,0,30,221,254,254,159,1,0,0,0,0,0,0,0,0,0,0,0,0,0,0,0,0,0,0,0,0,0,0,84,254,254,241,73,0,0,0,0,0,0,0,0,0,0,0,0,0,0,0,0,0,0,0,0,0,0,18,236,254,254,104,0,0,0,0,0,0,0,0,0,0,0,0,0,0,0,0,0,0,0,0,0,0,0,133,254,254,231,40,0,0,0,0,0,0,0,0,0,0,0,0,0,0,0,0,0,0,0,0,0,0,87,249,254,254,47,0,0,0,0,0,0,0,0,0,0,0,0,0,0,0,0,0,0,0,0,0,0,0,201,254,254,217,7,0,0,0,0,0,0,0,0,0,0,0,0,0,0,0,0,0,0,0,0,0,2,121,252,254,222,27,0,0,0,0,0,0,0,0,0,0,0,0,0,0,0,0,0,0,0,0,0,0,17,255,254,254,167,0,0,0,0,0,0,0,0,0,0,0,0,0,0,0,0,0,0,0,0,0,0,0,108,254,254,192,15,0,0,0,0,0,0,0,0,0,0,0,0,0,0,0,0,0,0,0,0,0,0,49,243,254,254,111,0,0,0,0,0,0,0,0,0,0,0,0,0,0,0,0,0,0,0,0,0,0,0,164,254,254,159,5,0,0,0,0,0,0,0,0,0,0,0,0,0,0,0,0,0,0,0,0,0,0,0,149,254,185,31,0,0,0,0,0,0,0,0,0,0,0,0,0,0,0,0,0,0,0,0,0,0,0,0,0,0,0,0,0,0,0,0,0,0,0,0,0,0,0,0,0,0
2,0,0,0,0,0,0,0,0,0,0,0,0,0,0,0,0,0,0,0,0,0,0,0,0,0,0,0,0,0,0,0,0,0,0,0,0,0,0,0,0,0,0,0,0,0,0,0,0,0,0,0,0,0,0,0,0,0,0,0,0,0,0,0,0,0,0,0,0,0,0,0,0,0,0,0,0,0,0,0,0,0,0,0,0,0,0,0,0,0,0,0,0,0,0,0,0,0,0,0,0,0,0,0,0,0,0,0,0,0,0,0,0,0,0,0,0,0,0,0,0,0,0,0,0,0,0,0,0,0,0,0,0,0,0,0,0,0,0,0,0,0,0,0,0,0,0,0,0,0,0,0,0,0,0,0,0,0,0,0,0,0,0,0,0,0,0,0,0,0,0,0,0,0,0,0,0,0,0,0,0,0,0,0,0,0,0,0,0,0,0,0,0,0,0,0,0,0,0,0,0,0,0,0,0,0,0,0,0,0,0,0,0,0,0,0,0,0,0,0,0,0,0,0,0,0,0,0,0,0,0,0,0,0,0,0,2,65,0,51,108,190,190,190,113,0,0,0,0,0,0,0,0,0,0,0,0,0,0,0,19,90,186,208,209,250,208,241,254,254,254,254,235,31,0,0,0,0,0,0,0,0,0,0,0,0,0,0,54,254,254,254,254,254,254,254,254,254,254,254,254,193,0,0,0,0,0,0,0,0,0,0,0,0,0,0,110,254,254,254,252,249,173,75,94,61,188,254,254,146,0,0,0,0,0,0,0,0,0,0,0,0,0,0,24,113,113,113,58,0,0,0,0,147,254,254,241,50,0,0,10,135,0,0,0,0,0,0,0,0,0,0,0,0,0,0,0,0,0,0,33,177,254,253,199,33,11,42,182,235,0,0,0,0,0,0,0,0,0,0,0,0,0,0,0,0,0,42,237,255,254,245,25,0,149,254,254,135,0,0,0,0,0,0,0,0,0,0,0,0,0,0,0,0,33,210,254,254,254,249,102,100,238,254,224,95,0,0,0,0,0,0,0,0,0,0,0,0,0,0,3,96,177,255,254,255,254,254,254,254,254,223,97,0,0,0,0,0,0,0,0,0,0,33,232,198,210,176,232,254,254,254,254,254,254,254,254,254,195,16,0,0,0,0,0,0,0,0,0,0,85,250,254,254,254,254,254,254,254,254,254,254,249,243,229,102,4,0,0,0,0,0,0,0,0,0,0,0,242,254,254,254,254,254,254,254,236,225,225,125,59,0,0,0,0,0,0,0,0,0,0,0,0,0,0,0,56,236,254,254,254,234,204,89,33,0,0,0,0,0,0,0,0,0,0,0,0,0,0,0,0,0,0,0,0,43,71,71,71,41,0,0,0,0,0,0,0,0,0,0,0,0,0,0,0,0,0,0,0,0,0,0,0,0,0,0,0,0,0,0,0,0,0,0,0,0,0,0,0,0,0,0,0,0,0,0,0,0,0,0,0,0,0,0,0,0,0,0,0,0,0,0,0,0,0,0,0,0,0,0,0,0,0,0,0,0,0,0,0,0,0,0,0,0,0,0,0,0,0,0,0,0,0,0,0,0,0,0,0,0,0,0,0,0,0,0,0,0,0,0,0,0,0,0,0,0,0,0,0,0,0,0,0,0,0,0,0,0,0,0,0,0,0,0,0,0,0,0,0,0,0,0,0,0,0,0,0,0,0,0,0,0,0,0,0,0,0,0,0,0,0,0,0,0,0,0,0,0,0,0,0,0,0,0,0,0,0,0,0,0,0,0,0,0,0
2,0,0,0,0,0,0,0,0,0,0,0,0,0,0,0,0,0,0,0,0,0,0,0,0,0,0,0,0,0,0,0,0,0,0,0,0,0,0,0,0,0,0,0,0,0,0,0,0,0,0,0,0,0,0,0,0,0,0,0,0,0,0,0,0,0,0,0,0,0,0,0,0,0,0,0,0,0,0,0,0,0,0,0,0,0,0,0,0,0,0,0,0,0,0,0,0,0,0,0,0,0,0,0,0,0,0,0,0,0,0,0,0,0,0,0,0,0,0,0,0,0,0,37,150,254,255,249,158,142,61,0,0,0,0,0,0,0,0,0,0,0,0,0,0,0,0,0,0,0,54,237,251,194,128,128,128,145,235,193,23,0,0,0,0,0,0,0,0,0,0,0,0,0,0,0,0,9,208,254,93,0,0,0,0,0,32,223,204,21,0,0,0,0,0,0,0,0,0,0,0,0,0,0,0,19,237,122,1,0,0,0,0,0,0,111,254,116,0,0,0,0,0,0,0,0,0,0,0,0,0,0,0,0,129,8,0,0,0,0,0,0,0,66,251,235,0,0,0,0,0,0,0,0,0,0,0,0,0,0,0,0,0,0,0,0,0,0,0,0,0,0,230,252,66,0,0,0,0,0,0,0,0,0,0,0,0,0,0,0,0,0,0,0,0,0,0,0,0,0,230,254,91,0,0,0,0,0,0,0,0,0,0,0,0,0,0,0,0,0,0,0,0,0,0,0,0,0,230,253,84,0,0,0,0,0,0,0,0,0,0,0,0,0,0,0,0,0,0,0,0,0,0,0,0,51,247,249,0,0,0,0,0,0,0,0,0,0,0,0,0,0,0,0,0,0,0,0,0,0,0,0,0,91,254,176,0,0,0,0,0,0,0,0,0,0,0,0,0,0,0,0,11,108,118,206,206,206,206,190,115,238,254,57,0,0,0,0,0,0,0,0,0,0,0,0,0,0,0,46,231,254,254,200,177,177,177,190,254,254,227,19,0,0,0,0,0,0,0,0,0,0,0,0,0,0,70,244,254,155,71,6,0,0,59,195,254,254,251,53,0,0,0,0,0,0,0,0,0,0,0,0,0,0,157,244,116,2,0,0,0,56,237,254,250,247,254,173,0,0,0,0,0,0,0,0,0,0,0,0,0,26,251,166,0,0,0,24,127,238,254,225,50,25,238,250,26,0,0,0,0,0,0,0,0,0,0,0,0,92,254,47,0,9,119,209,254,251,186,27,0,0,93,254,91,0,0,0,0,0,0,0,0,0,0,0,0,92,254,196,102,205,254,252,194,72,0,0,0,0,24,231,91,0,0,0,0,0,0,0,0,0,0,0,0,92,228,254,254,254,197,91,0,0,0,0,0,0,0,197,91,0,0,0,0,0,0,0,0,0,0,0,0,11,40,169,187,105,5,0,0,0,0,0,0,0,0,197,91,0,0,0,0,0,0,0,0,0,0,0,0,0,0,0,0,0,0,0,0,0,0,0,0,0,0,160,91,0,0,0,0,0,0,0,0,0,0,0,0,0,0,0,0,0,0,0,0,0,0,0,0,0,0,0,0,0,0,0,0,0,0,0,0,0,0,0,0,0,0,0,0,0,0,0,0,0,0,0,0,0,0,0,0,0,0,0,0,0,0,0,0,0,0,0,0,0,0,0,0,0,0,0,0,0,0,0,0,0,0,0,0,0,0,0,0,0,0,0,0,0,0,0,0,0,0,0,0,0,0,0,0,0,0,0,0,0,0,0,0,0,0,0,0,0,0
0,0,0,0,0,0,0,0,0,0,0,0,0,0,0,0,0,0,0,0,0,0,0,0,0,0,0,0,0,0,0,0,0,0,0,0,0,0,0,0,0,0,0,0,0,0,0,0,0,0,0,0,0,0,0,0,0,0,0,0,0,0,0,0,0,0,0,0,0,0,0,0,0,0,0,0,0,0,0,0,0,0,0,0,0,0,0,0,0,0,0,0,0,0,0,0,0,0,0,0,0,0,0,0,0,0,0,0,0,0,0,0,0,0,0,0,0,0,0,0,0,0,0,0,0,0,0,0,0,0,0,0,0,0,0,0,0,0,0,0,0,0,0,0,0,0,0,0,0,0,0,0,0,0,0,0,0,0,0,0,0,0,0,0,0,0,0,0,0,0,0,0,0,51,0,0,0,0,0,0,0,0,0,0,0,30,47,26,0,72,189,230,197,0,0,0,0,0,0,0,0,17,0,0,0,0,0,0,0,0,0,3,91,203,253,232,207,254,240,145,13,0,0,0,0,0,0,0,0,0,0,0,0,0,0,0,0,0,0,91,253,254,253,253,253,203,31,0,0,0,0,0,0,0,0,0,0,0,0,0,0,0,0,0,0,19,153,237,254,254,254,228,254,185,0,0,0,0,0,0,0,0,0,0,0,0,0,0,0,0,0,0,17,237,253,253,253,254,143,170,253,134,0,0,0,0,0,0,0,0,0,0,0,0,0,0,0,0,0,19,199,254,253,177,253,155,4,207,253,93,0,0,0,0,0,0,0,0,0,0,0,0,0,0,0,0,17,199,253,254,151,195,219,25,0,207,253,93,0,0,0,0,0,0,0,0,0,0,0,0,0,0,0,0,106,254,254,127,42,210,50,0,0,208,254,93,0,0,0,0,0,0,0,0,0,0,0,0,0,0,0,64,243,248,106,0,0,9,0,0,26,232,253,76,0,0,0,0,0,0,0,0,0,0,0,0,0,0,9,187,253,179,0,0,0,0,0,0,123,253,177,0,0,0,0,0,0,0,0,0,0,0,0,0,0,0,93,254,219,13,0,0,0,0,0,0,172,253,94,0,0,0,0,0,0,0,0,0,0,0,0,0,0,7,204,254,90,0,0,0,0,0,0,70,245,171,0,0,0,0,0,0,0,0,0,0,0,0,0,0,0,74,253,216,11,0,0,0,0,0,0,212,244,79,0,0,0,0,0,0,0,0,0,0,0,0,0,0,0,116,253,216,95,0,0,0,0,3,125,254,131,0,0,0,0,0,0,0,0,0,0,0,0,0,0,0,0,40,194,254,240,142,93,93,25,174,253,254,48,0,0,0,0,0,0,0,0,0,0,0,0,0,0,0,0,0,34,229,254,254,254,255,254,254,254,185,9,0,0,0,0,0,0,0,0,0,0,0,0,0,0,0,0,0,0,78,253,253,253,254,244,206,139,9,0,0,0,0,0,0,0,0,0,0,0,0,0,0,0,0,0,0,0,13,96,137,137,46,38,0,0,0,0,0,0,0,0,0,0,0,0,0,0,0,0,0,0,0,0,0,0,0,0,0,0,0,0,0,0,0,0,0,0,0,0,0,0,0,0,0,0,0,0,0,0,0,0,0,0,0,0,0,0,0,0,0,0,0,0,0,0,0,0,0,0,0,0,0,0,0,0,0,0,0,0,0,0,0,0,0,0,0,0,0,0,0,0,0,0,0,0,0,0,0,0,0,0,0,0,0,0,0,0,0,0,0,0,0,0,0,0,0,0,0,0,0,0,0,0,0,0,0,0,0,0
6,0,0,0,0,0,0,0,0,0,0,0,0,0,0,0,0,0,0,0,0,0,0,0,0,0,0,0,0,0,0,0,0,0,0,0,0,0,0,0,0,0,0,0,0,0,0,0,0,0,0,0,0,0,0,0,0,0,0,0,0,0,0,0,0,0,0,0,0,0,0,0,0,0,0,0,0,0,0,0,0,0,0,0,0,0,0,0,0,0,0,0,0,0,0,0,0,0,0,0,0,0,0,0,0,0,0,0,0,0,0,0,0,0,0,0,0,0,0,0,0,0,0,0,0,0,0,0,0,0,0,48,237,254,254,254,79,1,0,0,0,0,0,0,0,0,0,0,0,0,0,0,0,0,0,0,0,4,53,234,253,253,253,253,253,5,0,0,0,0,0,0,0,0,0,0,0,0,0,0,0,0,0,5,53,175,253,253,253,253,253,253,245,5,0,0,0,0,0,0,0,0,0,0,0,0,0,0,0,0,6,141,253,253,253,253,232,238,253,242,62,0,0,0,0,0,0,0,0,0,0,0,0,0,0,0,0,7,141,253,253,253,253,125,14,39,211,64,0,0,0,0,0,0,0,0,0,0,0,0,0,0,0,0,7,140,253,253,253,206,93,16,0,0,0,0,0,0,0,0,0,0,0,0,0,0,0,0,0,0,0,7,140,253,253,253,220,88,0,0,0,0,0,0,0,0,0,0,0,0,0,0,0,0,0,0,0,0,31,140,253,253,253,217,49,0,0,0,0,0,0,0,0,0,0,0,0,0,0,0,0,0,0,0,0,6,177,253,253,253,186,20,0,0,0,0,0,0,0,0,0,0,0,0,0,0,0,0,0,0,0,0,5,141,253,253,253,186,20,0,48,63,43,0,0,0,0,0,0,0,0,0,0,0,0,0,0,0,0,0,53,253,253,253,232,172,192,192,239,253,234,192,192,57,0,0,0,0,0,0,0,0,0,0,0,0,0,10,229,253,253,253,253,253,253,253,253,253,253,253,253,183,7,0,0,0,0,0,0,0,0,0,0,0,0,114,253,253,253,253,253,253,253,233,172,172,198,253,253,253,24,0,0,0,0,0,0,0,0,0,0,0,0,136,253,253,253,253,253,253,104,32,0,0,124,253,253,219,16,0,0,0,0,0,0,0,0,0,0,0,3,179,253,253,253,240,160,76,11,0,0,65,246,253,253,109,0,0,0,0,0,0,0,0,0,0,0,0,7,253,253,253,117,26,0,0,0,25,133,232,253,253,171,4,0,0,0,0,0,0,0,0,0,0,0,0,7,253,253,253,163,39,0,73,133,235,253,253,253,62,15,0,0,0,0,0,0,0,0,0,0,0,0,0,1,144,253,253,253,242,236,248,253,253,253,220,42,3,0,0,0,0,0,0,0,0,0,0,0,0,0,0,0,13,202,253,253,253,253,253,253,253,221,96,0,0,0,0,0,0,0,0,0,0,0,0,0,0,0,0,0,0,83,253,253,253,253,253,226,129,34,0,0,0,0,0,0,0,0,0,0,0,0,0,0,0,0,0,0,0,0,0,0,0,0,0,0,0,0,0,0,0,0,0,0,0,0,0,0,0,0,0,0,0,0,0,0,0,0,0,0,0,0,0,0,0,0,0,0,0,0,0,0,0,0,0,0,0,0,0,0,0,0,0,0,0,0,0,0,0,0,0,0,0,0,0,0,0,0,0,0,0,0,0,0,0,0,0,0,0,0,0,0,0,0,0,0,0,0,0,0,0,0,0,0,0,0,0,0,0,0,0,0,0,0
4,0,0,0,0,0,0,0,0,0,0,0,0,0,0,0,0,0,0,0,0,0,0,0,0,0,0,0,0,0,0,0,0,0,0,0,0,0,0,0,0,0,0,0,0,0,0,0,0,0,0,0,0,0,0,0,0,0,0,0,0,0,0,0,0,0,0,0,0,0,0,0,0,0,0,0,0,0,0,0,0,0,0,0,0,0,0,0,0,0,0,0,0,0,0,0,0,0,0,0,0,0,0,0,0,0,0,0,0,0,0,0,0,0,0,0,0,0,0,0,0,0,0,0,0,0,0,0,0,0,0,0,0,0,0,0,0,0,0,0,0,0,0,0,0,0,0,0,0,0,0,83,44,0,0,0,0,0,0,0,26,211,239,51,0,0,0,0,0,0,0,0,0,0,0,0,0,29,205,248,219,0,0,0,0,0,0,0,110,252,252,161,0,0,0,0,0,0,0,0,0,0,0,0,0,67,252,252,249,95,0,0,0,0,0,25,211,252,252,238,0,0,0,0,0,0,0,0,0,0,0,0,0,179,252,252,252,106,0,0,0,0,0,67,252,252,243,93,0,0,0,0,0,0,0,0,0,0,0,0,64,241,252,252,231,22,0,0,0,0,0,67,252,252,225,0,0,0,0,0,0,0,0,0,0,0,0,0,81,252,252,243,108,0,0,0,0,0,0,96,252,252,225,0,0,0,0,0,0,0,0,0,0,0,0,15,178,252,252,212,0,0,0,0,0,0,0,200,252,252,204,0,0,0,0,0,0,0,0,0,0,0,12,180,252,252,252,212,0,0,0,0,0,0,51,233,252,252,93,0,0,0,0,0,0,0,0,0,0,0,114,252,252,252,252,235,54,0,0,0,0,5,159,252,252,221,39,0,0,0,0,0,0,0,0,0,0,64,246,252,252,252,252,252,176,133,63,0,57,177,252,252,252,79,0,0,0,0,0,0,0,0,0,0,0,121,253,253,253,253,253,253,253,253,253,255,253,253,253,253,253,80,0,0,0,0,0,0,0,0,0,0,0,70,247,252,218,173,252,252,252,252,252,253,252,252,252,252,229,46,0,0,0,0,0,0,0,0,0,0,0,0,25,97,18,7,125,173,252,252,252,253,212,242,252,252,149,0,0,0,0,0,0,0,0,0,0,0,0,0,0,0,0,0,0,7,39,39,39,39,113,248,252,231,45,0,0,0,0,0,0,0,0,0,0,0,0,0,0,0,0,0,0,0,0,0,0,0,107,252,252,185,0,0,0,0,0,0,0,0,0,0,0,0,0,0,0,0,0,0,0,0,0,0,0,26,208,252,252,185,0,0,0,0,0,0,0,0,0,0,0,0,0,0,0,0,0,0,0,0,0,0,0,211,252,252,252,185,0,0,0,0,0,0,0,0,0,0,0,0,0,0,0,0,0,0,0,0,0,0,0,253,252,252,252,171,0,0,0,0,0,0,0,0,0,0,0,0,0,0,0,0,0,0,0,0,0,0,0,246,252,252,198,22,0,0,0,0,0,0,0,0,0,0,0,0,0,0,0,0,0,0,0,0,0,0,0,57,175,132,19,0,0,0,0,0,0,0,0,0,0,0,0,0,0,0,0,0,0,0,0,0,0,0,0,0,0,0,0,0,0,0,0,0,0,0,0,0,0,0,0,0,0,0,0,0,0,0,0,0,0,0,0,0,0,0,0,0,0,0,0,0,0,0,0,0,0,0,0,0,0,0,0,0,0,0,0,0,0,0,0,0,0,0,0,0,0,0,0,0,0,0,0,0,0
9,0,0,0,0,0,0,0,0,0,0,0,0,0,0,0,0,0,0,0,0,0,0,0,0,0,0,0,0,0,0,0,0,0,0,0,0,0,0,0,0,0,0,0,0,0,0,0,0,0,0,0,0,0,0,0,0,0,0,0,0,0,0,0,0,0,0,0,0,0,0,0,0,0,0,0,0,0,0,0,0,0,0,0,0,0,0,0,0,0,0,0,0,0,0,0,0,0,0,0,0,0,0,0,0,0,0,0,0,0,0,0,0,0,0,0,0,0,0,0,0,0,0,0,0,0,0,0,0,0,0,0,0,0,0,0,0,0,0,0,0,0,0,0,0,0,0,0,0,0,0,0,0,0,0,0,0,0,0,0,0,0,0,0,0,0,0,0,0,0,0,0,0,0,0,0,0,0,0,0,0,0,0,0,0,0,0,0,0,0,0,0,0,0,0,0,0,0,0,0,0,0,0,0,0,0,0,12,49,110,118,199,254,254,254,198,61,0,0,0,0,0,0,0,0,0,0,0,0,0,0,0,0,55,156,224,254,254,254,158,183,242,254,254,197,0,0,0,0,0,0,0,0,0,0,0,0,0,0,23,161,252,253,247,131,110,91,0,0,24,93,166,252,46,0,0,0,0,0,0,0,0,0,0,0,0,14,181,254,207,68,0,0,0,0,0,0,0,0,35,254,115,125,29,0,0,0,0,0,0,0,0,0,0,84,254,179,8,0,0,0,0,0,0,0,0,27,138,254,254,254,151,0,0,0,0,0,0,0,0,0,0,161,252,49,0,0,0,0,0,8,27,83,124,246,248,177,221,254,55,0,0,0,0,0,0,0,0,0,0,61,254,227,134,90,79,130,173,229,254,254,252,139,36,47,242,205,6,0,0,0,0,0,0,0,0,0,0,1,104,196,252,252,224,212,151,144,89,118,18,0,6,166,254,66,0,0,0,0,0,0,0,0,0,0,0,0,0,0,26,26,8,0,0,0,0,0,0,0,65,254,191,3,0,0,0,0,0,0,0,0,0,0,0,0,0,0,0,0,0,0,0,0,0,0,0,15,231,254,87,0,0,0,0,0,0,0,0,0,0,0,0,0,0,0,0,0,0,0,0,0,0,0,2,167,255,128,0,0,0,0,0,0,0,0,0,0,0,0,0,0,0,0,0,0,0,0,0,0,0,3,109,254,188,3,0,0,0,0,0,0,0,0,0,0,0,0,0,0,0,0,0,0,0,0,0,0,0,107,254,200,17,0,0,0,0,0,0,0,0,0,0,0,0,0,0,0,0,0,0,0,0,0,0,0,52,232,221,32,0,0,0,0,0,0,0,0,0,0,0,0,0,0,0,0,0,0,0,0,0,0,0,47,247,215,47,0,0,0,0,0,0,0,0,0,0,0,0,0,0,0,0,0,0,0,0,0,0,0,76,235,235,51,0,0,0,0,0,0,0,0,0,0,0,0,0,0,0,0,0,0,0,0,0,0,0,68,233,237,49,0,0,0,0,0,0,0,0,0,0,0,0,0,0,0,0,0,0,0,0,0,0,0,39,210,234,31,0,0,0,0,0,0,0,0,0,0,0,0,0,0,0,0,0,0,0,0,0,0,0,20,226,215,51,0,0,0,0,0,0,0,0,0,0,0,0,0,0,0,0,0,0,0,0,0,0,0,10,216,237,49,0,0,0,0,0,0,0,0,0,0,0,0,0,0,0,0,0,0,0,0,0,0,0,0,0,0,0,0,0,0,0,0,0,0,0,0,0,0,0,0,0,0,0,0
